00252W104,0.0031162743,0.004795184,2.3984423E-4,0.0,0.0,0.0,0.0,0.0,0.0,-0.046288546,-0.05878255,-0.001784858,0.0,0.0,0.0,0.0,0.0,0.0
,0.0,0.0,0.0,0.0,0.0,0.0,0.0,0.0,0.0,0.0,0.0,0.0,0.0,0.0,0.0,0.0,0.0,0.0
00439T206,0.017066533,NaN,NaN,0.0,0.0,0.0,NaN,0.006023683,NaN,0.018753145,NaN,NaN,0.0,0.0,0.0,NaN,0.0010036859,NaN
004724100,0.0038782943,0.0079113655,5.76153E-4,0.0,0.0,0.0,0.0,0.0,0.0,0.026420197,0.026455019,4.974593E-6,0.0,0.0,0.0,0.0,0.0,0.0
000973107,0.029114245,0.016658582,-0.0017793804,0.0,0.0,0.0,0.0,0.0,0.0,0.0090106,-0.027202042,-0.0051732347,0.0,0.0,0.0,0.0,0.0,0.0
00503U105,NaN,-0.017191676,NaN,0.0,0.0,0.0,0.0,0.0,0.0,NaN,-0.010391148,NaN,0.0,0.0,0.0,0.0,0.0,0.0
006847107,-0.016257199,-0.0062421164,0.0014307259,0.0,0.0,0.0,0.0,0.0,0.0,-0.0069368645,0.012203961,0.0027344036,0.0,0.0,0.0,0.0,0.0,0.0
006848105,0.0142315505,0.014628142,5.6655943E-5,0.0,0.0,0.0,0.0,0.0,0.0,-0.02518264,-0.01004564,0.0021624286,0.0,0.0,0.0,0.0,0.0,0.0
31865X106,-0.029782504,-0.029486254,4.2321426E-5,0.0,0.0,0.0,0.0,0.0,0.0,0.022256002,0.0167288,-7.896003E-4,0.0,0.0,0.0,0.0,0.0,0.0
008494106,0.008961618,-0.029914618,-0.005553748,0.0,0.0,0.0,0.0,0.0,0.0,-0.0040183677,-0.00979904,-8.258103E-4,0.0,0.0,0.0,0.0,0.0,0.0
009114109,-0.011268436,-0.00409337,0.0010250094,0.0,0.0,0.0,0.0,0.0,0.0,0.0062676542,0.035993896,0.004246606,0.0,0.0,0.0,0.0,0.0,0.0
867071102,NaN,-0.021529991,NaN,8.49374E-4,0.013114481,0.0012265107,0.0,0.0,0.0,NaN,0.054229505,NaN,0.050160892,0.03345118,-0.0016709712,0.0,0.0,0.0
018593103,0.019189263,-0.017897153,-0.0052980594,0.0,0.0,0.0,0.0,0.0,0.0,NaN,NaN,NaN,0.0,0.0,0.0,0.0,0.0,0.0
019223106,0.031114226,0.022390485,-0.0012462487,0.0,0.0,0.0,0.0,0.0,0.0,0.046483897,0.051133644,6.642496E-4,0.0,0.0,0.0,0.0,0.0,0.0
019411107,-0.05294172,-0.014655561,0.0054694517,0.0,0.0,0.0,0.0,0.0,0.0,0.037356585,0.036526456,-1.1858983E-4,0.0,0.0,0.0,0.0,0.0,0.0
02146C104,0.006402236,0.004548455,-2.6482582E-4,0.0,0.0,0.0,0.0,0.0,0.0,0.009116436,0.008300687,-1.1653559E-4,0.0,0.0,0.0,0.0,0.0,0.0
625440102,0.011667038,-0.027974045,-0.0056630117,NaN,0.022351375,NaN,0.02308023,0.013737032,-0.0011678997,0.027876616,0.03567918,0.0011146521,NaN,9.515238E-4,NaN,0.019579438,0.020600287,1.276061E-4
023006109,NaN,0.012886904,NaN,-0.003933608,NaN,NaN,0.0,0.0,0.0,NaN,0.0028339892,NaN,-0.034499846,NaN,NaN,0.0,0.0,0.0
023395106,0.02135662,NaN,NaN,0.0,0.0,0.0,0.0,0.0,0.0,-0.20783117,NaN,NaN,0.0,0.0,0.0,0.0,0.0,0.0
023426703,0.035916977,-0.035753254,-0.010238605,0.012642875,NaN,NaN,0.016793938,0.02499187,0.0011711331,0.041318204,0.043462753,3.0636415E-4,0.041923374,NaN,NaN,0.04210273,0.03307473,-0.0012897147
023586100,0.015915724,0.008166245,-0.0011070684,0.029564543,NaN,NaN,0.029381754,0.036506146,0.0010177704,0.036935702,0.042009223,7.2478876E-4,0.05088203,NaN,NaN,0.0401292,0.031937514,-0.0011702409
90341W108,0.03081421,-0.0059313294,-0.005249363,0.0043638935,0.055283524,0.0039168946,0.035275236,0.04715491,0.0016970964,0.023101032,0.018146843,-7.077413E-4,0.031637408,0.027316155,-3.3240407E-4,0.027275713,0.02117213,-8.719404E-4
024490302,0.020296456,NaN,NaN,0.0,0.0,0.0,0.0,0.0,0.0,0.013597383,NaN,NaN,0.0,0.0,0.0,0.0,0.0,0.0
024928103,0.007487344,-0.013973739,-0.003065869,0.0,0.0,0.0,0.0,0.0,0.0,0.025861485,0.033215355,0.0010505529,0.0,0.0,0.0,0.0,0.0,0.0
02553G101,0.005365465,-0.019960552,-0.0036180024,0.0,0.0,0.0,0.0,0.0,0.0,0.008374612,0.032213137,0.0034055035,0.0,0.0,0.0,0.0,0.0,0.0
026496208,0.028377974,0.022117922,-8.942932E-4,0.0036588013,0.020189496,0.0018367438,0.024325058,0.027546009,4.601359E-4,0.034451492,0.02750368,-9.925446E-4,0.025847295,0.0314737,6.251561E-4,0.037783314,0.04477564,9.989036E-4
026652107,0.028059803,NaN,NaN,0.0,0.0,0.0,0.0,0.0,0.0,0.022616142,NaN,NaN,0.0,0.0,0.0,0.0,0.0,0.0
028816106,0.0033139791,NaN,NaN,0.0,0.0,0.0,0.0,0.0,0.0,0.027614798,NaN,NaN,0.0,0.0,0.0,0.0,0.0,0.0
029318300,0.035787895,-0.001346459,-0.0053049074,0.0,0.0,0.0,0.0,0.0,0.0,3.107218E-4,0.01830019,0.0025699239,0.0,0.0,0.0,0.0,0.0,0.0
030789507,0.015426733,-0.003784559,-0.0027444703,-0.03462186,-0.0038328413,0.003078902,0.022585852,0.021494858,-1.558563E-4,0.029611448,0.027624436,-2.8385888E-4,0.028740091,0.035199963,6.459871E-4,0.040259466,0.045144252,6.978267E-4
03113V109,0.015924355,NaN,NaN,0.0,0.0,0.0,0.0,0.0,0.0,-0.055973843,NaN,NaN,0.0,0.0,0.0,0.0,0.0,0.0
03237E108,0.04623419,NaN,NaN,0.0,0.0,0.0,0.10921488,NaN,NaN,9.1570715E-4,NaN,NaN,0.0,0.0,0.0,-0.01733457,NaN,NaN
001813104,0.05216574,0.05037575,-2.5571298E-4,0.0,0.0,0.0,0.0,0.0,0.0,0.045848854,0.036795605,-0.0012933213,0.0,0.0,0.0,0.0,0.0,0.0
03304B300,0.031726327,0.0080251265,-0.0033858859,0.0,0.0,0.0,NaN,0.03718576,NaN,0.026330171,0.03269821,9.097199E-4,0.0,0.0,0.0,NaN,0.02777251,NaN
G6359F103,0.0361695,0.016040377,-0.0028755888,-4.0294701E-4,0.018632,0.0021149942,0.018144602,-0.0072162445,-0.0036229782,0.04170246,0.019154228,-0.003221176,0.013330684,0.006002459,-8.142472E-4,-0.0048813773,5.604088E-4,7.7739806E-4
381119106,-0.009853016,-0.011121906,-1.812701E-4,0.0,0.0,0.0,NaN,-0.09484729,NaN,-0.02282763,-0.022969302,-2.0238704E-5,0.0,0.0,0.0,NaN,-0.013915931,NaN
038196101,0.02773878,0.017100206,-0.0015197963,0.0,0.0,0.0,0.0,0.0,0.0,0.013011897,0.011859848,-1.645784E-4,0.0,0.0,0.0,0.0,0.0,0.0
038213104,-0.07241599,-0.13467747,-0.008894497,0.0,0.0,0.0,0.0,0.0,0.0,0.018727746,0.023372179,6.6349044E-4,0.0,0.0,0.0,0.0,0.0,0.0
001937101,0.022665925,0.009241869,-0.0019177224,0.0,0.0,0.0,0.0,0.0,0.0,0.028472468,0.02587462,-3.7112113E-4,0.0,0.0,0.0,0.0,0.0,0.0
G04397108,0.033784144,0.0031835095,-0.004371519,0.0,0.0,0.0,0.0,0.0,0.0,0.02752882,0.012855227,-0.0020962276,0.0,0.0,0.0,0.0,0.0,0.0
90341G103,0.04911517,0.042264104,-9.787238E-4,0.0,0.0,0.0,NaN,0.0830351,NaN,0.019123385,0.019575743,6.462261E-5,0.0,0.0,0.0,NaN,0.05364177,NaN
042384107,0.031264625,NaN,NaN,0.020730576,NaN,NaN,0.0,0.0,0.0,0.03005597,NaN,NaN,0.017920148,NaN,NaN,0.0,0.0,0.0
G05330108,-0.011212229,NaN,NaN,0.0,0.0,0.0,0.0,0.0,0.0,0.0061575836,NaN,NaN,0.0,0.0,0.0,0.0,0.0,0.0
04544X300,0.004209117,0.009397586,6.485586E-4,0.0,0.0,0.0,0.0,0.0,0.0,0.0069234036,0.008324717,1.751642E-4,0.0,0.0,0.0,0.0,0.0,0.0
04648X107,0.017315844,-0.011931181,-0.0041781464,0.0,0.0,0.0,0.0,0.0,0.0,-0.009977348,-0.0118314205,-2.6486747E-4,0.0,0.0,0.0,0.0,0.0,0.0
045919107,-0.008479942,-0.11321353,-0.014961941,0.0,0.0,0.0,0.0,0.0,0.0,-0.065190315,-0.071697906,-9.296558E-4,0.0,0.0,0.0,0.0,0.0,0.0
04649A106,-0.018190233,-0.016367491,2.6039168E-4,0.0,0.0,0.0,0.0,0.0,0.0,0.014601106,0.03256077,0.0025656663,0.0,0.0,0.0,0.0,0.0,0.0
37990V204,0.014023162,-0.0038741112,-0.0025567536,0.0,0.0,0.0,0.0,0.0,0.0,0.026414888,0.03672932,0.0014734904,0.0,0.0,0.0,0.0,0.0,0.0
046613105,0.0030997898,NaN,NaN,0.0,0.0,0.0,0.0,0.0,0.0,NaN,NaN,NaN,0.0,0.0,0.0,0.0,0.0,0.0
050727106,0.016907448,NaN,NaN,0.0,0.0,0.0,0.0,0.0,0.0,0.05120438,NaN,NaN,0.0,0.0,0.0,0.0,0.0,0.0
05164B106,0.017361257,0.026127843,0.0012523694,0.0,0.0,0.0,0.0,0.0,0.0,0.041113257,0.03591722,-7.422912E-4,0.0,0.0,0.0,0.0,0.0,0.0
05873K108,0.066805884,0.25723907,0.02720474,0.0,0.0,0.0,0.0,0.0,0.0,0.030432655,0.029614734,-1.1684586E-4,0.0,0.0,0.0,0.0,0.0,0.0
069744100,-4.50783E-4,-0.051096026,-0.007235035,0.0,0.0,0.0,0.0,0.0,0.0,0.046239883,0.022772191,-0.0033525273,0.0,0.0,0.0,0.0,0.0,0.0
074002205,-0.010528013,0.024839692,0.0050525293,0.0,0.0,0.0,0.0,0.0,0.0,0.03321864,-0.03664659,-0.009980747,0.0,0.0,0.0,0.0,0.0,0.0
077266104,0.027622396,NaN,NaN,0.0,0.0,0.0,0.0,0.0,0.0,0.0072771483,NaN,NaN,0.0,0.0,0.0,0.0,0.0,0.0
087509105,0.013180495,-0.009577726,-0.0032511745,-0.016453024,NaN,NaN,0.0,0.0,0.0,0.026363393,0.0139112985,-0.0017788707,0.0130458465,NaN,NaN,0.0,0.0,0.0
091250100,0.019704584,0.033797108,0.0020132177,0.0,0.0,0.0,0.0,0.0,0.0,0.017563425,0.013305335,-6.082985E-4,0.0,0.0,0.0,0.0,0.0,0.0
055607105,0.021556437,NaN,NaN,0.0,0.0,0.0,0.0,0.0,0.0,0.02752751,NaN,NaN,0.0,0.0,0.0,0.0,0.0,0.0
099541203,0.029413221,-0.023051979,-0.0074950284,0.0,0.0,0.0,0.0,0.0,0.0,-0.046538815,-0.047470402,-1.3308387E-4,0.0,0.0,0.0,0.0,0.0,0.0
100578103,0.03296305,-0.014350312,-0.0067590517,0.0,0.0,0.0,0.0,0.0,0.0,0.018150777,0.02687117,0.0012457706,0.0,0.0,0.0,0.0,0.0,0.0
104499207,-0.019885035,0.024372043,0.0063224398,-0.021351844,NaN,NaN,0.0,0.0,0.0,0.043386474,0.054678906,0.0016132045,0.030216128,NaN,NaN,0.0,0.0,0.0
105423404,0.013535533,-0.05013729,-0.009096118,-0.14196984,NaN,NaN,0.0,0.0,0.0,-0.011237282,0.017053148,0.00404149,0.019946773,NaN,NaN,0.0,0.0,0.0
105425102,NaN,0.008882715,NaN,0.0,0.0,0.0,0.0,0.0,0.0,NaN,0.020321377,NaN,0.0,0.0,0.0,0.0,0.0,0.0
106702103,NaN,0.007818656,NaN,0.0,0.0,0.0,0.0,0.0,0.0,NaN,0.011805648,NaN,0.0,0.0,0.0,0.0,0.0,0.0
119003101,5.4350245E-4,0.025867965,0.0036177803,0.0,0.0,0.0,0.0,0.0,0.0,0.0399753,0.040784307,1.15572344E-4,0.0,0.0,0.0,0.0,0.0,0.0
120084108,0.017632687,6.242332E-4,-0.0024297792,0.0,0.0,0.0,0.0,0.0,0.0,0.043311656,0.046368964,4.3675836E-4,0.0,0.0,0.0,0.0,0.0,0.0
120113105,0.009205267,-0.016214617,-0.0036314118,0.0,0.0,0.0,0.0,0.0,0.0,0.048417233,0.049339484,1.3175022E-4,0.0,0.0,0.0,0.0,0.0,0.0
121693105,0.018560689,0.016642125,-2.7408052E-4,0.0,0.0,0.0,0.0,0.0,0.0,0.024889516,-0.018282177,-0.006167385,0.0,0.0,0.0,0.0,0.0,0.0
123164105,0.025525605,0.015917981,-0.0013725178,0.0,0.0,0.0,0.0,0.0,0.0,0.0407259,0.037045926,-5.257108E-4,0.0,0.0,0.0,0.0,0.0,0.0
12476P203,-0.006257586,-0.011348672,-7.2729803E-4,0.0,0.0,0.0,0.0,0.0,0.0,0.01756065,0.022483042,7.0319884E-4,0.0,0.0,0.0,0.0,0.0,0.0
128787108,0.050119136,0.034268558,-0.002264368,-0.010653918,NaN,NaN,0.0,0.0,0.0,-0.015636917,-0.089960575,-0.010617665,0.04041413,NaN,NaN,0.0,0.0,0.0
129915203,-0.0016315304,8.905893E-4,3.6030283E-4,-0.004016064,NaN,NaN,0.0,0.0,0.0,-0.043090604,-0.036644362,9.2089176E-4,-0.007109107,NaN,NaN,0.0,0.0,0.0
140909102,0.010599029,0.019245844,0.0012352593,0.0,0.0,0.0,0.0,0.0,0.0,0.019038185,0.023499575,6.373413E-4,0.0,0.0,0.0,0.0,0.0,0.0
140777103,NaN,0.0059399456,NaN,0.0,0.0,0.0,0.0,0.0,0.0,NaN,0.012109689,NaN,0.0,0.0,0.0,0.0,0.0,0.0
141602300,-0.014087759,-3.6277017E-4,0.0019607127,0.0,0.0,0.0,0.0,0.0,0.0,0.009404631,0.029184323,0.0028256702,0.0,0.0,0.0,0.0,0.0,0.0
141649301,0.031259816,-0.013610567,-0.006410055,0.0,0.0,0.0,0.024017448,0.0301572,8.771074E-4,0.03359153,0.025407556,-0.0011691393,0.0,0.0,0.0,0.009618292,0.030706009,0.003012531
141706309,0.020910367,-0.011398796,-0.0046155946,0.0,0.0,0.0,0.0,0.0,0.0,-0.0012511477,0.0060137054,0.0010378362,0.0,0.0,0.0,0.0,0.0,0.0
143436400,0.030581174,0.016237086,-0.0020491555,0.02088049,NaN,NaN,0.04660313,0.046824135,3.1572366E-5,0.013564377,-9.775808E-4,-0.0020774226,-0.0018885386,NaN,NaN,0.03718903,0.03508924,-2.9996995E-4
111572103,0.025006978,0.01090899,-0.0020139983,0.013054881,0.013100276,7.565754E-6,0.023255816,0.012988995,-0.0014666887,0.03213324,0.028916238,-4.5957178E-4,0.027236428,0.02771985,8.0570266E-5,0.03188527,0.032722205,1.1956213E-4
148710106,0.017816497,0.028274836,0.0014940484,0.0,0.0,0.0,0.0,0.0,0.0,0.05485013,0.07097237,0.0023031768,0.0,0.0,0.0,0.0,0.0,0.0
15115M101,-0.05672582,-0.058279216,-2.2191394E-4,0.0,0.0,0.0,0.0,0.0,0.0,0.014701221,0.013639792,-1.5163275E-4,0.0,0.0,0.0,0.0,0.0,0.0
125185108,-0.00482331,-0.014154353,-0.0013330063,0.012344837,NaN,NaN,0.0,0.0,0.0,0.04429828,0.026809864,-0.0024983452,0.009951362,NaN,NaN,0.0,0.0,0.0
158496109,0.008536226,-0.0135469595,-0.003154741,0.0,0.0,0.0,0.0,0.0,0.0,0.0019707014,-0.01745295,-0.0027748072,0.0,0.0,0.0,0.0,0.0,0.0
16115Q308,0.009702186,-7.76959E-4,-0.0014970207,0.0,0.0,0.0,0.0,0.0,0.0,0.011007422,0.02390107,0.0018419496,0.0,0.0,0.0,0.0,0.0,0.0
847807104,0.034256637,0.05883469,0.0035111506,0.048679035,0.019469157,-0.0029209878,0.035067886,0.004138612,-0.0044184676,0.025794191,0.0207461,-7.211558E-4,0.051866952,0.033964742,-0.0017902211,0.0033273075,0.053475935,0.00716409
559079207,0.02574035,0.029168468,4.897312E-4,0.0,0.0,0.0,0.02489684,0.037196167,0.0017570468,0.009879007,0.02101928,0.0015914675,0.0,0.0,0.0,0.011138126,0.019412661,0.0011820764
163893209,NaN,0.007180157,NaN,0.0,0.0,0.0,NaN,0.024373498,NaN,NaN,0.031047823,NaN,0.0,0.0,0.0,NaN,-0.027849989,NaN
165159104,0.022797296,0.01504698,-0.0011071879,0.0,0.0,0.0,0.0473893,0.029061439,-0.0026182658,0.018526323,0.02114162,3.7361388E-4,0.0,0.0,0.0,0.037491996,0.025874455,-0.0016596487
168710101,-0.014513509,-0.057592064,-0.0061540795,0.0,0.0,0.0,0.0,0.0,0.0,0.029690305,0.03872754,0.0012910337,0.0,0.0,0.0,0.0,0.0,0.0
170032809,0.017686663,0.017184839,-7.168922E-5,0.0,0.0,0.0,0.009808823,0.013416399,5.153681E-4,0.014410979,0.017220428,4.0134988E-4,0.0,0.0,0.0,0.026126862,0.012093576,-0.0020047552
12542A206,0.01438707,NaN,NaN,0.0,0.0,0.0,0.0,0.0,0.0,0.28284362,NaN,NaN,0.0,0.0,0.0,0.0,0.0,0.0
172585101,0.03446731,0.026913067,-0.0010791775,0.0050984332,0.017989334,0.0010742417,NaN,0.07100406,NaN,0.036031183,0.048656233,0.0018035786,0.04187057,0.03518071,-5.5748847E-4,NaN,0.04379218,NaN
172737108,0.019134307,-0.01633559,-0.005067128,0.0,0.0,0.0,0.0,0.0,0.0,0.028333172,0.05142006,0.0032981266,0.0,0.0,0.0,0.0,0.0,0.0
180461105,-0.033338193,NaN,NaN,0.0,0.0,0.0,0.0,0.0,0.0,-0.030564845,NaN,NaN,0.0,0.0,0.0,0.0,0.0,0.0
182728204,0.023200663,0.02198933,-1.7304745E-4,0.0,0.0,0.0,0.0,0.0,0.0,-0.025364883,-0.027535614,-3.1010434E-4,0.0,0.0,0.0,0.0,0.0,0.0
192481208,0.0067232605,-0.31939796,-0.046588745,0.0,0.0,0.0,0.0,0.0,0.0,0.006447838,-0.013641953,-0.00286997,0.0,0.0,0.0,0.0,0.0,0.0
194830204,0.03803603,0.021271937,-0.0023948704,0.0,0.0,0.0,0.0,0.0,0.0,0.01575214,0.02144395,8.131157E-4,0.0,0.0,0.0,0.0,0.0,0.0
20452C104,0.008180589,NaN,NaN,0.0,0.0,0.0,0.0,0.0,0.0,0.015413856,NaN,NaN,0.0,0.0,0.0,0.0,0.0,0.0
206814105,0.026518673,0.030985588,6.3813076E-4,0.0,0.0,0.0,0.0,0.0,0.0,0.025812658,0.03297813,0.0010236388,0.0,0.0,0.0,0.0,0.0,0.0
209232107,0.01229581,-0.027158985,-0.005636399,0.0,0.0,0.0,0.0,0.0,0.0,0.03338955,0.028608527,-6.830032E-4,0.0,0.0,0.0,0.0,0.0,0.0
21036U206,0.024422558,0.022071121,-3.3591953E-4,0.018277636,NaN,NaN,NaN,0.027645402,NaN,0.034186397,0.021372734,-0.0018305233,0.0080070095,NaN,NaN,NaN,0.032596186,NaN
21099Y004,0.00901261,0.003476393,-7.908881E-4,0.02066795,0.042247172,0.0017982685,0.0,0.0,0.0,0.013640032,0.006267653,-0.0010531971,0.035127867,0.018301472,-0.0014021996,0.0,0.0,0.0
211496104,0.053531747,0.042976856,-0.0015078416,0.0,0.0,0.0,0.0,0.0,0.0,0.03435953,-0.005469551,-0.0056898682,0.0,0.0,0.0,0.0,0.0,0.0
211914403,-0.07255587,-0.06004789,0.0017868541,0.0,0.0,0.0,0.0,0.0,0.0,-0.028920438,-0.040087484,-0.0015952922,0.0,0.0,0.0,0.0,0.0,0.0
216245100,0.013594187,-0.020704573,-0.004287345,-0.040234838,-0.021630088,0.0026578214,-0.020632582,NaN,NaN,0.048494447,0.04749559,-1.248573E-4,0.03226972,0.033272255,1.4321932E-4,0.022987938,NaN,NaN
22161G103,-0.024640486,-0.07650762,-0.0074095908,0.0,0.0,0.0,0.0,0.0,0.0,0.006447838,-0.013641953,-0.00286997,0.0,0.0,0.0,0.0,0.0,0.0
222814204,-0.054607738,-0.10301601,-0.006915468,0.0,0.0,0.0,-0.037905347,-0.042451963,-6.495166E-4,0.006289438,6.222946E-4,-8.095919E-4,0.0,0.0,0.0,0.028046468,0.04167057,0.0019463
228439105,0.013929993,0.005632328,-0.0011853807,0.0,0.0,0.0,0.0,0.0,0.0,0.02702991,0.024392098,-3.7683014E-4,0.0,0.0,0.0,0.0,0.0,0.0
228622106,0.023764445,NaN,NaN,0.0,0.0,0.0,0.0,0.0,0.0,0.028826654,NaN,NaN,0.0,0.0,0.0,0.0,0.0,0.0
229241104,0.044872586,0.063178465,0.002288235,0.0,0.0,0.0,0.062856875,0.03611023,-0.0038209495,0.011248632,-0.038571186,-0.0062274775,0.0,0.0,0.0,0.010736894,-0.0047371387,-0.002210576
126419100,-0.025311453,0.0010089285,0.0037600545,0.0,0.0,0.0,0.0,0.0,0.0,-0.023972124,-0.03452991,-0.0015082551,0.0,0.0,0.0,0.0,0.0,0.0
23380G106,0.038718328,-0.0062993034,-0.00643109,0.0,0.0,0.0,0.0,0.0,0.0,0.056387994,0.037769824,-0.0026597385,0.0,0.0,0.0,0.0,0.0,0.0
234050102,0.023470502,-0.01528069,-0.0055358848,0.0,0.0,0.0,0.0,0.0,0.0,-0.03074473,-0.025199024,7.9224363E-4,0.0,0.0,0.0,0.0,0.0,0.0
234053106,0.02477782,-0.0018010559,-0.0037969823,0.0,0.0,0.0,0.0,0.0,0.0,0.027953591,0.018856985,-0.0012995151,0.0,0.0,0.0,0.0,0.0,0.0
235774106,0.03220613,0.002134256,-0.004295982,0.0,0.0,0.0,0.0,0.0,0.0,0.02950441,0.028851604,-9.325812E-5,0.0,0.0,0.0,0.0,0.0,0.0
235825205,0.0163124,0.004324246,-0.0017125934,0.0,0.0,0.0,0.0,0.0,0.0,0.0045138034,0.027648395,0.0033049416,0.0,0.0,0.0,0.0,0.0,0.0
240028308,0.06345124,0.039415237,-0.0034337144,0.0,0.0,0.0,0.0,0.0,0.0,0.040242653,0.05385101,0.0019440508,0.0,0.0,0.0,0.0,0.0,0.0
233162502,0.0059606154,-0.012541141,-0.0026431081,0.0,0.0,0.0,0.0033596123,0.012070727,0.001244445,-0.01206544,0.019209124,0.004467795,0.0,0.0,0.0,0.03019525,0.030539125,4.9125138E-5
241209105,NaN,0.04851922,NaN,0.0,0.0,0.0,0.0,0.0,0.0,NaN,0.03146759,NaN,0.0,0.0,0.0,0.0,0.0,0.0
243458106,0.03867267,0.027487075,-0.0015979422,0.0,0.0,0.0,0.0,0.0,0.0,-0.038456615,-0.049299058,-0.0015489204,0.0,0.0,0.0,0.0,0.0,0.0
247361702,0.0040907674,-0.012751709,-0.0024060681,0.0,0.0,0.0,0.011341654,0.005864842,-7.824017E-4,0.036697373,0.027445437,-0.0013217051,0.0,0.0,0.0,0.015419343,0.020170901,6.7879405E-4
255374100,-0.0033542768,-0.009331901,-8.539463E-4,0.0,0.0,0.0,0.0,0.0,0.0,0.009862172,0.010621296,1.08446264E-4,0.0,0.0,0.0,0.0,0.0,0.0
255402406,-0.10947094,-0.051132128,0.008334116,0.0,0.0,0.0,0.0,0.0,0.0,-0.056630276,-0.023348972,0.004754472,0.0,0.0,0.0,0.0,0.0,0.0
344822101,0.034035478,0.019866271,-0.0020241723,0.013775241,0.022435052,0.0014433019,0.021719452,0.019982476,-2.4813946E-4,0.04426303,0.03477199,-0.0013558631,0.03198803,0.025331223,-0.0011094675,0.011269391,0.033927727,0.0032369052
261528301,NaN,0.036382735,NaN,0.0,0.0,0.0,0.0,0.0,0.0,NaN,0.03542569,NaN,0.0,0.0,0.0,0.0,0.0,0.0
262175102,0.04042428,0.0018764297,-0.005506836,0.0,0.0,0.0,0.0,0.0,0.0,0.019335166,0.006284908,-0.0018643226,0.0,0.0,0.0,0.0,0.0,0.0
262497308,0.015117304,0.009271323,-8.3514024E-4,0.0,0.0,0.0,0.0,0.0,0.0,0.02710091,0.022578703,-6.460295E-4,0.0,0.0,0.0,0.0,0.0,0.0
265903104,0.02087754,NaN,NaN,0.0,0.0,0.0,0.0,0.0,0.0,0.024641732,NaN,NaN,0.0,0.0,0.0,0.0,0.0,0.0
267575108,0.025298707,0.019405207,-8.4192865E-4,0.0,0.0,0.0,0.0,0.0,0.0,0.023332112,0.025677752,3.3509146E-4,0.0,0.0,0.0,0.0,0.0,0.0
269514204,0.026515786,0.028261507,2.4938877E-4,0.0,0.0,0.0,0.033781532,NaN,NaN,0.035558578,0.038797505,4.6270393E-4,0.0,0.0,0.0,0.03573229,NaN,NaN
269524104,0.039519973,NaN,NaN,0.0,0.0,0.0,0.0,0.0,0.0,0.05599393,NaN,NaN,0.0,0.0,0.0,0.0,0.0,0.0
269803102,0.032919914,0.043550093,0.001518597,0.036607035,NaN,NaN,0.0,0.0,0.0,0.025687171,0.022913141,-3.9629E-4,0.037038404,NaN,NaN,0.0,0.0,0.0
071625107,0.019878564,0.021096786,1.7403172E-4,0.0,0.0,0.0,0.0,0.0,0.0,0.02365496,0.02785283,5.9969566E-4,0.0,0.0,0.0,0.0,0.0,0.0
279862106,0.015757512,-0.11200577,-0.01597041,0.0,0.0,0.0,0.0,0.0,0.0,0.031559236,-0.031208359,-0.007845949,0.0,0.0,0.0,0.0,0.0,0.0
280875303,0.035520013,0.015903853,-0.0028023086,0.008580768,0.012421396,5.4866116E-4,-0.0032131828,NaN,NaN,0.040338486,0.016641578,-0.0033852726,0.04510306,0.043895632,-1.7248945E-4,0.05674917,NaN,NaN
281067306,0.034537826,0.031323243,-4.592261E-4,0.042425767,NaN,NaN,0.05082087,0.025430007,-0.003627266,0.015822873,0.013557571,-3.236145E-4,0.022199143,NaN,NaN,0.021114442,0.018151911,-4.232188E-4
26874E107,0.00966678,0.017239723,0.0010818491,0.0,0.0,0.0,0.0,0.0,0.0,0.056679558,-0.20280343,-0.037068997,0.0,0.0,0.0,0.0,0.0,0.0
29255U104,0.027162204,0.014678899,-0.0017833292,0.0,0.0,0.0,0.0,0.0,0.0,-0.027881512,-0.11328115,-0.012199949,0.0,0.0,0.0,0.0,0.0,0.0
535763106,0.020880861,0.008607082,-0.001753397,0.0,0.0,0.0,0.0,0.0,0.0,0.0050213602,0.040001202,0.0049971202,0.0,0.0,0.0,0.0,0.0,0.0
57685E200,0.038201567,-0.004559814,-0.0061087687,0.0,0.0,0.0,0.0,0.0,0.0,0.04851221,0.05418702,8.10687E-4,0.0,0.0,0.0,0.0,0.0,0.0
295866107,0.019280065,-0.05073084,-0.010001557,-0.018707814,NaN,NaN,0.0,0.0,0.0,0.03572065,0.02992734,-8.276158E-4,0.0180473,NaN,NaN,0.0,0.0,0.0
297862104,-0.09551829,-0.10859718,-0.001868413,0.0,0.0,0.0,0.0,0.0,0.0,-0.027130097,-0.08362018,-0.008070013,0.0,0.0,0.0,0.0,0.0,0.0
299209106,0.016406074,0.022347173,8.4872835E-4,-0.002210911,NaN,NaN,0.0,0.0,0.0,0.022741131,0.028873116,8.7599776E-4,0.023266263,NaN,NaN,0.0,0.0,0.0
300072105,-0.015019392,0.035201594,0.007174426,0.0,0.0,0.0,0.0,0.0,0.0,0.014838737,4.016142E-4,-0.0020624462,0.0,0.0,0.0,0.0,0.0,0.0
302051206,0.024108348,0.00953619,-0.002081737,0.0,0.0,0.0,0.008413422,0.011856042,4.918029E-4,-0.03698952,-0.03240514,6.5491133E-4,0.0,0.0,0.0,-0.048037402,-0.04340576,6.616632E-4
302088109,-0.006302791,0.003009902,0.0013303848,0.0,0.0,0.0,0.0,0.0,0.0,-0.065190315,-0.071697906,-9.296558E-4,0.0,0.0,0.0,0.0,0.0,0.0
302723101,0.028065333,0.0022243217,-0.003691573,-0.10636983,NaN,NaN,0.0,0.0,0.0,0.020724215,-0.017463718,-0.005455419,-0.086042605,NaN,NaN,0.0,0.0,0.0
303698104,-0.03596573,0.02307016,0.008433699,0.0,0.0,0.0,0.0,0.0,0.0,0.04474311,0.036258392,-0.0012121025,0.0,0.0,0.0,0.0,0.0,0.0
305560302,0.04986748,0.020318704,-0.004221254,0.0,0.0,0.0,0.0,0.0,0.0,0.04872383,0.04304632,-8.110729E-4,0.0,0.0,0.0,0.0,0.0,0.0
306075102,0.022327127,0.015844708,-9.260598E-4,0.0,0.0,0.0,0.0,0.0,0.0,0.025493423,NaN,NaN,0.0,0.0,0.0,0.0,0.0,0.0
30701A106,0.024473289,-0.016967313,-0.005920086,0.0,0.0,0.0,0.0,0.0,0.0,0.025365857,0.014371561,-0.0015706138,0.0,0.0,0.0,0.0,0.0,0.0
313549404,0.02461489,NaN,NaN,0.012243951,NaN,NaN,0.024768487,0.014541879,-0.001460944,0.020288281,NaN,NaN,-0.08130224,NaN,NaN,0.012873459,0.009343568,-5.042701E-4
315646109,0.02884259,0.017447168,-0.0016279175,0.0,0.0,0.0,0.0,0.0,0.0,0.03084594,0.016535679,-0.0020443231,0.0,0.0,0.0,0.0,0.0,0.0
317832103,-0.0120425355,-0.004198071,0.0011206379,0.0,0.0,0.0,0.0,0.0,0.0,0.019789593,0.031864565,0.0017249959,0.0,0.0,0.0,0.0,0.0,0.0
317884203,0.023522995,NaN,NaN,0.0,0.0,0.0,0.0,0.0,0.0,0.03269421,NaN,NaN,0.0,0.0,0.0,0.0,0.0,0.0
G3529X106,5.681853E-4,-0.0015339861,-3.0031017E-4,0.0,0.0,0.0,0.0,0.0,0.0,-0.002688538,0.014601112,0.00246995,0.0,0.0,0.0,0.0,0.0,0.0
339099103,0.0017154766,-0.036395963,-0.0054444917,0.0,0.0,0.0,0.0,0.0,0.0,-0.013495478,-0.021723824,-0.001175478,0.0,0.0,0.0,0.0,0.0,0.0
339130106,0.02259706,0.025846047,4.641411E-4,0.0,0.0,0.0,0.0,0.0,0.0,0.029279923,0.029574119,4.202793E-5,0.0,0.0,0.0,0.0,0.0,0.0
339756108,0.018483285,-0.03415927,-0.007520365,0.0,0.0,0.0,0.0,0.0,0.0,0.027046546,0.054382917,0.0039051957,0.0,0.0,0.0,0.0,0.0,0.0
34407T104,0.007069353,-0.15077245,-0.022548828,0.0,0.0,0.0,0.0,0.0,0.0,0.03672932,0.025369985,-0.0016227623,0.0,0.0,0.0,0.0,0.0,0.0
344123203,0.028288815,NaN,NaN,0.0,0.0,0.0,0.0,0.0,0.0,0.024534931,NaN,NaN,0.0,0.0,0.0,0.0,0.0,0.0
344155205,-0.0057754708,-0.015511268,-0.001390828,0.0,0.0,0.0,0.0,0.0,0.0,0.0061575836,0.021654269,0.0022138122,0.0,0.0,0.0,0.0,0.0,0.0
345206205,0.056485593,-0.09182936,-0.021187851,0.0,0.0,0.0,0.09161964,NaN,NaN,0.01854305,-0.016842866,-0.0050551305,0.0,0.0,0.0,0.040855583,NaN,NaN
34659D104,0.027486697,0.023574771,-5.588465E-4,0.0,0.0,0.0,0.0,0.0,0.0,0.039678577,0.04310348,4.8927165E-4,0.0,0.0,0.0,0.0,0.0,0.0
349841304,-0.004467865,-0.007901694,-4.90547E-4,-0.0017976866,-0.010784997,-0.0017974621,0.012268546,0.024947688,0.001811306,0.03170884,0.041680012,0.0014244531,0.07262638,0.08232478,0.0019396797,0.029680643,0.0054846825,-0.003456566
302543103,-3.065467E-4,0.027250716,0.0039367517,0.0,0.0,0.0,0.0,0.0,0.0,-0.010849664,-0.019589989,-0.0012486178,0.0,0.0,0.0,0.0,0.0,0.0
358321206,0.010575055,0.0062665655,-6.154985E-4,-0.17716768,NaN,NaN,0.0,0.0,0.0,0.025205828,0.021975186,-4.6152037E-4,0.010630775,NaN,NaN,0.0,0.0,0.0
358430106,-0.011619855,-0.019480696,-0.0011229774,0.0,0.0,0.0,0.0,0.0,0.0,0.02351161,0.030005878,9.277524E-4,0.0,0.0,0.0,0.0,0.0,0.0
359059102,0.0063168593,-0.001822345,-0.0011627434,0.0,0.0,0.0,0.0,0.0,0.0,0.029602895,0.017645389,-0.0017082151,0.0,0.0,0.0,0.0,0.0,0.0
359076106,0.0105365105,NaN,NaN,0.0,0.0,0.0,0.0,0.0,0.0,0.038624022,NaN,NaN,0.0,0.0,0.0,0.0,0.0,0.0
G3682L105,0.029386157,0.0018847262,-0.003928776,0.0,0.0,0.0,0.0,0.0,0.0,0.031621993,0.024749497,-9.817851E-4,0.0,0.0,0.0,0.0,0.0,0.0
36352K103,0.030051002,0.015867388,-0.0020262306,0.0,0.0,0.0,0.0,0.0,0.0,0.01647837,0.01813601,2.3680553E-4,0.0,0.0,0.0,0.0,0.0,0.0
368145108,0.023296416,0.024088206,1.1311285E-4,0.0,0.0,0.0,0.017709283,0.027798217,0.0014412763,0.059772268,0.041834537,-0.002562533,0.0,0.0,0.0,0.042485636,0.040918186,-2.2392135E-4
36155Q109,-0.010837342,3.198747E-4,0.001593888,-0.00566106,NaN,NaN,0.0,0.0,0.0,0.0114811985,-0.0038925745,-0.0021962533,-0.0033050051,NaN,NaN,0.0,0.0,0.0
370054207,-0.01922433,0.0020494722,0.0030391146,0.0,0.0,0.0,0.0,0.0,0.0,0.013560322,0.010488171,-4.3887872E-4,0.0,0.0,0.0,0.0,0.0,0.0
37045V100,0.008281671,-0.008984371,-0.0024665776,NaN,0.014816628,NaN,0.030033536,0.028090954,-2.7751178E-4,0.03336448,0.013876069,-0.0027840585,NaN,0.010413858,NaN,0.016668288,0.019080162,3.4455344E-4
64015Y104,0.022451809,0.019239662,-4.5887806E-4,0.0,0.0,0.0,0.027984625,0.008781102,-0.0027433604,0.021013066,0.017070534,-5.632189E-4,0.0,0.0,0.0,0.0352463,0.033701427,-2.2069631E-4
372257105,0.033061635,0.0020735946,-0.0044268626,0.0,0.0,0.0,-0.044603243,NaN,NaN,0.026648425,0.024482865,-3.0936566E-4,0.0,0.0,0.0,0.014913752,NaN,NaN
372282103,0.01772802,-0.026209306,-0.0062767607,0.0,0.0,0.0,0.0,0.0,0.0,-0.014757509,0.0014596399,0.0023167357,0.0,0.0,0.0,0.0,0.0,0.0
37245X203,0.0122545995,0.019227171,9.960817E-4,0.0,0.0,0.0,0.0,0.0,0.0,0.01927042,0.012177373,-0.0010132923,0.0,0.0,0.0,0.0,0.0,0.0
37248E202,-0.044309307,-0.04060479,5.292169E-4,0.0,0.0,0.0,0.0,0.0,0.0,-0.065187894,-0.029120557,0.0051524765,0.0,0.0,0.0,0.0,0.0,0.0
373654102,-0.062018335,-0.11346715,-0.0073498306,-0.068540014,NaN,NaN,0.0,0.0,0.0,0.020273888,0.016219266,-5.792318E-4,0.021261588,NaN,NaN,0.0,0.0,0.0
G3930E101,0.015921572,-0.0068679512,-0.0032556462,-0.002667081,9.356545E-4,3.0022798E-4,0.009001092,0.034532815,0.0036473891,0.012165841,0.007316242,-6.927998E-4,-0.002832794,0.006004016,7.364008E-4,0.013188995,0.026171984,0.0018547127
37941P306,0.0051801098,NaN,NaN,0.0,0.0,0.0,0.0,0.0,0.0,-0.014133776,NaN,NaN,0.0,0.0,0.0,0.0,0.0,0.0
37936U104,7.0647895E-4,0.002623575,2.7387086E-4,0.0,0.0,0.0,0.0,0.0,0.0,0.0025795856,0.0061575854,5.1114283E-4,0.0,0.0,0.0,0.0,0.0,0.0
64050T101,-0.020119423,-0.028559191,-0.0012056811,0.0,0.0,0.0,0.0,0.0,0.0,-0.07167062,-0.056630276,0.0021486208,0.0,0.0,0.0,0.0,0.0,0.0
380804203,-0.010604378,-0.06588634,-0.007897424,0.0,0.0,0.0,0.0,0.0,0.0,0.028415157,0.022715585,-8.142245E-4,0.0,0.0,0.0,0.0,0.0,0.0
383485109,0.062034015,NaN,NaN,0.0,0.0,0.0,0.0,0.0,0.0,0.034985337,NaN,NaN,0.0,0.0,0.0,0.0,0.0,0.0
384632105,0.003172749,NaN,NaN,0.0,0.0,0.0,0.0,0.0,0.0,0.010184869,NaN,NaN,0.0,0.0,0.0,0.0,0.0,0.0
386532402,0.028422728,0.021225236,-0.0010282131,0.0,0.0,0.0,0.026149899,0.013310065,-0.001834262,0.03855254,0.036933906,-2.3123356E-4,0.0,0.0,0.0,0.03775824,0.032009635,-8.2122907E-4
390064103,0.01791269,5.1189354E-4,-0.002485828,0.0,0.0,0.0,0.014666478,0.027242905,0.0017966323,0.04393293,0.04048445,-4.9263984E-4,0.0,0.0,0.0,0.042256106,0.046190973,5.6212395E-4
36191C205,0.006319917,0.009665676,4.7796566E-4,0.0,0.0,0.0,0.0,0.0,0.0,-0.007112389,-0.022681857,-0.0022242095,0.0,0.0,0.0,0.0,0.0,0.0
361942105,-0.011935235,-0.010985774,1.3563728E-4,0.0,0.0,0.0,0.0,0.0,0.0,0.022668904,0.012469611,-0.0014570418,0.0,0.0,0.0,0.0,0.0,0.0
401794201,0.011696851,-0.010583163,-0.0031828594,0.0,0.0,0.0,0.0,0.0,0.0,0.00796544,NaN,NaN,0.0,0.0,0.0,0.0,0.0,0.0
047620109,0.021050578,-0.058255095,-0.011329382,-0.07925635,NaN,NaN,0.0,0.0,0.0,-0.010830093,-0.019449307,-0.0012313162,-0.015701855,NaN,NaN,0.0,0.0,0.0
404429102,3.4754723E-4,-0.03477905,-0.0050180852,0.0,0.0,0.0,0.0,0.0,0.0,0.03359547,NaN,NaN,0.0,0.0,0.0,0.0,0.0,0.0
409900107,-0.02250476,NaN,NaN,0.0,0.0,0.0,0.0,0.0,0.0,0.030818973,NaN,NaN,0.0,0.0,0.0,0.0,0.0,0.0
481165108,0.026284015,-0.008465879,-0.0049642706,-0.005866914,NaN,NaN,-0.0228969,0.013718297,0.0052307425,NaN,NaN,NaN,NaN,NaN,NaN,NaN,NaN,NaN
417119104,0.010382496,-1.2244249E-4,-0.0015007055,0.0,0.0,0.0,0.0,0.0,0.0,0.04474311,0.03625839,-0.0012121031,0.0,0.0,0.0,0.0,0.0,0.0
417434503,0.024432305,0.024255915,-2.5198662E-5,0.0,0.0,0.0,0.012583741,NaN,NaN,0.0017894402,-0.0075048497,-0.0013277557,0.0,0.0,0.0,0.01666502,NaN,NaN
419879101,0.029289255,-0.024382135,-0.0076673413,-0.5541159,-0.88736993,-0.037028227,0.011037736,-0.006602678,-0.002520059,0.004719636,0.024384655,0.0028092884,0.029743368,0.029633764,-1.2178181E-5,0.026155854,0.02726331,1.5820803E-4
420781304,0.022357728,0.015827535,-9.328848E-4,0.0,0.0,0.0,0.016459113,NaN,NaN,0.022744862,0.0053836787,-0.002480169,0.0,0.0,0.0,0.012245513,NaN,NaN
670198100,-0.008124139,0.003262357,0.0016266423,0.0,0.0,0.0,0.00705235,-0.0037769096,-0.001547037,0.017554682,0.023326661,8.245685E-4,0.0,0.0,0.0,-0.021563077,-0.02518264,-5.170804E-4
422660936,0.014604349,NaN,NaN,0.0,0.0,0.0,0.0,0.0,0.0,0.024399096,NaN,NaN,0.0,0.0,0.0,0.0,0.0,0.0
422893107,0.01341053,0.019551786,8.773222E-4,0.0,0.0,0.0,0.0,0.0,0.0,0.023176702,0.028361596,7.406992E-4,0.0,0.0,0.0,0.0,0.0,0.0
430771105,0.0139365895,0.019806128,8.385055E-4,0.0,0.0,0.0,0.0,0.0,0.0,0.016716003,0.017817631,1.5737543E-4,0.0,0.0,0.0,0.0,0.0,0.0
431692102,NaN,0.013918971,NaN,0.025278222,0.033347126,8.068904E-4,0.042337198,0.029400932,-0.001848038,NaN,0.02796319,NaN,0.03369211,0.021571277,-0.0012120834,-0.017463718,-0.0860426,-0.009796984
441759107,0.013695634,0.022624204,0.00127551,0.024564564,-0.00758468,-0.0045927493,0.0029338622,NaN,NaN,0.01413369,-0.01447431,-0.004086857,0.01033052,0.010117918,-3.0371626E-5,0.023260338,NaN,NaN
404269201,NaN,0.0098647475,NaN,-0.003719378,0.006309728,0.0020058213,-0.009467402,NaN,NaN,NaN,0.029565724,NaN,0.056148034,0.058488317,4.6805665E-4,0.04102843,NaN,NaN
444356109,0.008644248,NaN,NaN,0.0,0.0,0.0,0.0,0.0,0.0,NaN,NaN,NaN,0.0,0.0,0.0,0.0,0.0,0.0
81169P101,0.040996034,0.027503962,-0.0019274389,0.0,0.0,0.0,NaN,0.044178206,NaN,0.033133205,0.028379926,-6.790398E-4,0.0,0.0,0.0,NaN,0.035232365,NaN
868447103,0.24200471,0.17938456,-0.008945735,0.0,0.0,0.0,NaN,0.0064497367,NaN,0.0048056673,0.019114073,0.002044058,0.0,0.0,0.0,NaN,-0.021142168,NaN
45255G101,0.053253856,0.07433964,0.0030122553,0.0,0.0,0.0,0.0,0.0,0.0,0.030883348,0.018596426,-0.0017552746,0.0,0.0,0.0,0.0,0.0,0.0
453096208,0.011646001,-0.00502519,-0.0023815986,0.0,0.0,0.0,NaN,0.022845872,NaN,0.04281899,0.050514635,0.0010993779,0.0,0.0,0.0,NaN,0.05034478,NaN
45321T202,0.004064375,0.008609402,6.492896E-4,0.0,0.0,0.0,0.0,0.0,0.0,-0.017344117,-0.029014481,-0.0016671949,0.0,0.0,0.0,0.0,0.0,0.0
45772G105,-0.11117408,-0.10595343,7.458063E-4,0.0,0.0,0.0,0.0,0.0,0.0,-0.003901114,-0.003782783,1.6904436E-5,0.0,0.0,0.0,0.0,0.0,0.0
45812C106,0.031659763,0.023265824,-0.0011991343,0.0,0.0,0.0,0.0,0.0,0.0,0.026326036,0.011024391,-0.0021859494,0.0,0.0,0.0,0.0,0.0,0.0
459004404,0.019215217,0.012579941,-9.478965E-4,-0.008954979,NaN,NaN,0.0,0.0,0.0,0.008304823,0.0158507,0.0010779825,-0.0037873772,NaN,NaN,0.0,0.0,0.0
45950T101,0.04184534,-0.008965664,-0.0072587146,0.0,0.0,0.0,0.0,0.0,0.0,0.044777855,0.023079075,-0.0030998257,0.0,0.0,0.0,0.0,0.0,0.0
46072H108,0.02800894,0.009371123,-0.0026625453,0.0,0.0,0.0,0.0,0.0,0.0,0.025223855,0.03557597,0.0014788738,0.0,0.0,0.0,0.0,0.0,0.0
45031T872,0.01001181,0.014716778,6.721383E-4,0.018276216,NaN,NaN,NaN,0.028321303,NaN,-0.002688538,0.014601106,0.0024699492,0.026556265,NaN,NaN,NaN,0.042468056,NaN
469834105,0.028877383,-0.018736303,-0.0068019554,0.0,0.0,0.0,0.0,0.0,0.0,0.03160319,0.02882602,-3.9673861E-4,0.0,0.0,0.0,0.0,0.0,0.0
470737107,0.011387177,0.0012952997,-0.0014416967,-0.0062155165,7.284271E-4,0.0013887887,0.0,0.0,0.0,0.03390947,0.028037215,-8.388936E-4,-0.015129643,4.6331834E-4,0.003118592,0.0,0.0,0.0
46611Q403,-0.0155440355,-0.027977735,-0.0017762427,0.0,0.0,0.0,0.0,0.0,0.0,0.015465419,0.021836728,9.10187E-4,0.0,0.0,0.0,0.0,0.0,0.0
477066203,0.0095363725,NaN,NaN,0.0,0.0,0.0,0.0,0.0,0.0,0.029000383,NaN,NaN,0.0,0.0,0.0,0.0,0.0,0.0
481138105,0.020332774,NaN,NaN,0.0,0.0,0.0,0.0,0.0,0.0,0.025980474,NaN,NaN,0.0,0.0,0.0,0.0,0.0,0.0
481386100,0.015580877,-0.0069224653,-0.0032147632,0.0,0.0,0.0,0.0,0.0,0.0,0.023260338,0.030425116,0.0010235397,0.0,0.0,0.0,0.0,0.0,0.0
48213P106,0.03057526,0.004321573,-0.0037505268,0.0,0.0,0.0,0.0,0.0,0.0,0.046913255,0.040181022,-9.6174754E-4,0.0,0.0,0.0,0.0,0.0,0.0
483007704,NaN,-0.01016875,NaN,0.0,0.0,0.0,0.045773573,0.04834488,3.673296E-4,NaN,0.015437029,NaN,0.0,0.0,0.0,0.04431377,0.036773004,-0.0010772523
485808109,0.01761507,NaN,NaN,0.0,0.0,0.0,0.0,0.0,0.0,0.028524507,NaN,NaN,0.0,0.0,0.0,0.0,0.0,0.0
482434206,0.0029332403,0.08772873,0.012113641,0.105930045,NaN,NaN,0.07481316,0.07350765,-1.8650081E-4,-0.016842866,0.015067585,0.0045586354,0.036630034,NaN,NaN,-0.24255882,0.024308594,0.038123917
482455102,NaN,-0.026639039,NaN,0.0,0.0,0.0,0.0,0.0,0.0,NaN,0.02956569,NaN,0.0,0.0,0.0,0.0,0.0,0.0
488035106,0.027163595,0.005042406,-0.0031601698,0.0,0.0,0.0,0.0,0.0,0.0,0.025136111,0.013320717,-0.0016879134,0.0,0.0,0.0,0.0,0.0,0.0
492716105,0.00564868,0.0063181054,9.56322E-5,0.0,0.0,0.0,0.0,0.0,0.0,0.039751366,0.04301088,4.6564479E-4,0.0,0.0,0.0,0.0,0.0,0.0
494521305,0.020374497,0.028307954,0.0011333509,0.0,0.0,0.0,0.034583222,0.03942323,6.914298E-4,0.017719839,0.044067357,0.003763931,0.0,0.0,0.0,0.04210912,0.059098482,0.0024270515
498326206,0.032809794,0.035884663,4.3926708E-4,0.0,0.0,0.0,0.0,0.0,0.0,0.035868764,0.043048684,0.0010257028,0.0,0.0,0.0,0.0,0.0,0.0
812350106,0.034332346,7.1839354E-4,-0.0048019933,-0.019345477,NaN,NaN,0.025482489,0.033379722,0.0011281762,0.049672257,0.044995774,-6.6806906E-4,0.04198716,NaN,NaN,0.046691447,0.04076745,-8.462854E-4
500453204,0.014142024,5.0161517E-4,-0.0019486299,0.0,0.0,0.0,0.06144673,0.0791528,0.0025294386,0.030286537,0.020056067,-0.0014614958,0.0,0.0,0.0,0.03362382,0.028479151,-7.349524E-4
505606103,0.012237437,-0.019445445,-0.004526126,0.0,0.0,0.0,0.0,0.0,0.0,0.025153702,0.025217462,9.108601E-6,0.0,0.0,0.0,0.0,0.0,0.0
521863308,-0.037429582,-0.011488555,0.003705861,0.0,0.0,0.0,NaN,0.02783855,NaN,0.013837768,0.041909352,0.004010226,0.0,0.0,0.0,NaN,0.049206752,NaN
521865204,0.03219066,0.013240408,-0.0027071785,0.0,0.0,0.0,NaN,0.03334788,NaN,0.039100815,0.025936233,-0.0018806545,0.0,0.0,0.0,NaN,0.029580737,NaN
521098202,0.095350526,NaN,NaN,0.0,0.0,0.0,0.0,0.0,0.0,0.054724623,NaN,NaN,0.0,0.0,0.0,0.0,0.0,0.0
526262100,1.8932422E-4,-0.01819043,-0.0026256794,0.0,0.0,0.0,0.0,0.0,0.0,NaN,NaN,NaN,0.0,0.0,0.0,0.0,0.0,0.0
B5628B104,0.0379473,0.031090327,-9.795678E-4,0.0,0.0,0.0,0.0,0.0,0.0,-0.013254825,-0.041438058,-0.004026176,0.0,0.0,0.0,0.0,0.0,0.0
527016109,0.038177263,-0.06023139,-0.014058379,-0.020463517,0.04426141,0.004045308,0.029572679,0.025985364,-5.124736E-4,0.032441273,0.021434108,-0.0015724523,0.024855943,0.015436054,-5.887431E-4,0.013666984,0.037477657,0.0034015249
527482103,0.013292787,0.013889571,8.525486E-5,0.0,0.0,0.0,0.0,0.0,0.0,0.031923104,-0.0015738102,-0.004785273,0.0,0.0,0.0,0.0,0.0,0.0
536257108,-0.014488833,0.010697584,0.0035980593,-0.045294907,NaN,NaN,0.0,0.0,0.0,0.017669035,0.029690303,0.001717324,0.037944485,NaN,NaN,0.0,0.0,0.0
538032400,0.06816093,0.062400937,-8.22856E-4,0.0,0.0,0.0,0.042625625,0.06378519,0.0030227948,0.04881775,0.052718088,5.5719115E-4,0.0,0.0,0.0,0.0293401,0.07741328,0.006867598
54021P403,-0.004072876,0.020518493,0.0035130528,0.0,0.0,0.0,0.017813347,0.020732582,4.1703347E-4,0.022688229,0.016828964,-8.3703786E-4,0.0,0.0,0.0,0.016450327,0.016599424,2.1299613E-5
014383103,0.014990511,0.0060369503,-0.0012790802,0.0071877465,NaN,NaN,0.009240248,0.010234886,1.4209108E-4,0.025805622,0.041275937,0.002210045,0.020094085,NaN,NaN,0.0116351,0.037186798,0.0036502427
540423100,0.022912184,0.011679467,-0.0016046738,0.0,0.0,0.0,0.0,0.0,0.0,0.0052921725,-0.0040842774,-0.0013394927,0.0,0.0,0.0,0.0,0.0,0.0
542290408,-0.004667351,4.082791E-4,7.2509004E-4,-0.0033903727,6.7055237E-4,3.1237883E-4,NaN,0.050377034,NaN,0.045906086,0.05945746,0.0019359104,0.04101414,0.040184595,-6.381107E-5,NaN,0.068075776,NaN
543881106,0.013665033,-0.02135338,-0.0050026304,0.0,0.0,0.0,0.009528485,NaN,NaN,-0.043560438,-0.018878954,0.0035259263,0.0,0.0,0.0,0.0016805683,NaN,NaN
501921100,0.010395835,0.010955609,7.9967744E-5,0.027539836,0.0014966527,-9.6456235E-4,0.012831164,0.02312319,0.0014702894,0.02322421,0.026363393,4.484547E-4,0.04004487,0.017258402,-8.439433E-4,0.023298075,0.032101024,0.001257564
552078107,0.03812449,NaN,NaN,0.0,0.0,0.0,0.0,0.0,0.0,0.01766417,NaN,NaN,0.0,0.0,0.0,0.0,0.0,0.0
559211305,0.0019757554,-0.0057970053,-0.0011103944,0.0,0.0,0.0,0.0,0.0,0.0,0.030464387,0.02894415,-2.1717671E-4,0.0,0.0,0.0,0.0,0.0,0.0
566244109,NaN,-0.001432804,NaN,0.0,0.0,0.0,0.0,0.0,0.0,NaN,0.0024843605,NaN,0.0,0.0,0.0,0.0,0.0,0.0
568695209,NaN,0.0069779097,NaN,-5.6635396E-4,NaN,NaN,0.0,0.0,0.0,NaN,-4.965597E-4,NaN,-0.024783608,NaN,NaN,0.0,0.0,0.0
573913100,0.019476878,0.011306231,-0.0011672352,-0.090165876,NaN,NaN,-0.031825665,NaN,NaN,0.015013643,0.034201283,0.0027410914,0.037478913,NaN,NaN,0.013597385,NaN,NaN
582266706,4.9001974E-4,-0.00408778,-6.539714E-4,0.0,0.0,0.0,0.0,0.0,0.0,0.04125053,0.043257874,2.8676327E-4,0.0,0.0,0.0,0.0,0.0,0.0
55270M108,0.045988522,0.020352997,-0.0036622179,0.0,0.0,0.0,0.0,0.0,0.0,0.008682982,0.032638688,0.0034222438,0.0,0.0,0.0,0.0,0.0,0.0
58461Q409,0.02185603,NaN,NaN,0.0,0.0,0.0,0.0,0.0,0.0,0.0089086015,NaN,NaN,0.0,0.0,0.0,0.0,0.0,0.0
584951107,0.035310116,-0.026358798,-0.008809845,0.0,0.0,0.0,0.0,0.0,0.0,0.03765851,0.034516174,-4.4890493E-4,0.0,0.0,0.0,0.0,0.0,0.0
590436101,0.036099266,0.019790372,-0.002329842,-0.0053602788,NaN,NaN,0.0,0.0,0.0,0.04806685,0.025907258,-0.0031656562,0.04277059,NaN,NaN,0.0,0.0,0.0
590479101,0.0020502983,0.015365843,0.0019022207,0.0,0.0,0.0,0.0,0.0,0.0,0.012616799,0.02059491,0.0011397301,0.0,0.0,0.0,0.0,0.0,0.0
591324207,0.030776553,0.0060206032,-0.003536564,0.0,0.0,0.0,0.016070295,0.09469932,0.011232719,0.025840953,0.01912531,-9.5937744E-4,0.0,0.0,0.0,0.017537883,0.04344034,0.0037003509
591596101,-0.1333285,-0.06898829,0.009191458,0.0,0.0,0.0,0.0,0.0,0.0,-0.02805165,-0.11627371,-0.012603151,0.0,0.0,0.0,0.0,0.0,0.0
00374N107,-0.0067223306,-0.007538501,-1.165958E-4,0.0,0.0,0.0,0.0,0.0,0.0,-0.017344117,-0.029014485,-0.0016671953,0.0,0.0,0.0,0.0,0.0,0.0
552813107,0.022071488,0.016031764,-8.628177E-4,0.0,0.0,0.0,0.0,0.0,0.0,-0.044382967,7.323855E-4,0.0064450502,0.0,0.0,0.0,0.0,0.0,0.0
598126100,0.01130671,-0.014294819,-0.0036573613,0.0,0.0,0.0,0.0,0.0,0.0,0.030693758,0.0071305796,-0.0033661684,0.0,0.0,0.0,0.0,0.0,0.0
598130102,0.024692893,-0.040749058,-0.00934885,-0.038123574,NaN,NaN,0.0,0.0,0.0,0.019168703,0.023388596,6.028419E-4,0.013589647,NaN,NaN,0.0,0.0,0.0
598709301,0.010372405,NaN,NaN,0.0,0.0,0.0,0.0,0.0,0.0,0.0033082806,NaN,NaN,0.0,0.0,0.0,0.0,0.0,0.0
603669102,0.03269857,NaN,NaN,0.0,0.0,0.0,0.0,0.0,0.0,-0.0071251853,NaN,NaN,0.0,0.0,0.0,0.0,0.0,0.0
605288208,-7.535719E-4,0.005305387,8.6556555E-4,0.0,0.0,0.0,0.0,0.0,0.0,0.0014556289,0.010937024,0.0013544849,0.0,0.0,0.0,0.0,0.0,0.0
553100108,0.025992885,-0.013335235,-0.005618303,-0.14177974,NaN,NaN,0.0,0.0,0.0,-0.031141963,-0.033850648,-3.8695495E-4,0.025863713,NaN,NaN,0.0,0.0,0.0
607415106,0.024575632,0.022672497,-2.718765E-4,0.0,0.0,0.0,0.0,0.0,0.0,0.024617575,0.019454727,-7.3754974E-4,0.0,0.0,0.0,0.0,0.0,0.0
60886R103,0.022761526,-0.023123832,-0.006555051,0.0,0.0,0.0,0.0,0.0,0.0,0.030251326,0.029303674,-1.3537891E-4,0.0,0.0,0.0,0.0,0.0,0.0
618447106,NaN,0.010248713,NaN,0.0,0.0,0.0,0.0,0.0,0.0,NaN,0.009466145,NaN,0.0,0.0,0.0,0.0,0.0,0.0
624581203,0.098326206,0.10760268,0.0013252103,0.0,0.0,0.0,0.0,0.0,0.0,0.09367994,0.09545762,2.5395412E-4,0.0,0.0,0.0,0.0,0.0,0.0
553166109,-0.030669427,-0.019917697,0.0015359614,0.0,0.0,0.0,0.0,0.0,0.0,-0.02733527,-0.1257765,-0.014063032,0.0,0.0,0.0,0.0,0.0,0.0
62473L309,-0.03766074,-0.04420315,-9.346301E-4,0.0,0.0,0.0,NaN,0.025081603,NaN,-0.002688538,0.014601106,0.0024699492,0.0,0.0,0.0,NaN,0.04125051,NaN
635570500,NaN,0.02296489,NaN,-0.019051364,NaN,NaN,0.040243562,0.027331466,-0.0018445852,NaN,0.038147926,NaN,0.038192037,NaN,NaN,0.050064955,0.039505575,-0.0015084828
635812209,0.039644442,-0.15522902,-0.027839065,0.0,0.0,0.0,0.0,0.0,0.0,0.024339024,0.0019352688,-0.0032005364,0.0,0.0,0.0,0.0,0.0,0.0
640820106,0.032163307,0.043978017,0.0016878156,0.0,0.0,0.0,0.0,0.0,0.0,0.06089023,0.08027024,0.0027685724,0.0,0.0,0.0,0.0,0.0,0.0
638588103,0.024476515,0.012778223,-0.0016711847,0.0,0.0,0.0,0.0,0.0,0.0,0.058973413,0.055185873,-5.410771E-4,0.0,0.0,0.0,0.0,0.0,0.0
64122D506,-0.034843255,-0.0056094197,0.0041762623,0.0,0.0,0.0,0.0,0.0,0.0,-0.006936863,0.012203961,0.0027344036,0.0,0.0,0.0,0.0,0.0,0.0
641881107,0.02610135,-0.010572962,-0.0052391877,0.0,0.0,0.0,0.0,0.0,0.0,0.021769188,0.014102367,-0.0010952603,0.0,0.0,0.0,0.0,0.0,0.0
655053106,0.020487985,0.004843782,-0.002234886,0.0,0.0,0.0,0.0,0.0,0.0,-0.038672034,0.026377732,0.009292824,0.0,0.0,0.0,0.0,0.0,0.0
656568508,0.0063904882,0.03207001,0.0036685034,0.0,0.0,0.0,NaN,0.041828774,NaN,-3.742193E-4,0.003129247,5.004952E-4,0.0,0.0,0.0,NaN,0.031928923,NaN
666610100,-0.076685905,-0.117490396,-0.0058292127,0.0,0.0,0.0,0.0,0.0,0.0,-0.013737798,-0.013334513,5.7612146E-5,0.0,0.0,0.0,0.0,0.0,0.0
667280408,0.010468673,-0.0069665103,-0.0024907405,0.0,0.0,0.0,0.011052764,NaN,NaN,0.036697373,0.027445445,-0.001321704,0.0,0.0,0.0,0.015419343,NaN,NaN
668367204,-0.005441228,NaN,NaN,0.0,0.0,0.0,0.0,0.0,0.0,0.023224218,NaN,NaN,0.0,0.0,0.0,0.0,0.0,0.0
67019U101,0.0019453111,0.019300615,0.0024793292,0.0,0.0,0.0,0.0,0.0,0.0,0.007885433,0.04045115,0.0046522454,0.0,0.0,0.0,0.0,0.0,0.0
69367F108,0.0028172855,-6.6629646E-4,-4.9765455E-4,0.0,0.0,0.0,0.0,0.0,0.0,-0.002688538,0.014601112,0.00246995,0.0,0.0,0.0,0.0,0.0,0.0
669935108,-0.021931767,-0.022291576,-5.140129E-5,0.0,0.0,0.0,0.0,0.0,0.0,0.017731218,-0.0026253366,-0.0029080792,0.0,0.0,0.0,0.0,0.0,0.0
62944T105,-0.031574346,-0.0019921605,0.0042260266,0.0,0.0,0.0,NaN,0.024484575,NaN,-0.005092355,-0.0069832215,-2.701238E-4,0.0,0.0,0.0,NaN,0.009020697,NaN
674098207,-0.0054107844,-0.04414048,-0.0055328137,0.0,0.0,0.0,0.0,0.0,0.0,0.025454797,0.023852048,-2.2896405E-4,0.0,0.0,0.0,0.0,0.0,0.0
67083Q101,0.021905923,NaN,NaN,0.0,0.0,0.0,0.0,0.0,0.0,0.04458359,NaN,NaN,0.0,0.0,0.0,0.0,0.0,0.0
677007205,0.026921311,0.020614168,-9.0102054E-4,0.0,0.0,0.0,0.0,0.0,0.0,0.01691232,0.026129227,0.001316701,0.0,0.0,0.0,0.0,0.0,0.0
682505102,0.002570254,NaN,NaN,0.0,0.0,0.0,0.0,0.0,0.0,NaN,NaN,NaN,0.0,0.0,0.0,0.0,0.0,0.0
686285503,0.08197099,0.10088243,0.0027016348,0.05731723,NaN,NaN,0.047627904,0.08591653,0.005469803,0.03988259,0.03861915,-1.8049138E-4,0.02399658,NaN,NaN,0.03829782,0.051653575,0.0019079649
686588104,-0.030155187,NaN,NaN,0.0,0.0,0.0,0.0,0.0,0.0,-0.043212514,NaN,NaN,0.0,0.0,0.0,0.0,0.0,0.0
690020102,NaN,-0.0049067703,NaN,0.0,0.0,0.0,0.0,0.0,0.0,NaN,0.028924324,NaN,0.0,0.0,0.0,0.0,0.0,0.0
690742101,0.029693106,0.023674728,-8.5976825E-4,0.01952215,NaN,NaN,0.018942472,0.018257067,-9.7915E-5,0.0053293128,0.010895935,7.952317E-4,0.011763073,NaN,NaN,0.032444995,0.018562976,-0.0019831455
694327107,0.03939534,-0.044228137,-0.011946211,0.0,0.0,0.0,0.0,0.0,0.0,0.023440072,0.0025795856,-0.0029800695,0.0,0.0,0.0,0.0,0.0,0.0
695542100,0.043397486,0.020565072,-0.0032617734,0.0,0.0,0.0,0.0,0.0,0.0,0.026212262,0.018341826,-0.0011243479,0.0,0.0,0.0,0.0,0.0,0.0
696639103,-0.016137818,-0.011407691,6.757324E-4,0.0,0.0,0.0,0.0,0.0,0.0,-0.02178958,-0.03547756,-0.0019554256,0.0,0.0,0.0,0.0,0.0,0.0
697757102,-0.004648101,-0.0232955,-0.002663914,-0.08231735,NaN,NaN,0.0,0.0,0.0,0.019168703,0.023388596,6.028419E-4,0.013589647,NaN,NaN,0.0,0.0,0.0
698891108,0.02388023,-1.7401762E-4,-0.0034363212,0.0,0.0,0.0,0.0,0.0,0.0,0.038999908,0.034880836,-5.884389E-4,0.0,0.0,0.0,0.0,0.0,0.0
69912K206,0.06558155,0.03979209,-0.003684209,0.034721345,NaN,NaN,0.0,0.0,0.0,0.047548346,0.051480636,5.617557E-4,0.026789727,NaN,NaN,0.0,0.0,0.0
704378405,0.022664241,0.017340988,-7.604648E-4,0.0,0.0,0.0,0.0,0.0,0.0,0.027832251,0.022914065,-7.02598E-4,0.0,0.0,0.0,0.0,0.0,0.0
70556K106,0.010436551,-0.73414254,-0.10636844,0.0,0.0,0.0,0.0,0.0,0.0,-0.014047152,-0.056887414,-0.0061200373,0.0,0.0,0.0,0.0,0.0,0.0
707832309,0.028287489,0.02284792,-7.770812E-4,0.0,0.0,0.0,0.0029521883,0.022389526,0.0027767625,0.036871042,0.036006738,-1.2347208E-4,0.0,0.0,0.0,0.03206073,0.035675745,5.164306E-4
709620108,0.021282747,0.020974029,-4.4102646E-5,0.0,0.0,0.0,0.0,0.0,0.0,0.015282458,0.009683908,-7.997928E-4,0.0,0.0,0.0,0.0,0.0,0.0
716769203,0.001205316,NaN,NaN,0.0,0.0,0.0,0.041180927,NaN,NaN,0.044131555,NaN,NaN,0.0,0.0,0.0,0.028981851,NaN,NaN
717113203,0.017905535,0.0043619503,-0.0019347979,0.0,0.0,0.0,0.0,0.0,0.0,0.011890344,0.013726789,2.6234917E-4,0.0,0.0,0.0,0.0,0.0,0.0
719151102,0.038852513,-0.029830687,-0.009811886,0.0,0.0,0.0,0.0,0.0,0.0,0.028239606,0.013578284,-0.0020944746,0.0,0.0,0.0,0.0,0.0,0.0
72147K108,0.02125281,-0.03438096,-0.0079476815,0.0,0.0,0.0,NaN,0.03844265,NaN,0.033029754,0.0014798843,-0.0045071244,0.0,0.0,0.0,NaN,0.03112089,NaN
721506103,0.028163306,NaN,NaN,0.0,0.0,0.0,0.0,0.0,0.0,0.05551486,NaN,NaN,0.0,0.0,0.0,0.0,0.0,0.0
723643300,0.0058086184,0.011246752,7.7687623E-4,0.0,0.0,0.0,0.0,0.0,0.0,0.027256874,0.024128392,-4.4692602E-4,0.0,0.0,0.0,0.0,0.0,0.0
72702Q102,0.012901443,-0.03211505,-0.0064309277,0.0,0.0,0.0,0.0,0.0,0.0,0.02687117,0.04079326,0.0019888696,0.0,0.0,0.0,0.0,0.0,0.0
731095105,0.030016338,-0.00945099,-0.0056381896,0.0,0.0,0.0,0.0,0.0,0.0,0.0381181,-0.003040523,-0.0058798036,0.0,0.0,0.0,0.0,0.0,0.0
731745204,0.026296431,0.018442465,-0.0011219952,0.0,0.0,0.0,0.0,0.0,0.0,-0.0030138742,-0.022565011,-0.0027930196,0.0,0.0,0.0,0.0,0.0,0.0
732827100,0.0025337648,-0.0192345,-0.0031097524,0.0,0.0,0.0,0.0,0.0,0.0,0.038827796,0.045811996,9.977429E-4,0.0,0.0,0.0,0.0,0.0,0.0
741016307,0.017769206,NaN,NaN,0.0,0.0,0.0,0.0,0.0,0.0,0.018151904,NaN,NaN,0.0,0.0,0.0,0.0,0.0,0.0
741917108,0.04305774,0.02388869,-0.0027384355,NaN,4.88597E-4,NaN,0.019105066,0.019602846,7.1111535E-5,0.020317635,0.009862174,-0.0014936372,NaN,0.010226462,NaN,0.026193628,0.023912624,-3.258578E-4
74342L105,0.029305197,-0.030976433,-0.008611661,0.0,0.0,0.0,0.0,0.0,0.0,0.015136458,0.0094521,-8.120512E-4,0.0,0.0,0.0,0.0,0.0,0.0
74437C101,-0.0059253373,-0.051375575,-0.006492891,0.0,0.0,0.0,0.0,0.0,0.0,-0.061093632,-0.070754364,-0.0013801046,0.0,0.0,0.0,0.0,0.0,0.0
749361200,-0.017384825,0.0034629013,0.0029782467,0.0,0.0,0.0,0.013991927,NaN,NaN,0.0066240104,0.022271983,0.002235425,0.0,0.0,0.0,0.024640137,NaN,NaN
749412102,-0.0023800824,-0.06214234,-0.008537465,0.0,0.0,0.0,0.0,0.0,0.0,0.06232556,0.08815015,0.0036892274,0.0,0.0,0.0,0.0,0.0,0.0
756285102,0.0223019,-0.0045307633,-0.0038332376,0.0,0.0,0.0,0.0,0.0,0.0,0.032660913,0.0019053832,-0.004393647,0.0,0.0,0.0,0.0,0.0,0.0
757209507,-0.02948747,-0.010315911,0.002738794,0.0,0.0,0.0,-0.026357675,-7.746705E-4,0.003654715,-0.0061973273,0.006085988,0.0017547595,0.0,0.0,0.0,0.009220535,0.01422401,7.147821E-4
398189100,0.023126775,0.014316482,-0.0012586134,0.0,0.0,0.0,0.040012006,0.022628326,-0.0024833828,0.026717983,0.028244276,2.1804178E-4,0.0,0.0,0.0,0.016776457,0.02103793,6.087819E-4
761406107,NaN,-0.0031306874,NaN,0.004728015,0.03555286,0.0028022586,0.02796585,NaN,NaN,NaN,0.028423706,NaN,0.020672293,0.014646111,-5.4783473E-4,0.0180978,NaN,NaN
74957T104,0.001676185,-0.019622978,-0.0030427375,0.0,0.0,0.0,0.0,0.0,0.0,0.03812565,0.037954796,-2.4407569E-5,0.0,0.0,0.0,0.0,0.0,0.0
762430205,-0.07946712,-0.12874225,-0.0070393044,0.0,0.0,0.0,0.0,0.0,0.0,-0.065190315,-0.071698,-9.296696E-4,0.0,0.0,0.0,0.0,0.0,0.0
779088103,-0.031526018,NaN,NaN,0.0,0.0,0.0,0.0,0.0,0.0,0.009142779,NaN,NaN,0.0,0.0,0.0,0.0,0.0,0.0
G7702U102,-0.0029280446,-0.021754093,-0.0026894356,0.0,0.0,0.0,0.0,0.0,0.0,0.019679265,-0.006936863,-0.003802304,0.0,0.0,0.0,0.0,0.0,0.0
794004200,0.009558697,0.017113233,0.0010792194,-0.02783812,0.028543413,0.0043370407,0.023354659,0.01427868,-0.0012965684,0.02711615,0.029299172,3.118603E-4,-0.011453908,0.036348652,0.00367712,0.040420752,0.02831318,-0.0017296531
795872100,NaN,0.0058448613,NaN,0.0,0.0,0.0,0.0,0.0,0.0,NaN,0.032266047,NaN,0.0,0.0,0.0,0.0,0.0,0.0
811371707,0.010845919,NaN,NaN,0.0,0.0,0.0,0.0,0.0,0.0,0.027511954,NaN,NaN,0.0,0.0,0.0,0.0,0.0,0.0
816074405,0.028477455,0.01787329,-0.0015148806,0.0,0.0,0.0,0.0,0.0,0.0,0.03162603,0.024923064,-9.575667E-4,0.0,0.0,0.0,0.0,0.0,0.0
817587108,-0.001574459,0.011014618,0.0017984395,-0.03797235,NaN,NaN,0.0,0.0,0.0,0.08360754,0.06601375,-0.002513398,0.055180788,NaN,NaN,0.0,0.0,0.0
G80550109,-9.00031E-4,0.017165352,0.002580769,0.0,0.0,0.0,0.0,0.0,0.0,-0.21369591,0.009608168,0.03190058,0.0,0.0,0.0,0.0,0.0,0.0
82967Y104,0.010097443,0.014508633,6.3017E-4,0.0,0.0,0.0,0.0,0.0,0.0,0.04915186,0.043515246,-8.052305E-4,0.0,0.0,0.0,0.0,0.0,0.0
83001A102,0.03160364,0.021642903,-0.0014229628,0.0,0.0,0.0,NaN,0.04218909,NaN,0.033198435,0.035638195,3.4853708E-4,0.0,0.0,0.0,NaN,0.034467112,NaN
434149100,-0.028102547,NaN,NaN,0.0,0.0,0.0,0.0,0.0,0.0,-0.0011066798,NaN,NaN,0.0,0.0,0.0,0.0,0.0,0.0
83169A100,-0.005715118,-0.044134494,-0.0054884823,0.0,0.0,0.0,0.0,0.0,0.0,-0.014906328,-0.018181475,-4.678781E-4,0.0,0.0,0.0,0.0,0.0,0.0
832110100,0.024595708,0.015046142,-0.0013642237,NaN,-0.002094787,NaN,NaN,0.030122587,NaN,0.054387342,0.019212252,-0.0050250133,NaN,0.011904957,NaN,NaN,-0.09844432,NaN
83272A104,0.023583263,0.015869185,-0.0011020111,0.0,0.0,0.0,NaN,0.033767626,NaN,0.019838396,0.021696635,2.654626E-4,0.0,0.0,0.0,NaN,0.027156513,NaN
83546Q109,-0.07553554,-0.035493,0.005720363,0.0,0.0,0.0,0.0,0.0,0.0,-0.048632924,-0.030995095,0.0025196897,0.0,0.0,0.0,0.0,0.0,0.0
836151209,0.016430957,0.019611655,4.5438536E-4,0.0,0.0,0.0,0.0,0.0,0.0,0.008710724,0.034705415,0.0037135275,0.0,0.0,0.0,0.0,0.0,0.0
84649R200,0.017449496,-0.023196034,-0.0058065047,-0.058650367,NaN,NaN,NaN,0.020976193,NaN,0.009295355,0.006794773,-3.5722594E-4,-7.047565E-4,NaN,NaN,NaN,0.01254731,NaN
84741Y103,NaN,0.02532905,NaN,0.0,0.0,0.0,0.0,0.0,0.0,NaN,0.015437029,NaN,0.0,0.0,0.0,0.0,0.0,0.0
84761M104,0.006968518,0.010704574,5.3372234E-4,0.0,0.0,0.0,0.034803465,0.03179784,-4.2937484E-4,-0.023972128,-0.034529906,-0.001508254,0.0,0.0,0.0,-0.0050804294,0.0029565205,0.0011481356
847607108,0.034622975,0.0061167516,-0.0040723174,0.0,0.0,0.0,0.0,0.0,0.0,-0.0040427367,0.01416824,0.0026015681,0.0,0.0,0.0,0.0,0.0,0.0
84763R101,0.026180243,0.036297385,0.0014453059,0.0,0.0,0.0,NaN,0.028154472,NaN,-0.032091912,-0.014346769,0.0025350205,0.0,0.0,0.0,NaN,-0.023784276,NaN
848457107,5.08662E-5,NaN,NaN,0.0,0.0,0.0,0.0,0.0,0.0,-0.05178795,NaN,NaN,0.0,0.0,0.0,0.0,0.0,0.0
85254C305,NaN,0.07356813,NaN,0.0,0.0,0.0,0.06617254,0.047602315,-0.0026528894,NaN,0.05943066,NaN,0.0,0.0,0.0,0.03691982,0.03562906,-1.8439442E-4
853156206,0.01963153,0.012422963,-0.0010297952,2.90489E-5,-0.003572057,-7.202212E-4,-0.012409557,-0.01931009,-9.857906E-4,0.04565922,0.0344342,-0.0016035746,0.039070178,0.02024706,-0.0037646233,0.023432223,0.035720658,0.0017554907
854923109,NaN,0.0073623685,NaN,0.0,0.0,0.0,0.0,0.0,0.0,NaN,-0.006936863,NaN,0.0,0.0,0.0,0.0,0.0,0.0
85569E103,-0.0139837,-0.023808012,-0.0014034731,0.0,0.0,0.0,0.0,0.0,0.0,-0.06984154,-0.0651878,6.648206E-4,0.0,0.0,0.0,0.0,0.0,0.0
857689103,0.02722641,NaN,NaN,0.0,0.0,0.0,0.0,0.0,0.0,0.021907793,NaN,NaN,0.0,0.0,0.0,0.0,0.0,0.0
861572105,NaN,0.01792108,NaN,0.0,0.0,0.0,0.0,0.0,0.0,NaN,0.027564477,NaN,0.0,0.0,0.0,0.0,0.0,0.0
862111200,0.027356217,0.0021293007,-0.0036038451,-0.006514603,0.03233589,0.003885049,0.03838682,0.044082813,8.13713E-4,-0.01928894,-0.050284136,-0.004427885,-0.034523133,-0.021059804,0.001346333,-0.0035016374,0.0020227015,7.891913E-4
86677E100,0.030161163,-0.003091515,-0.0047503826,0.0,0.0,0.0,0.0,0.0,0.0,0.03300474,0.012886702,-0.0028740051,0.0,0.0,0.0,0.0,0.0,0.0
866881105,-0.030552048,-0.015869036,0.0020975731,0.0,0.0,0.0,0.0,0.0,0.0,0.008216791,0.01746791,0.0013215885,0.0,0.0,0.0,0.0,0.0,0.0
86688Q100,-0.01194531,NaN,NaN,0.0,0.0,0.0,0.0,0.0,0.0,0.025980474,NaN,NaN,0.0,0.0,0.0,0.0,0.0,0.0
87163L103,0.05498838,NaN,NaN,0.0,0.0,0.0,0.0,0.0,0.0,-0.019072505,NaN,NaN,0.0,0.0,0.0,0.0,0.0,0.0
871839205,-0.011971183,-0.019502075,-0.0010758417,0.0,0.0,0.0,0.0,0.0,0.0,-0.013798834,-0.023559975,-0.0013944487,0.0,0.0,0.0,0.0,0.0,0.0
873452304,-0.05062364,-0.047898937,3.8924333E-4,0.016707968,-2.462808E-4,-0.002119281,0.014415986,-0.008742978,-0.0033084233,0.018701917,0.012627095,-8.6783164E-4,0.010760261,0.01091249,1.9028666E-5,0.014703269,-0.007883192,-0.0032266374
879908101,0.050703824,0.0056371563,-0.006438095,0.0,0.0,0.0,0.0,0.0,0.0,0.035073932,0.032455202,-3.741043E-4,0.0,0.0,0.0,0.0,0.0,0.0
87959Y103,-0.12836665,-0.093520574,0.004978011,0.0,0.0,0.0,0.0,0.0,0.0,0.022256002,0.0167288,-7.896003E-4,0.0,0.0,0.0,0.0,0.0,0.0
87971Q104,-0.12733994,-0.06220476,0.009305025,0.0,0.0,0.0,0.0,0.0,0.0,-0.01576297,-0.01734411,-2.2587713E-4,0.0,0.0,0.0,0.0,0.0,0.0
881451108,-0.022378318,-0.026141059,-5.3753436E-4,0.0,0.0,0.0,0.0,0.0,0.0,0.009575922,0.028562723,0.0027124002,0.0,0.0,0.0,0.0,0.0,0.0
881694103,0.04777057,0.02677078,-0.0029999702,0.02708621,NaN,NaN,0.033558734,0.019074332,-0.0020692002,0.0366564,0.027559344,-0.0012995793,0.02860498,NaN,NaN,0.036325105,0.03578353,-7.736789E-5
882445109,NaN,9.99954E-4,NaN,-0.024250012,NaN,NaN,0.0,0.0,0.0,NaN,-4.96558E-4,NaN,0.0020268443,NaN,NaN,0.0,0.0,0.0
872424106,0.017501054,0.0055054626,-0.0017136559,0.0063494043,0.0073245633,1.21894875E-4,0.013523281,NaN,NaN,-0.005793631,0.016170938,0.0031377955,0.018368805,0.008704448,-0.0012080446,0.023476059,NaN,NaN
885184101,0.031920567,0.026357025,-7.9479173E-4,0.0,0.0,0.0,0.0,0.0,0.0,0.030085186,0.031693496,2.297586E-4,0.0,0.0,0.0,0.0,0.0,0.0
889039103,0.0046802755,-0.052757982,-0.008205465,-0.013412522,0.008863492,0.0017135396,0.06670153,0.006623626,-0.008582558,0.015325922,0.010976067,-6.214078E-4,0.012579138,-0.008993844,-0.0016594601,-0.002876066,0.01803544,0.002987358
889073201,0.02126933,0.011808534,-0.0013515424,0.0,0.0,0.0,0.0,0.0,0.0,0.009476778,0.015891038,9.163228E-4,0.0,0.0,0.0,0.0,0.0,0.0
872962105,0.025877142,-0.124887824,-0.021537853,0.0,0.0,0.0,0.0,0.0,0.0,NaN,0.015244328,NaN,0.0,0.0,0.0,0.0,0.0,0.0
891697104,0.06512587,0.051722586,-0.0019147545,0.0,0.0,0.0,0.0,0.0,0.0,0.04696358,0.041724246,-7.484763E-4,0.0,0.0,0.0,0.0,0.0,0.0
891707101,0.022967422,0.017851826,-7.307995E-4,0.0,0.0,0.0,0.0,0.0,0.0,0.0193577,0.02636364,0.0010008485,0.0,0.0,0.0,0.0,0.0,0.0
89299Y009,0.02189658,-0.10900303,-0.018699944,-0.022838548,-0.016007314,0.001138539,0.0,0.0,0.0,NaN,NaN,NaN,NaN,NaN,NaN,0.0,0.0,0.0
892149105,0.020288495,-0.0041358746,-0.0034891958,0.0,0.0,0.0,0.0,0.0,0.0,-0.017701097,-0.032707673,-0.0021437965,0.0,0.0,0.0,0.0,0.0,0.0
89376N108,-0.003919669,0.0048762807,0.0012565643,0.0,0.0,0.0,0.0,0.0,0.0,0.017241094,0.0055117067,-0.0016756268,0.0,0.0,0.0,0.0,0.0,0.0
893878108,0.01806528,0.009999194,-0.0011522978,0.0,0.0,0.0,0.0,0.0,0.0,0.051095143,0.045978967,-7.308823E-4,0.0,0.0,0.0,0.0,0.0,0.0
894859107,-0.01244282,0.00814228,0.0029407288,0.0,0.0,0.0,0.0,0.0,0.0,0.05155057,0.05496286,4.8746966E-4,0.0,0.0,0.0,0.0,0.0,0.0
896106200,0.007183866,6.41499E-4,-9.346238E-4,0.0,0.0,0.0,0.068304755,0.07602571,0.0011029935,0.027361339,0.034417078,0.0010079627,0.0,0.0,0.0,0.027416896,0.023798164,-5.1696174E-4
896925203,0.028209418,0.026629305,-2.257305E-4,0.0,0.0,0.0,0.0,0.0,0.0,0.046236586,0.04537565,-1.22991E-4,0.0,0.0,0.0,0.0,0.0,0.0
89816T103,0.01343074,0.010992367,-3.48339E-4,0.0,0.0,0.0,0.016251298,0.013067593,-4.5481496E-4,0.02756436,0.018300574,-0.001323398,0.0,0.0,0.0,0.030432655,0.029614734,-1.1684586E-4
872918107,0.0044989265,-0.03973434,-0.006319038,0.0,0.0,0.0,0.0,0.0,0.0,0.014838737,4.016143E-4,-0.0020624462,0.0,0.0,0.0,0.0,0.0,0.0
899900104,0.0060917046,-0.015415947,-0.0030725214,0.0,0.0,0.0,0.0,0.0,0.0,-0.02951797,-0.06315073,-0.0048046806,0.0,0.0,0.0,0.0,0.0,0.0
901167106,-0.001291506,-0.005469419,-5.968447E-4,0.0,0.0,0.0,0.0,0.0,0.0,0.035236016,0.028873147,-9.089812E-4,0.0,0.0,0.0,0.0,0.0,0.0
87311M102,0.045987245,0.027825149,-0.002594585,0.0,0.0,0.0,0.0,0.0,0.0,0.019836774,-0.013847097,-0.004811981,0.0,0.0,0.0,0.0,0.0,0.0
90334D109,0.018922234,-0.012220679,-0.0044489875,0.0,0.0,0.0,0.0,0.0,0.0,0.004621455,0.0058830017,1.8022096E-4,0.0,0.0,0.0,0.0,0.0,0.0
90333L201,0.016288176,-5.7708536E-4,-0.002409323,0.0,0.0,0.0,0.0,0.0,0.0,0.016054379,-0.00746765,-0.0033602898,0.0,0.0,0.0,0.0,0.0,0.0
90331T107,0.010229236,NaN,NaN,0.0,0.0,0.0,0.0,0.0,0.0,-0.0075556054,NaN,NaN,0.0,0.0,0.0,0.0,0.0,0.0
910047109,-0.0013828842,-0.013753031,-0.0017671639,-0.02729535,NaN,NaN,0.016467743,0.019731538,4.6625655E-4,0.0010534597,0.016583951,0.0022186416,0.031201966,NaN,NaN,0.029602895,0.017645389,-0.0017082151
902646108,0.003922768,-0.04123853,-0.006451614,0.0,0.0,0.0,0.0,0.0,0.0,0.016927168,0.013701579,-4.6079844E-4,0.0,0.0,0.0,0.0,0.0,0.0
903849107,NaN,-0.011331569,NaN,0.0,0.0,0.0,0.0,0.0,0.0,NaN,0.050748263,NaN,0.0,0.0,0.0,0.0,0.0,0.0
910858109,-0.016834702,-0.019382011,-3.6390126E-4,-0.046636503,NaN,NaN,NaN,-0.017493986,NaN,0.004201654,-5.5031653E-4,-6.7885296E-4,-0.003858101,NaN,NaN,NaN,0.027780818,NaN
903293405,0.032048885,0.025695706,-9.07597E-4,0.0,0.0,0.0,0.029744448,0.054493465,0.0035355738,0.016718462,0.030831087,0.0020160894,0.0,0.0,0.0,0.03896073,0.043258514,6.1396934E-4
917311805,-0.06381941,-0.03171737,0.004586005,0.0,0.0,0.0,0.0,0.0,0.0,-0.05108314,-0.06232885,-0.0016065298,0.0,0.0,0.0,0.0,0.0,0.0
91972C106,-0.0021355925,-0.031373516,-0.0041768462,0.0,0.0,0.0,0.0,0.0,0.0,NaN,NaN,NaN,0.0,0.0,0.0,0.0,0.0,0.0
919902106,NaN,0.05167856,NaN,0.0,0.0,0.0,0.0,0.0,0.0,NaN,0.020724218,NaN,0.0,0.0,0.0,0.0,0.0,0.0
494580103,0.03668913,-0.0034826891,-0.005738831,0.0,0.0,0.0,0.032474548,0.026619893,-8.363793E-4,0.033156797,0.015393287,-0.0025376442,0.0,0.0,0.0,0.022726843,0.02020116,-3.6081192E-4
923275101,0.030283103,-0.018299414,-0.0069403597,0.0,0.0,0.0,0.0,0.0,0.0,0.025848974,0.053163793,0.003902117,0.0,0.0,0.0,0.0,0.0,0.0
92335X100,-0.03769884,-0.1724431,-0.019249182,0.0,0.0,0.0,0.0,0.0,0.0,-0.0069368645,0.012203954,0.0027344027,0.0,0.0,0.0,0.0,0.0,0.0
92336G106,0.0221326,-0.008218974,-0.004335939,0.0,0.0,0.0,0.0,0.0,0.0,0.019535901,0.010480832,-0.0012935812,0.0,0.0,0.0,0.0,0.0,0.0
925492100,0.17111558,0.06984018,-0.014467915,0.0,0.0,0.0,0.0,0.0,0.0,0.02476432,0.028791277,5.752795E-4,0.0,0.0,0.0,0.0,0.0,0.0
92553H803,0.040407527,0.010794621,-0.0037016133,0.0,0.0,0.0,0.0,0.0,0.0,-0.021257568,-0.0029457405,0.0022889785,0.0,0.0,0.0,0.0,0.0,0.0
925529208,-0.0018754649,-0.028843539,-0.0038525818,0.0,0.0,0.0,0.0,0.0,0.0,0.012469611,-0.0026885378,-0.0021654498,0.0,0.0,0.0,0.0,0.0,0.0
63845P101,0.05158389,0.008307706,-0.006182312,0.0,0.0,0.0,0.034868266,NaN,NaN,0.0043313946,0.0070570796,3.8938358E-4,0.0,0.0,0.0,0.023244314,NaN,NaN
92839U206,0.0145662315,-0.0024596541,-0.0024322695,0.0,0.0,0.0,0.0,0.0,0.0,0.022744859,0.0053836796,-0.0024801684,0.0,0.0,0.0,0.0,0.0,0.0
928559103,0.04823029,0.0031376844,-0.006441801,0.0,0.0,0.0,0.0,0.0,0.0,0.019928966,0.018068062,-2.6584338E-4,0.0,0.0,0.0,0.0,0.0,0.0
38388F108,0.027988128,0.02670769,-2.1340635E-4,0.018993497,0.022503696,9.237367E-5,0.048976358,0.037561104,-0.0016307506,0.026678186,0.02948907,4.6848072E-4,0.01848798,0.025162023,1.7563268E-4,0.04805777,0.03118055,-0.0024110314
93369N109,NaN,0.009913252,NaN,0.010279745,NaN,NaN,0.030125922,0.023788694,-9.053182E-4,NaN,0.021736493,NaN,0.017210666,NaN,NaN,0.0022462674,3.6456072E-4,-2.6881523E-4
934390402,0.03398088,0.01298469,-0.002999456,0.0,0.0,0.0,NaN,0.025711853,NaN,0.03552601,0.031227909,-6.1401457E-4,0.0,0.0,0.0,NaN,0.03180967,NaN
938862208,0.02816979,0.003335582,-0.0035477441,0.0,0.0,0.0,NaN,0.03290326,NaN,0.027564473,-0.002051463,-0.004230848,0.0,0.0,0.0,NaN,0.015701948,NaN
94769A101,0.026087673,-0.001553614,-0.003948755,0.0,0.0,0.0,0.0,0.0,0.0,0.022256002,0.016728798,-7.8960054E-4,0.0,0.0,0.0,0.0,0.0,0.0
94845V103,-0.07766007,-0.07100247,9.5108576E-4,0.0,0.0,0.0,0.0,0.0,0.0,-0.060154658,-0.07556825,-0.002201942,0.0,0.0,0.0,0.0,0.0,0.0
948774104,-0.049543004,NaN,NaN,0.0,0.0,0.0,0.0,0.0,0.0,0.013305335,NaN,NaN,0.0,0.0,0.0,0.0,0.0,0.0
955465109,0.015838925,NaN,NaN,0.0,0.0,0.0,0.0,0.0,0.0,0.029395351,NaN,NaN,0.0,0.0,0.0,0.0,0.0,0.0
958043408,-0.009664584,-0.009634109,4.3535338E-6,0.0066394517,NaN,NaN,0.016898891,0.032429382,0.0022186416,0.006466159,0.01946675,0.0018572273,0.032000154,NaN,NaN,0.03850555,0.038520318,2.1095786E-6
960878106,-0.01780622,0.012436192,0.004320345,0.0,0.0,0.0,-0.020152323,NaN,NaN,0.0061468757,-9.74501E-4,-0.0010173395,0.0,0.0,0.0,0.017034188,NaN,NaN
961238102,0.037699733,0.037907932,2.9742718E-5,0.0,0.0,0.0,0.0,0.0,0.0,0.036706224,0.03730479,8.550925E-5,0.0,0.0,0.0,0.0,0.0,0.0
410315105,0.011392772,0.014873187,4.972021E-4,-0.018427702,7.5455126E-4,0.0019182253,0.011308169,-0.099433504,-0.015820239,0.00964059,0.017184911,0.0010777601,0.0059682676,-0.0036887403,-9.657008E-4,0.021878647,0.040594183,0.002673648
194831004,NaN,0.032411322,NaN,0.003355294,0.010313111,7.730908E-4,0.015178098,NaN,NaN,NaN,0.039630834,NaN,0.055214986,0.05408773,-1.2525088E-4,0.053348295,NaN,NaN
972218101,-0.018646099,0.0104159,0.004151714,-0.061829522,0.052870415,0.038233314,0.0052567148,0.003622219,-2.334994E-4,0.02964084,0.021713575,-0.0011324665,0.029932907,0.038070936,0.0027126763,0.027562948,0.041570194,0.0020010353
974280307,0.032368023,0.016523955,-0.0022634382,0.0,0.0,0.0,0.025866114,0.0124976095,-0.0019097863,0.03108704,0.034916803,5.471089E-4,0.0,0.0,0.0,0.04214796,0.042354237,2.946811E-5
975515107,-0.026248982,NaN,NaN,0.0,0.0,0.0,0.0,0.0,0.0,0.012469611,NaN,NaN,0.0,0.0,0.0,0.0,0.0,0.0
97652H109,-0.011295459,-0.009021718,3.2482017E-4,0.0,0.0,0.0,0.0,0.0,0.0,0.02218732,0.023108872,1.3165016E-4,0.0,0.0,0.0,0.0,0.0,0.0
98141A101,0.005667553,-0.016715506,-0.0031975799,0.0,0.0,0.0,0.0,0.0,0.0,0.012469626,-0.002688539,-0.002165452,0.0,0.0,0.0,0.0,0.0,0.0
981902109,NaN,-0.03463616,NaN,-0.22568803,NaN,NaN,0.0,0.0,0.0,NaN,-0.03377487,NaN,0.02700925,NaN,NaN,0.0,0.0,0.0
981579105,-0.057138104,-0.053207565,5.6150556E-4,0.0,0.0,0.0,0.0,0.0,0.0,-0.0037827839,0.0026899206,9.2467206E-4,0.0,0.0,0.0,0.0,0.0,0.0
981907108,0.029496804,0.02473871,-6.7972764E-4,0.0,0.0,0.0,0.0,0.0,0.0,0.03717073,0.017583396,-0.0027981906,0.0,0.0,0.0,0.0,0.0,0.0
894688100,0.0691398,-0.02396307,-0.0133004105,5.041684E-5,0.040124953,0.0057249335,0.05068564,0.04830065,-3.4071293E-4,0.05089725,0.03246946,-0.0026325418,0.028017493,0.029595861,2.2548118E-4,0.026932115,0.032263268,7.615933E-4
98416J118,NaN,0.026605202,NaN,0.0,0.0,0.0,NaN,0.03987936,NaN,NaN,0.01756178,NaN,0.0,0.0,0.0,NaN,-0.0075830705,NaN
98417K106,-0.01037619,-0.007176352,4.5711966E-4,0.0,0.0,0.0,0.0,0.0,0.0,-0.002688538,0.014601105,0.002469949,0.0,0.0,0.0,0.0,0.0,0.0
989349105,-0.08176396,NaN,NaN,0.0,0.0,0.0,0.0,0.0,0.0,-0.039480224,NaN,NaN,0.0,0.0,0.0,0.0,0.0,0.0
20557T101,0.0,0.0,0.0,0.022888908,NaN,NaN,0.036382932,0.08991523,0.007647471,0.0,0.0,0.0,0.018303001,NaN,NaN,0.006630068,-0.003026451,-0.0013795027
428291108,0.0,0.0,0.0,0.012722713,0.013731378,2.0173304E-4,0.03316103,0.03296539,-2.7948725E-5,0.0,0.0,0.0,-0.0025466518,0.035497814,0.0076088933,0.028144935,0.030677801,3.6183797E-4
212072102,0.0,0.0,0.0,-0.01378787,NaN,NaN,-0.045176063,NaN,NaN,0.0,0.0,0.0,0.042128716,NaN,NaN,0.012704235,NaN,NaN
35241Q107,0.0,0.0,0.0,NaN,0.047623023,NaN,0.025820227,0.0194863,-9.0484665E-4,0.0,0.0,0.0,NaN,0.020157386,NaN,0.015266966,0.008803414,-9.2336454E-4
086553104,0.0,0.0,0.0,0.0,0.0,0.0,NaN,-0.010036388,NaN,0.0,0.0,0.0,0.0,0.0,0.0,NaN,0.029160412,NaN
G3921A175,0.0,0.0,0.0,0.0,0.0,0.0,NaN,-0.020177942,NaN,0.0,0.0,0.0,0.0,0.0,0.0,NaN,0.042468056,NaN
172936106,0.0,0.0,0.0,0.0,0.0,0.0,0.031253997,0.033720154,3.5230815E-4,0.0,0.0,0.0,0.0,0.0,0.0,0.028227497,0.015325238,-0.0018431798
457661106,0.0,0.0,0.0,0.0,0.0,0.0,NaN,0.047742378,NaN,0.0,0.0,0.0,0.0,0.0,0.0,NaN,0.058454398,NaN
44980Y305,0.0,0.0,0.0,0.0,0.0,0.0,NaN,0.029329205,NaN,0.0,0.0,0.0,0.0,0.0,0.0,NaN,-0.003901114,NaN
46624E405,0.0,0.0,0.0,0.0,0.0,0.0,0.025301281,0.020040518,-7.515377E-4,0.0,0.0,0.0,0.0,0.0,0.0,0.008945322,0.016780218,0.0011192709
48577P106,0.0,0.0,0.0,0.0,0.0,0.0,NaN,0.035775673,NaN,0.0,0.0,0.0,0.0,0.0,0.0,NaN,0.03915182,NaN
578349102,0.0,0.0,0.0,0.0,0.0,0.0,0.06125496,NaN,NaN,0.0,0.0,0.0,0.0,0.0,0.0,0.029776981,NaN,NaN
586014102,0.0,0.0,0.0,0.0,0.0,0.0,0.019958721,0.015374172,-6.549357E-4,0.0,0.0,0.0,0.0,0.0,0.0,-0.030577917,-0.015626857,0.0021358656
636317109,0.0,0.0,0.0,0.0,0.0,0.0,0.043073952,0.0847957,0.0059602493,0.0,0.0,0.0,0.0,0.0,0.0,0.035265967,0.0432057,0.0011342476
70322A101,0.0,0.0,0.0,0.0,0.0,0.0,0.02796569,0.03089884,4.1902144E-4,0.0,0.0,0.0,0.0,0.0,0.0,0.035732288,0.03728738,2.2215609E-4
98387T103,0.0,0.0,0.0,0.0,0.0,0.0,-0.02586068,NaN,NaN,0.0,0.0,0.0,0.0,0.0,0.0,0.02061249,NaN,NaN
71654J108,0.0,0.0,0.0,0.0,0.0,0.0,0.040653832,0.023492139,-0.0024516706,0.0,0.0,0.0,0.0,0.0,0.0,0.013360699,0.03020868,0.0024068546
746276104,0.0,0.0,0.0,0.0,0.0,0.0,0.030745963,NaN,NaN,0.0,0.0,0.0,0.0,0.0,0.0,0.043817785,NaN,NaN
686857103,0.0,0.0,0.0,0.0,0.0,0.0,0.02832235,NaN,NaN,0.0,0.0,0.0,0.0,0.0,0.0,0.03990688,NaN,NaN
761339100,0.0,0.0,0.0,0.0,0.0,0.0,0.016620666,0.02811534,0.0016420962,0.0,0.0,0.0,0.0,0.0,0.0,0.03173419,0.02123259,-0.0015002287
827056300,0.0,0.0,0.0,0.0,0.0,0.0,-0.035931893,NaN,NaN,0.0,0.0,0.0,0.0,0.0,0.0,-0.005861856,NaN,NaN
834376501,0.0,0.0,0.0,0.0,0.0,0.0,0.021422746,0.033827785,0.0017721485,0.0,0.0,0.0,0.0,0.0,0.0,0.031047825,0.032759566,2.4453443E-4
817826209,0.0,0.0,0.0,0.0,0.0,0.0,0.025370501,0.019059049,-9.01636E-4,0.0,0.0,0.0,0.0,0.0,0.0,0.039319243,0.03309702,-8.8888884E-4
849416201,0.0,0.0,0.0,0.0,0.0,0.0,NaN,0.01940167,NaN,0.0,0.0,0.0,0.0,0.0,0.0,NaN,0.029989257,NaN
893349837,0.0,0.0,0.0,0.0,0.0,0.0,0.014352183,-0.0031709643,-0.0025033068,0.0,0.0,0.0,0.0,0.0,0.0,0.021172134,-0.015483477,-0.0052365162
988858106,0.0,0.0,0.0,0.0,0.0,0.0,0.017107183,0.021417148,6.1570934E-4,0.0,0.0,0.0,0.0,0.0,0.0,0.013404569,0.03395501,0.0029357777
