00252W104,257.60287,205.67926,-7.4176593,0.0,0.0,0.0,0.0,0.0,0.0,117.36442,125.34991,1.1407841,0.0,0.0,0.0,0.0,0.0,0.0
,0.0,0.0,0.0,0.0,0.0,0.0,0.0,0.0,0.0,0.0,0.0,0.0,0.0,0.0,0.0,0.0,0.0,0.0
00439T206,529.9209,NaN,NaN,0.0,0.0,0.0,NaN,502.32758,NaN,1255.9272,NaN,NaN,0.0,0.0,0.0,NaN,902.6252,NaN
004724100,505.32358,592.9741,12.521506,0.0,0.0,0.0,0.0,0.0,0.0,582.63446,719.08826,19.493399,0.0,0.0,0.0,0.0,0.0,0.0
000973107,295.45963,503.56772,29.729727,0.0,0.0,0.0,0.0,0.0,0.0,289.14975,415.83185,18.097443,0.0,0.0,0.0,0.0,0.0,0.0
00503U105,719.24335,385.33734,-47.70086,0.0,0.0,0.0,0.0,0.0,0.0,177.29637,159.79231,-2.5005798,0.0,0.0,0.0,0.0,0.0,0.0
006847107,946.9688,1157.9049,30.133728,0.0,0.0,0.0,0.0,0.0,0.0,6168.369,6662.1895,70.54576,0.0,0.0,0.0,0.0,0.0,0.0
006848105,11431.746,13853.384,345.94824,0.0,0.0,0.0,0.0,0.0,0.0,3428.3584,3582.769,22.058664,0.0,0.0,0.0,0.0,0.0,0.0
31865X106,225.36382,277.691,7.4753137,0.0,0.0,0.0,0.0,0.0,0.0,5577.616,8115.8857,362.60992,0.0,0.0,0.0,0.0,0.0,0.0
008494106,187.76164,226.97523,5.6019416,0.0,0.0,0.0,0.0,0.0,0.0,150.2655,161.93724,1.6673911,0.0,0.0,0.0,0.0,0.0,0.0
009114109,263.00693,174.04099,-12.70942,0.0,0.0,0.0,0.0,0.0,0.0,495.00247,464.39908,-4.3719134,0.0,0.0,0.0,0.0,0.0,0.0
867071102,NaN,758.6869,NaN,721.5614,699.6955,-2.1865907,0.0,0.0,0.0,NaN,15.542555,NaN,14.955172,18.147963,0.3192791,0.0,0.0,0.0
018593103,411.5981,365.177,-6.6315875,0.0,0.0,0.0,0.0,0.0,0.0,NaN,NaN,NaN,0.0,0.0,0.0,0.0,0.0,0.0
019223106,253.36992,234.47597,-2.699136,0.0,0.0,0.0,0.0,0.0,0.0,321.2133,370.8939,7.097229,0.0,0.0,0.0,0.0,0.0,0.0
019411107,168.5506,122.06486,-6.64082,0.0,0.0,0.0,0.0,0.0,0.0,818.3997,1088.6836,38.61198,0.0,0.0,0.0,0.0,0.0,0.0
019645506,626.9879,517.3918,-15.65659,359.3683,NaN,NaN,0.0,0.0,0.0,347.99487,372.58734,3.5132098,300.8362,NaN,NaN,0.0,0.0,0.0
02146C104,664.35596,422.3837,-34.567467,0.0,0.0,0.0,0.0,0.0,0.0,199.0299,214.1232,2.1561847,0.0,0.0,0.0,0.0,0.0,0.0
625440102,435.1571,281.9547,-21.886057,NaN,469.30603,NaN,206.7113,188.69865,-2.2515812,355.52734,362.12418,0.9424046,NaN,220.55621,NaN,335.4733,483.05157,18.447285
023006109,NaN,385.03226,NaN,235.02692,NaN,NaN,0.0,0.0,0.0,NaN,888.1458,NaN,335.81982,NaN,NaN,0.0,0.0,0.0
023395106,287.42877,NaN,NaN,0.0,0.0,0.0,0.0,0.0,0.0,738.80005,NaN,NaN,0.0,0.0,0.0,0.0,0.0,0.0
023426703,170.35007,243.72441,10.482049,228.83542,209.07309,-3.9524658,98.21501,85.39923,-1.8308258,575.82965,548.9874,-3.8346035,625.75476,575.9402,-9.962915,580.91705,543.63416,-5.3261285
023586100,2052.3567,2115.434,9.011056,2122.858,NaN,NaN,1705.0176,1720.4238,2.200893,6772.1426,7828.4614,150.9027,8679.001,NaN,NaN,8789.451,7810.588,-139.83762
90341W108,638.9284,929.68134,41.536133,828.12555,732.3052,-7.370798,1087.0636,1056.2805,-4.397583,1502.3352,1573.6259,10.184379,1990.5748,2495.3572,38.82941,2340.9465,2033.475,-43.924507
024490302,312.89938,NaN,NaN,0.0,0.0,0.0,0.0,0.0,0.0,401.48276,NaN,NaN,0.0,0.0,0.0,0.0,0.0,0.0
024928103,246.63564,689.6586,63.289,0.0,0.0,0.0,0.0,0.0,0.0,1026.6023,1506.8542,68.60742,0.0,0.0,0.0,0.0,0.0,0.0
02553G101,159.71498,170.84955,1.5906525,0.0,0.0,0.0,0.0,0.0,0.0,236.69472,117.013954,-17.097252,0.0,0.0,0.0,0.0,0.0,0.0
026496208,529.8234,489.9779,-5.6922174,440.5032,373.35107,-7.4613476,303.1237,254.02914,-7.0135064,1013.39075,1136.3243,17.561941,1201.7426,696.1446,-56.17755,650.42645,557.97156,-13.207842
026652107,260.39935,213.9765,-6.631836,0.0,0.0,0.0,0.0,0.0,0.0,66.517914,60.488415,-0.86135703,0.0,0.0,0.0,0.0,0.0,0.0
028816106,370.05942,NaN,NaN,0.0,0.0,0.0,0.0,0.0,0.0,523.0382,NaN,NaN,0.0,0.0,0.0,0.0,0.0,0.0
029318300,183.06203,269.9513,12.412752,0.0,0.0,0.0,0.0,0.0,0.0,191.23418,225.28848,4.864901,0.0,0.0,0.0,0.0,0.0,0.0
030789507,1305.6605,1976.7426,95.86886,1332.1486,993.1673,-33.898125,171.10881,201.73975,4.375848,497.76453,634.4364,19.524553,811.5171,970.10504,15.858795,469.76962,440.55362,-4.1737146
03113V109,1105.7288,NaN,NaN,0.0,0.0,0.0,0.0,0.0,0.0,248.95284,NaN,NaN,0.0,0.0,0.0,0.0,0.0,0.0
03237E108,452.44223,290.24838,-23.17055,0.0,0.0,0.0,275.28387,219.11665,-8.023889,1115.7394,991.6619,-17.725351,0.0,0.0,0.0,664.1632,566.5925,-13.938668
001813104,4434.485,3943.0945,-70.19862,0.0,0.0,0.0,0.0,0.0,0.0,3981.084,5042.507,151.63184,0.0,0.0,0.0,0.0,0.0,0.0
03304B300,381.23746,480.62665,14.198456,0.0,0.0,0.0,NaN,383.70306,NaN,4484.2603,5650.331,166.58154,0.0,0.0,0.0,NaN,4588.3086,NaN
G6359F103,361.19382,270.93967,-12.89345,206.82632,171.13332,-3.96589,139.84303,43.296097,-13.792419,324.78577,283.25952,-5.9323206,307.866,341.63116,3.7516851,372.58734,300.83612,-10.2501745
035250109,234.08775,NaN,NaN,0.0,0.0,0.0,0.0,0.0,0.0,960.6098,NaN,NaN,0.0,0.0,0.0,0.0,0.0,0.0
381119106,667.3321,433.77676,-33.365047,0.0,0.0,0.0,NaN,84.76125,NaN,1194.473,1376.9117,26.062674,0.0,0.0,0.0,NaN,821.11694,NaN
038196101,227.64317,252.75795,3.5878253,0.0,0.0,0.0,0.0,0.0,0.0,221.20981,248.6753,3.9236407,0.0,0.0,0.0,0.0,0.0,0.0
038213104,212.06163,203.02986,-1.2902527,0.0,0.0,0.0,0.0,0.0,0.0,111.12976,189.59926,11.2099285,0.0,0.0,0.0,0.0,0.0,0.0
001937101,399.72046,372.70786,-3.8589435,0.0,0.0,0.0,0.0,0.0,0.0,254.90651,271.05612,2.3070874,0.0,0.0,0.0,0.0,0.0,0.0
G04397108,727.66614,644.0467,-11.945635,0.0,0.0,0.0,0.0,0.0,0.0,126.4861,104.99304,-3.0704367,0.0,0.0,0.0,0.0,0.0,0.0
90341G103,779.5969,1170.5138,55.84527,0.0,0.0,0.0,NaN,270.693,NaN,6769.0093,8749.499,282.9271,0.0,0.0,0.0,NaN,10398.892,NaN
042384107,2590.422,2411.0486,-25.62479,2467.213,NaN,NaN,0.0,0.0,0.0,299.54596,406.9349,15.341278,424.02393,NaN,NaN,0.0,0.0,0.0
G05330108,2219.0232,NaN,NaN,0.0,0.0,0.0,0.0,0.0,0.0,6413.7383,NaN,NaN,0.0,0.0,0.0,0.0,0.0,0.0
04544X300,207.85223,182.62318,-3.1536312,0.0,0.0,0.0,0.0,0.0,0.0,222.34755,203.5591,-2.3485565,0.0,0.0,0.0,0.0,0.0,0.0
04648X107,213.13232,139.06982,-10.580358,0.0,0.0,0.0,0.0,0.0,0.0,654.68243,445.5186,-29.88055,0.0,0.0,0.0,0.0,0.0,0.0
045919107,5132.2886,892.89386,-605.6278,0.0,0.0,0.0,0.0,0.0,0.0,500.29486,438.0219,-8.896135,0.0,0.0,0.0,0.0,0.0,0.0
04649A106,792.63306,309.6162,-69.0024,0.0,0.0,0.0,0.0,0.0,0.0,6569.769,6140.129,-61.377163,0.0,0.0,0.0,0.0,0.0,0.0
37990V204,482.1814,485.0502,0.4098293,0.0,0.0,0.0,0.0,0.0,0.0,3842.8215,3942.1992,14.196813,0.0,0.0,0.0,0.0,0.0,0.0
046613105,179.26372,NaN,NaN,0.0,0.0,0.0,0.0,0.0,0.0,NaN,NaN,NaN,0.0,0.0,0.0,0.0,0.0,0.0
050727106,332.2089,NaN,NaN,0.0,0.0,0.0,0.0,0.0,0.0,375.76764,NaN,NaN,0.0,0.0,0.0,0.0,0.0,0.0
05164B106,917.9793,719.1489,-28.40434,0.0,0.0,0.0,0.0,0.0,0.0,6842.39,7044.446,28.865095,0.0,0.0,0.0,0.0,0.0,0.0
05873K108,243.58331,362.34793,16.966373,0.0,0.0,0.0,0.0,0.0,0.0,1488.8328,1680.3567,27.360561,0.0,0.0,0.0,0.0,0.0,0.0
069744100,200.69627,196.08246,-0.65911645,0.0,0.0,0.0,0.0,0.0,0.0,6642.435,6631.9365,-1.4997908,0.0,0.0,0.0,0.0,0.0,0.0
074002205,970.7055,898.17444,-10.361581,0.0,0.0,0.0,0.0,0.0,0.0,429.6312,383.16,-6.6387415,0.0,0.0,0.0,0.0,0.0,0.0
077266104,329.59177,315.37912,-2.030378,0.0,0.0,0.0,0.0,0.0,0.0,391.314,407.85196,2.3625662,0.0,0.0,0.0,0.0,0.0,0.0
087509105,3308.8801,2654.8386,-93.4345,3495.4463,NaN,NaN,0.0,0.0,0.0,1320.363,1136.148,-26.31644,1385.4948,NaN,NaN,0.0,0.0,0.0
091250100,513.2607,592.41626,11.30794,0.0,0.0,0.0,0.0,0.0,0.0,1218.7479,1139.4133,-11.333513,0.0,0.0,0.0,0.0,0.0,0.0
055607105,137.50372,NaN,NaN,0.0,0.0,0.0,0.0,0.0,0.0,81.50077,NaN,NaN,0.0,0.0,0.0,0.0,0.0,0.0
098904204,299.84857,343.12302,6.1820636,0.0,0.0,0.0,0.0,0.0,0.0,816.4214,789.9059,-3.787929,0.0,0.0,0.0,0.0,0.0,0.0
099541203,282.73462,268.6067,-2.0182757,0.0,0.0,0.0,0.0,0.0,0.0,174.014,259.88504,12.26729,0.0,0.0,0.0,0.0,0.0,0.0
100578103,1100.0472,1026.9089,-10.448329,0.0,0.0,0.0,0.0,0.0,0.0,224.47205,283.38565,8.416229,0.0,0.0,0.0,0.0,0.0,0.0
104499207,297.95355,294.7067,-0.46383667,547.2905,NaN,NaN,0.0,0.0,0.0,379.5697,486.83328,15.323369,224.60016,NaN,NaN,0.0,0.0,0.0
105423404,92.56587,204.23596,15.95287,290.19315,NaN,NaN,0.0,0.0,0.0,1147.1128,1364.894,31.111607,1574.5406,NaN,NaN,0.0,0.0,0.0
105425102,NaN,1181.6896,NaN,0.0,0.0,0.0,0.0,0.0,0.0,NaN,2232.3557,NaN,0.0,0.0,0.0,0.0,0.0,0.0
106702103,NaN,1014.01575,NaN,0.0,0.0,0.0,0.0,0.0,0.0,NaN,824.5409,NaN,0.0,0.0,0.0,0.0,0.0,0.0
119003101,2794.2314,3080.293,40.865932,0.0,0.0,0.0,0.0,0.0,0.0,4356.4644,7417.91,437.3494,0.0,0.0,0.0,0.0,0.0,0.0
120084108,175.93913,170.14864,-0.8272138,0.0,0.0,0.0,0.0,0.0,0.0,161.59253,156.45718,-0.73362076,0.0,0.0,0.0,0.0,0.0,0.0
120113105,579.3316,510.0388,-9.898973,0.0,0.0,0.0,0.0,0.0,0.0,15836.365,12057.793,-539.796,0.0,0.0,0.0,0.0,0.0,0.0
121693105,1122.2965,908.8203,-30.4966,0.0,0.0,0.0,0.0,0.0,0.0,266.58517,382.40378,16.545515,0.0,0.0,0.0,0.0,0.0,0.0
123164105,175.6223,243.7633,9.734429,0.0,0.0,0.0,0.0,0.0,0.0,193.38043,231.5124,5.447425,0.0,0.0,0.0,0.0,0.0,0.0
12476P203,377.0265,332.87604,-6.3072076,0.0,0.0,0.0,0.0,0.0,0.0,2581.2773,2856.0745,39.256733,0.0,0.0,0.0,0.0,0.0,0.0
128787108,738.63525,826.3129,12.525382,789.66364,NaN,NaN,0.0,0.0,0.0,1242.7043,1273.3319,4.375366,262.2013,NaN,NaN,0.0,0.0,0.0
129915203,173.16219,130.33803,-6.117737,172.43767,NaN,NaN,0.0,0.0,0.0,1995.0425,1566.7305,-61.18743,1536.7769,NaN,NaN,0.0,0.0,0.0
140909102,295.85428,210.55113,-12.186164,0.0,0.0,0.0,0.0,0.0,0.0,4867.368,3912.4,-136.42404,0.0,0.0,0.0,0.0,0.0,0.0
140777103,NaN,148.57495,NaN,0.0,0.0,0.0,0.0,0.0,0.0,NaN,468.57068,NaN,0.0,0.0,0.0,0.0,0.0,0.0
141602300,174.37927,156.26103,-2.58832,0.0,0.0,0.0,0.0,0.0,0.0,217.59299,214.62682,-0.42373875,0.0,0.0,0.0,0.0,0.0,0.0
141649301,246.43669,205.95009,-5.7838006,0.0,0.0,0.0,83.30485,78.287865,-0.7167119,144.72641,139.88377,-0.6918052,0.0,0.0,0.0,149.98521,195.00742,6.431743
141706309,233.67444,258.90488,3.6043484,0.0,0.0,0.0,0.0,0.0,0.0,156.04219,231.00421,10.70886,0.0,0.0,0.0,0.0,0.0,0.0
143436400,436.26465,486.36557,7.1572747,453.05627,NaN,NaN,307.849,315.49493,1.0922765,104.88441,109.441956,0.65107834,136.84885,NaN,NaN,778.3691,821.07184,6.1003942
111572103,1650.0955,1574.4373,-10.808314,1213.1626,1116.2344,-16.154703,1321.116,1305.091,-2.2892892,9659.187,10285.863,89.52525,10416.816,7068.959,-557.97626,6480.1963,6332.326,-21.124302
148710106,231.11452,244.04521,1.8472421,0.0,0.0,0.0,0.0,0.0,0.0,201.71759,246.29163,6.367719,0.0,0.0,0.0,0.0,0.0,0.0
15115M101,204.11238,207.20663,0.4420362,0.0,0.0,0.0,0.0,0.0,0.0,103.72461,120.84973,2.446446,0.0,0.0,0.0,0.0,0.0,0.0
125185108,232.22084,204.44743,-3.9676297,242.40106,NaN,NaN,0.0,0.0,0.0,394.91125,397.06894,0.30824062,503.67654,NaN,NaN,0.0,0.0,0.0
158496109,480.44763,470.00995,-1.4910976,0.0,0.0,0.0,70.81269,82.547775,1.6764406,49.251972,49.324253,0.010325841,0.0,0.0,0.0,41.81787,35.803997,-0.85912484
16115Q308,229.76404,155.24959,-10.644921,0.0,0.0,0.0,0.0,0.0,0.0,73.928696,87.7249,1.9708862,0.0,0.0,0.0,0.0,0.0,0.0
847807104,1586.9517,1796.7823,29.975813,837.8861,495.23215,-34.265396,270.87296,245.56184,-3.615873,268.7578,234.18597,-4.938834,193.27179,262.6504,6.93786,311.92834,493.00687,25.86836
559079207,946.44434,741.7884,-29.236563,0.0,0.0,0.0,868.6539,599.2788,-38.48215,66.99233,76.18119,1.312694,0.0,0.0,0.0,47.842014,81.55283,4.815831
163893209,NaN,1418.8535,NaN,0.0,0.0,0.0,NaN,3215.2317,NaN,NaN,6884.2476,NaN,0.0,0.0,0.0,NaN,7777.1167,NaN
165159104,558.96173,697.8797,19.845425,0.0,0.0,0.0,280.20078,301.99353,3.1132507,5551.18,4270.471,-182.95842,0.0,0.0,0.0,1972.104,2033.9658,8.837402
168710101,428.932,275.27097,-21.951578,0.0,0.0,0.0,0.0,0.0,0.0,1254.3964,1048.6486,-29.392544,0.0,0.0,0.0,0.0,0.0,0.0
170032809,1524.702,1353.6764,-24.432234,0.0,0.0,0.0,966.5232,920.97107,-6.5074463,433.88535,940.9041,72.43125,0.0,0.0,0.0,497.8219,181.06445,-45.251064
12542A206,1783.443,NaN,NaN,0.0,0.0,0.0,0.0,0.0,0.0,183.79752,NaN,NaN,0.0,0.0,0.0,0.0,0.0,0.0
172585101,1445.4507,1624.1842,25.53336,964.43036,686.25323,-23.181427,NaN,682.06024,NaN,704.83813,895.0013,27.166164,1253.8193,1918.3142,55.374573,NaN,2234.824,NaN
172737108,1930.8026,2340.4192,58.516655,0.0,0.0,0.0,0.0,0.0,0.0,1865.6724,2100.3865,33.530586,0.0,0.0,0.0,0.0,0.0,0.0
180461105,272.5326,NaN,NaN,0.0,0.0,0.0,0.0,0.0,0.0,458.92706,NaN,NaN,0.0,0.0,0.0,0.0,0.0,0.0
182728204,452.5958,376.2539,-10.905984,0.0,0.0,0.0,0.0,0.0,0.0,3672.6445,3767.25,13.515067,0.0,0.0,0.0,0.0,0.0,0.0
192481208,282.15536,263.80408,-2.6216125,0.0,0.0,0.0,0.0,0.0,0.0,567.87103,582.096,2.0321393,0.0,0.0,0.0,0.0,0.0,0.0
194830204,1752.1547,2159.9324,58.25396,0.0,0.0,0.0,0.0,0.0,0.0,803.8528,1017.36,30.501028,0.0,0.0,0.0,0.0,0.0,0.0
200334100,4731.515,NaN,NaN,3477.866,NaN,NaN,0.0,0.0,0.0,202.79501,NaN,NaN,313.1108,NaN,NaN,0.0,0.0,0.0
20452C104,139.39818,NaN,NaN,0.0,0.0,0.0,0.0,0.0,0.0,71.75139,NaN,NaN,0.0,0.0,0.0,0.0,0.0,0.0
206814105,193.47827,206.36987,1.8416574,0.0,0.0,0.0,0.0,0.0,0.0,96.87872,83.8496,-1.8613031,0.0,0.0,0.0,0.0,0.0,0.0
209232107,554.7198,493.5426,-8.739598,0.0,0.0,0.0,0.0,0.0,0.0,246.97719,277.54797,4.367255,0.0,0.0,0.0,0.0,0.0,0.0
21036U206,246.35881,231.42928,-2.1327908,193.8941,NaN,NaN,NaN,262.02686,NaN,350.72797,373.25223,3.2177517,273.45676,NaN,NaN,NaN,252.4304,NaN
21099Y004,915.7404,1089.2084,24.781137,983.3299,1183.533,16.683588,0.0,0.0,0.0,650.7331,495.00266,-22.247206,483.722,570.2533,7.2109427,0.0,0.0,0.0
211496104,1130.497,1803.5106,96.14481,0.0,0.0,0.0,0.0,0.0,0.0,90.73812,91.379326,0.091600694,0.0,0.0,0.0,0.0,0.0,0.0
211914403,185.23924,178.31367,-0.9893668,0.0,0.0,0.0,0.0,0.0,0.0,230.98563,358.97742,18.284542,0.0,0.0,0.0,0.0,0.0,0.0
216245100,320.17233,152.9489,-20.90293,134.53156,85.49542,-7.005162,93.34392,NaN,NaN,504.7395,524.5826,2.4803848,375.83423,288.8298,-12.429204,359.8885,NaN,NaN
218103109,274.63773,252.01375,-3.2319968,0.0,0.0,0.0,0.0,0.0,0.0,78.00774,78.370255,0.05178833,0.0,0.0,0.0,0.0,0.0,0.0
22161G103,135.53552,96.844505,-5.527288,0.0,0.0,0.0,0.0,0.0,0.0,567.87103,582.09576,2.0321045,0.0,0.0,0.0,0.0,0.0,0.0
222814204,730.60645,745.7432,2.1623971,0.0,0.0,0.0,310.89813,201.32327,-15.653551,5976.5527,6525.4385,78.41225,0.0,0.0,0.0,6363.119,5469.734,-127.626465
228439105,512.7701,389.95682,-17.544752,0.0,0.0,0.0,0.0,0.0,0.0,671.5061,492.8436,-25.523214,0.0,0.0,0.0,0.0,0.0,0.0
228622106,530.46735,NaN,NaN,0.0,0.0,0.0,0.0,0.0,0.0,2302.1638,NaN,NaN,0.0,0.0,0.0,0.0,0.0,0.0
229070107,NaN,172.04779,NaN,181.44136,NaN,NaN,0.0,0.0,0.0,NaN,83.11371,NaN,87.56668,NaN,NaN,0.0,0.0,0.0
229241104,431.1907,133.6422,-37.193565,0.0,0.0,0.0,80.09013,71.73863,-1.1930716,323.79242,289.4747,-4.289715,0.0,0.0,0.0,303.66205,333.2511,4.2270074
126419100,186.00922,278.17783,13.1669445,0.0,0.0,0.0,0.0,0.0,0.0,679.85443,485.94647,-27.701138,0.0,0.0,0.0,0.0,0.0,0.0
23380G106,104.74662,193.56512,12.688357,0.0,0.0,0.0,0.0,0.0,0.0,266.6508,306.78348,5.7332416,0.0,0.0,0.0,0.0,0.0,0.0
234050102,170.7688,139.18227,-4.512362,0.0,0.0,0.0,0.0,0.0,0.0,295.1806,282.09305,-1.8696507,0.0,0.0,0.0,0.0,0.0,0.0
234053106,224.67798,373.69824,21.288609,0.0,0.0,0.0,0.0,0.0,0.0,936.7806,1038.7875,14.572413,0.0,0.0,0.0,0.0,0.0,0.0
235774106,357.60977,284.51117,-10.442657,0.0,0.0,0.0,0.0,0.0,0.0,90.69599,78.06741,-1.8040826,0.0,0.0,0.0,0.0,0.0,0.0
235825205,5197.0674,4123.457,-153.37291,0.0,0.0,0.0,0.0,0.0,0.0,985.12,1139.3481,22.032593,0.0,0.0,0.0,0.0,0.0,0.0
240028308,162.87367,196.77837,4.843528,0.0,0.0,0.0,0.0,0.0,0.0,410.45166,600.7307,27.182722,0.0,0.0,0.0,0.0,0.0,0.0
233162502,278.28812,122.95275,-22.190765,0.0,0.0,0.0,159.05531,92.73471,-9.474372,734.187,837.56586,14.768407,0.0,0.0,0.0,943.9106,840.7301,-14.740068
241209105,168.71791,262.22983,13.358846,0.0,0.0,0.0,0.0,0.0,0.0,313.7907,375.16846,8.7682495,0.0,0.0,0.0,0.0,0.0,0.0
243458106,359.67908,284.39612,-10.754708,0.0,0.0,0.0,0.0,0.0,0.0,564.80023,488.10114,-10.957014,0.0,0.0,0.0,0.0,0.0,0.0
247361702,14193.626,11492.356,-385.89566,0.0,0.0,0.0,14787.44,20430.273,806.119,3903.6135,4328.7334,60.73141,0.0,0.0,0.0,3756.3845,2978.4717,-111.13041
255374100,194.92677,153.9989,-5.846839,0.0,0.0,0.0,0.0,0.0,0.0,204.99887,220.14096,2.1631558,0.0,0.0,0.0,0.0,0.0,0.0
255402406,222.05174,441.96844,31.416672,0.0,0.0,0.0,0.0,0.0,0.0,381.3708,440.32208,8.421614,0.0,0.0,0.0,0.0,0.0,0.0
344822101,152.30328,386.1276,33.403473,365.91736,317.01657,-8.150131,224.39873,229.66223,0.75192916,40.221035,31.249596,-1.2816342,30.139528,29.88835,-0.041863125,24.271547,26.274788,0.28617722
261528301,NaN,195.27466,NaN,0.0,0.0,0.0,0.0,0.0,0.0,NaN,602.28033,NaN,0.0,0.0,0.0,0.0,0.0,0.0
262175102,150.10326,182.26411,4.5944085,0.0,0.0,0.0,0.0,0.0,0.0,774.128,840.22125,9.441895,0.0,0.0,0.0,0.0,0.0,0.0
262497308,189.37408,199.21779,1.4062434,0.0,0.0,0.0,0.0,0.0,0.0,724.5411,863.9305,19.912771,0.0,0.0,0.0,0.0,0.0,0.0
265903104,1172.3358,1044.6375,-18.242624,0.0,0.0,0.0,0.0,0.0,0.0,1096.4003,1111.8408,2.2057931,0.0,0.0,0.0,0.0,0.0,0.0
267575108,214.97241,211.39754,-0.5106964,0.0,0.0,0.0,0.0,0.0,0.0,94.5528,102.27346,1.102951,0.0,0.0,0.0,0.0,0.0,0.0
269514204,167.53317,169.1531,0.23141916,0.0,0.0,0.0,124.373245,NaN,NaN,1351.574,1272.3071,-11.323835,0.0,0.0,0.0,1907.809,NaN,NaN
269524104,77.102615,NaN,NaN,0.0,0.0,0.0,0.0,0.0,0.0,745.8118,NaN,NaN,0.0,0.0,0.0,0.0,0.0,0.0
269803102,431.67648,342.39023,-12.755179,313.23273,NaN,NaN,0.0,0.0,0.0,940.5342,964.0854,3.3644583,761.2531,NaN,NaN,0.0,0.0,0.0
071625107,397.50073,299.43994,-14.008684,0.0,0.0,0.0,0.0,0.0,0.0,240.38971,237.03683,-0.47898212,0.0,0.0,0.0,0.0,0.0,0.0
279862106,366.53668,141.18,-28.169586,0.0,0.0,0.0,0.0,0.0,0.0,2538.7668,2559.3987,2.5789795,0.0,0.0,0.0,0.0,0.0,0.0
280875303,617.6542,615.28467,-0.33850098,489.29355,394.2086,-13.583566,281.50464,NaN,NaN,49.972366,51.334457,0.19458444,134.78291,132.7357,-0.29245868,140.2159,NaN,NaN
281067306,359.47195,229.47685,-18.570728,232.3602,NaN,NaN,121.79533,98.52162,-3.324815,397.0323,410.625,1.9418161,426.09506,NaN,NaN,404.85928,442.341,5.3545313
26874E107,325.41235,228.28275,-13.875658,0.0,0.0,0.0,0.0,0.0,0.0,659.9777,214.0243,-63.707634,0.0,0.0,0.0,0.0,0.0,0.0
291087203,174.76047,161.02568,-1.9621124,0.0,0.0,0.0,80.6402,69.14852,-1.6416681,2059.9087,2247.2158,26.758162,0.0,0.0,0.0,2118.5432,1932.5101,-26.576155
29255U104,1526.4935,909.0447,-88.20698,0.0,0.0,0.0,0.0,0.0,0.0,120.17875,5.270779,-16.415424,0.0,0.0,0.0,0.0,0.0,0.0
535763106,822.9614,591.8127,-33.021248,0.0,0.0,0.0,0.0,0.0,0.0,366.42267,637.4872,38.723503,0.0,0.0,0.0,0.0,0.0,0.0
57685E200,197.1754,203.9844,0.9727151,0.0,0.0,0.0,0.0,0.0,0.0,455.11545,538.21576,11.871473,0.0,0.0,0.0,0.0,0.0,0.0
295866107,203.632,191.70625,-1.7036787,138.55203,NaN,NaN,0.0,0.0,0.0,282.94876,326.09354,6.1635394,425.20963,NaN,NaN,0.0,0.0,0.0
297862104,187.79332,265.0439,11.035799,0.0,0.0,0.0,0.0,0.0,0.0,139.46834,113.797905,-3.6672046,0.0,0.0,0.0,0.0,0.0,0.0
299209106,928.834,794.70966,-19.160618,816.7585,NaN,NaN,0.0,0.0,0.0,104.21222,118.256325,2.0063007,176.27797,NaN,NaN,0.0,0.0,0.0
300072105,176.90135,231.2323,7.761564,0.0,0.0,0.0,0.0,0.0,0.0,498.08447,585.9816,12.556737,0.0,0.0,0.0,0.0,0.0,0.0
302051206,1318.2076,1202.815,-16.48467,0.0,0.0,0.0,1303.0288,1081.2566,-31.681746,102.726776,98.50857,-0.6026012,0.0,0.0,0.0,180.881,169.99683,-1.5548815
302088109,851.6548,3174.1934,331.79123,0.0,0.0,0.0,0.0,0.0,0.0,500.29486,438.0219,-8.896135,0.0,0.0,0.0,0.0,0.0,0.0
302723101,226.36517,227.83415,0.20985413,179.99817,NaN,NaN,0.0,0.0,0.0,1057.8035,1378.9581,45.87924,963.5304,NaN,NaN,0.0,0.0,0.0
303698104,196.20915,367.915,24.529408,0.0,0.0,0.0,0.0,0.0,0.0,271.83667,307.84927,5.1446576,0.0,0.0,0.0,0.0,0.0,0.0
305560302,1184.6746,1584.651,57.139492,0.0,0.0,0.0,0.0,0.0,0.0,10187.236,9348.8125,-119.77483,0.0,0.0,0.0,0.0,0.0,0.0
306075102,151.89565,210.53873,8.3775835,0.0,0.0,0.0,0.0,0.0,0.0,2987.501,2126.2317,-123.03847,0.0,0.0,0.0,0.0,0.0,0.0
30701A106,309.70166,313.91592,0.6020377,0.0,0.0,0.0,0.0,0.0,0.0,440.31003,684.7707,34.92295,0.0,0.0,0.0,0.0,0.0,0.0
313549404,5983.875,NaN,NaN,4701.3525,NaN,NaN,3875.3845,3273.4878,-85.985245,1008.1568,NaN,NaN,887.711,NaN,NaN,1220.8895,1076.5603,-20.61846
315646109,302.02628,258.17642,-6.2642646,0.0,0.0,0.0,0.0,0.0,0.0,4015.317,3989.323,-3.7134137,0.0,0.0,0.0,0.0,0.0,0.0
317832103,80.75037,174.00656,13.322313,0.0,0.0,0.0,0.0,0.0,0.0,235.3609,294.47812,8.445317,0.0,0.0,0.0,0.0,0.0,0.0
317884203,313.742,NaN,NaN,0.0,0.0,0.0,0.0,0.0,0.0,548.1927,NaN,NaN,0.0,0.0,0.0,0.0,0.0,0.0
G3529X106,1600.9684,2025.2355,60.609585,0.0,0.0,0.0,0.0,0.0,0.0,6394.8325,6569.769,24.990932,0.0,0.0,0.0,0.0,0.0,0.0
339099103,343.53067,399.07266,7.9345703,0.0,0.0,0.0,0.0,0.0,0.0,138.88354,152.62624,1.9632416,0.0,0.0,0.0,0.0,0.0,0.0
339130106,2003.6696,3073.2556,152.798,0.0,0.0,0.0,0.0,0.0,0.0,520.44415,675.2266,22.111782,0.0,0.0,0.0,0.0,0.0,0.0
339756108,271.81732,243.42635,-4.055854,0.0,0.0,0.0,0.0,0.0,0.0,277.10056,238.97318,-5.4467688,0.0,0.0,0.0,0.0,0.0,0.0
34407T104,476.27225,277.35928,-28.416138,0.0,0.0,0.0,0.0,0.0,0.0,3942.1992,4445.399,71.88567,0.0,0.0,0.0,0.0,0.0,0.0
344123203,433.95657,NaN,NaN,0.0,0.0,0.0,0.0,0.0,0.0,20.174082,NaN,NaN,0.0,0.0,0.0,0.0,0.0,0.0
344155205,396.02335,353.7194,-6.043422,0.0,0.0,0.0,0.0,0.0,0.0,6413.7383,6827.1753,59.06243,0.0,0.0,0.0,0.0,0.0,0.0
345206205,491.1621,526.9628,5.1143885,0.0,0.0,0.0,407.76746,NaN,NaN,519.9959,581.5205,8.789228,0.0,0.0,0.0,837.0009,NaN,NaN
34659D104,153.80295,161.91946,1.1595023,0.0,0.0,0.0,0.0,0.0,0.0,167.75356,181.74052,1.9981384,0.0,0.0,0.0,0.0,0.0,0.0
349841304,380.48276,403.51816,3.2907715,359.42505,289.00443,-14.084125,252.37976,199.85837,-7.503056,2.23848,3.3155727,0.15387037,4.227132,5.1743064,0.18943492,17.137363,22.759418,0.8031507
302543103,375.3009,602.5093,32.45834,0.0,0.0,0.0,0.0,0.0,0.0,57.14723,76.95641,2.8298836,0.0,0.0,0.0,0.0,0.0,0.0
358321206,322.6607,293.89,-4.110099,94.343864,NaN,NaN,0.0,0.0,0.0,366.97473,419.46545,7.498675,460.67853,NaN,NaN,0.0,0.0,0.0
358430106,319.0491,480.92407,23.124996,0.0,0.0,0.0,0.0,0.0,0.0,287.14215,335.05746,6.8450446,0.0,0.0,0.0,0.0,0.0,0.0
359059102,498.1537,659.5877,23.062002,0.0,0.0,0.0,0.0,0.0,0.0,4308.285,3806.3098,-71.71076,0.0,0.0,0.0,0.0,0.0,0.0
359076106,501.52408,NaN,NaN,0.0,0.0,0.0,0.0,0.0,0.0,514.3941,NaN,NaN,0.0,0.0,0.0,0.0,0.0,0.0
G3682L105,1586.3712,1435.7504,-21.517263,1629.5991,NaN,NaN,0.0,0.0,0.0,76.013084,55.664806,-2.9068968,89.600655,NaN,NaN,0.0,0.0,0.0
36352K103,567.94745,486.79575,-11.593101,0.0,0.0,0.0,0.0,0.0,0.0,129.49898,100.86091,-4.0911527,0.0,0.0,0.0,0.0,0.0,0.0
368145108,848.5378,700.0999,-21.20541,0.0,0.0,0.0,603.04315,571.3894,-4.521964,473.86,308.9621,-23.55684,0.0,0.0,0.0,282.36224,285.11508,0.3932626
36155Q109,254.47705,220.12267,-4.907769,144.42567,NaN,NaN,0.0,0.0,0.0,115.20463,107.969666,-1.0335661,151.52483,NaN,NaN,0.0,0.0,0.0
370054207,344.49585,284.0756,-8.631465,0.0,0.0,0.0,0.0,0.0,0.0,514.50165,595.34393,11.548898,0.0,0.0,0.0,0.0,0.0,0.0
37045V100,71457.44,41609.12,-4264.0454,NaN,153309.05,NaN,40060.43,42678.156,373.96094,58530.797,44250.24,-2040.0798,NaN,40179.52,NaN,6446.5854,5519.018,-132.50963
64015Y104,1498.0375,1864.5264,52.355556,0.0,0.0,0.0,1074.7505,1063.248,-1.6432059,660.1824,712.9042,7.531686,0.0,0.0,0.0,1365.9685,1359.8473,-0.8744594
372257105,418.31375,369.35794,-6.993687,0.0,0.0,0.0,176.30797,NaN,NaN,627.41345,807.43024,25.716684,0.0,0.0,0.0,1010.78455,NaN,NaN
372282103,152.35573,153.7601,0.20062473,0.0,0.0,0.0,0.0,0.0,0.0,157.9442,194.03745,5.156178,0.0,0.0,0.0,0.0,0.0,0.0
37245X203,768.0705,690.19745,-11.124721,0.0,0.0,0.0,0.0,0.0,0.0,964.1768,1094.6083,18.633066,0.0,0.0,0.0,0.0,0.0,0.0
37248E202,2624.7102,1316.7994,-186.84439,0.0,0.0,0.0,0.0,0.0,0.0,382.8798,415.21664,4.61955,0.0,0.0,0.0,0.0,0.0,0.0
373654102,262.4473,222.29207,-5.736461,236.26189,NaN,NaN,0.0,0.0,0.0,2514.7468,3261.258,106.64446,3362.758,NaN,NaN,0.0,0.0,0.0
G3930E101,1867.127,1550.7733,-45.19338,1342.3754,1029.9265,-26.037405,478.61594,424.77753,-7.691201,303.63733,345.6937,6.0080523,343.4711,284.42593,-4.9204307,270.2481,274.4126,0.59492713
37941P306,182.2707,NaN,NaN,0.0,0.0,0.0,0.0,0.0,0.0,821.1247,NaN,NaN,0.0,0.0,0.0,0.0,0.0,0.0
37936U104,2400.7166,1379.8297,-145.84097,0.0,0.0,0.0,0.0,0.0,0.0,6011.089,6413.7344,57.520786,0.0,0.0,0.0,0.0,0.0,0.0
G3930H104,667.127,NaN,NaN,0.0,0.0,0.0,0.0,0.0,0.0,7735.345,NaN,NaN,0.0,0.0,0.0,0.0,0.0,0.0
64050T101,450.42038,318.32608,-18.870615,0.0,0.0,0.0,0.0,0.0,0.0,538.9292,381.3708,-22.508345,0.0,0.0,0.0,0.0,0.0,0.0
380804203,210.08366,199.99017,-1.4419272,0.0,0.0,0.0,0.0,0.0,0.0,514.82623,589.8871,10.722979,0.0,0.0,0.0,0.0,0.0,0.0
383485109,172.5313,NaN,NaN,0.0,0.0,0.0,0.0,0.0,0.0,5105.932,NaN,NaN,0.0,0.0,0.0,0.0,0.0,0.0
384632105,321.47604,NaN,NaN,0.0,0.0,0.0,0.0,0.0,0.0,224.9108,NaN,NaN,0.0,0.0,0.0,0.0,0.0,0.0
386532402,733.5218,599.72656,-19.113604,0.0,0.0,0.0,666.5527,489.54626,-25.28663,1026.8207,1195.8549,24.14774,0.0,0.0,0.0,1404.3143,1560.001,22.24095
390064103,1590.0322,1240.791,-49.8916,0.0,0.0,0.0,1328.2611,1125.9276,-28.904785,3147.5127,2590.1953,-79.61677,0.0,0.0,0.0,637.0758,548.0649,-12.715846
36191C205,212.1958,244.20427,4.5726385,0.0,0.0,0.0,0.0,0.0,0.0,491.10144,397.40225,-13.385598,0.0,0.0,0.0,0.0,0.0,0.0
361942105,731.09845,712.0207,-2.725394,0.0,0.0,0.0,0.0,0.0,0.0,5698.0957,6104.4346,58.04841,0.0,0.0,0.0,0.0,0.0,0.0
401794201,423.02103,312.74915,-15.753126,0.0,0.0,0.0,0.0,0.0,0.0,89.76991,80.7336,-1.2909023,0.0,0.0,0.0,0.0,0.0,0.0
047620109,142.19334,168.01628,3.688991,219.84178,NaN,NaN,0.0,0.0,0.0,567.00934,579.3034,1.7562953,618.072,NaN,NaN,0.0,0.0,0.0
404429102,223.25752,321.212,13.993498,0.0,0.0,0.0,0.0,0.0,0.0,126.50052,181.20412,7.8148,0.0,0.0,0.0,0.0,0.0,0.0
409900107,141.32513,NaN,NaN,0.0,0.0,0.0,0.0,0.0,0.0,769.72656,NaN,NaN,0.0,0.0,0.0,0.0,0.0,0.0
481165108,1837.5774,1726.6923,-15.840734,1238.8557,NaN,NaN,762.9691,710.59784,-7.481611,NaN,NaN,NaN,NaN,NaN,NaN,NaN,NaN,NaN
417119104,240.93571,281.84253,5.8438306,0.0,0.0,0.0,477.38916,496.7326,2.7633493,271.83667,307.84927,5.1446576,0.0,0.0,0.0,114.230545,103.38427,-1.5494679
417434503,436.6255,396.7277,-5.699685,0.0,0.0,0.0,277.07812,NaN,NaN,71.75567,81.06505,1.3299114,0.0,0.0,0.0,81.48202,NaN,NaN
419879101,165.83821,146.30623,-2.7902832,33.125393,1.3198246,-3.533952,370.52466,409.03278,5.5011597,3216.4966,3901.5042,97.85822,4037.5586,4199.96,18.044596,4429.8765,4115.3535,-44.93185
420781304,875.55334,684.3198,-27.319075,0.0,0.0,0.0,1250.1906,1213.495,-5.2422223,1198.815,1178.4559,-2.9084299,0.0,0.0,0.0,853.45264,1040.348,26.69934
670198100,306.05954,206.45049,-14.229865,0.0,0.0,0.0,99.343636,86.130165,-1.8876387,2868.1477,2908.4902,5.7632184,0.0,0.0,0.0,3709.572,3428.36,-40.17313
422660936,798.1952,NaN,NaN,0.0,0.0,0.0,0.0,0.0,0.0,1500.467,NaN,NaN,0.0,0.0,0.0,0.0,0.0,0.0
422893107,1233.607,1061.3112,-24.613699,0.0,0.0,0.0,0.0,0.0,0.0,155.48299,169.16977,1.9552547,0.0,0.0,0.0,0.0,0.0,0.0
428291108,257.0199,223.25215,-4.8239636,185.97403,164.49797,-4.295212,151.21443,447.82132,42.37241,855.1679,1806.7849,135.94528,1761.833,1675.4082,-17.284962,1634.1077,1776.3569,20.321323
430771105,284.69113,195.0404,-12.807246,0.0,0.0,0.0,0.0,0.0,0.0,171.74242,207.45245,5.1014338,0.0,0.0,0.0,0.0,0.0,0.0
431692102,911.3064,927.5508,2.3206265,646.4905,669.09796,2.2607484,655.1017,647.8935,-1.0297415,585.7253,739.42365,21.95691,919.1963,1026.7499,10.755359,1378.9581,963.53015,-59.346855
433245107,175.85625,NaN,NaN,0.0,0.0,0.0,0.0,0.0,0.0,244.38008,NaN,NaN,0.0,0.0,0.0,0.0,0.0,0.0
441759107,283.3892,262.787,-2.943172,212.31187,144.10907,-9.7432575,87.71405,NaN,NaN,86.54947,145.65938,8.444273,297.76468,354.10434,8.048523,318.71677,NaN,NaN
404269201,NaN,223.21173,NaN,253.34021,238.3945,-2.989142,198.46382,NaN,NaN,NaN,1055.2651,NaN,530.1248,543.358,2.6466308,474.17374,NaN,NaN
444356109,157.53477,NaN,NaN,0.0,0.0,0.0,0.0,0.0,0.0,262.7306,NaN,NaN,0.0,0.0,0.0,0.0,0.0,0.0
81169P101,418.19678,658.1237,34.275276,0.0,0.0,0.0,NaN,433.5168,NaN,966.71783,927.80316,-5.559239,0.0,0.0,0.0,NaN,1586.6411,NaN
868447103,775.7849,814.5773,5.5417657,0.0,0.0,0.0,NaN,1522.8657,NaN,5272.7964,7940.0146,381.0312,0.0,0.0,0.0,NaN,1771.6029,NaN
45255G101,140.32155,172.53574,4.602027,0.0,0.0,0.0,0.0,0.0,0.0,278.9517,311.44562,4.6419897,0.0,0.0,0.0,0.0,0.0,0.0
453096208,776.2321,607.9433,-24.04126,0.0,0.0,0.0,NaN,223.81548,NaN,619.37024,774.964,22.227678,0.0,0.0,0.0,NaN,865.8574,NaN
45321T202,786.3725,447.3021,-48.43863,0.0,0.0,0.0,0.0,0.0,0.0,690.25397,562.1797,-18.296326,0.0,0.0,0.0,0.0,0.0,0.0
45772G105,99.799484,82.82796,-2.4245038,0.0,0.0,0.0,0.0,0.0,0.0,435.0455,359.00446,-10.863007,0.0,0.0,0.0,0.0,0.0,0.0
45811E301,357.3278,241.71072,-16.516724,0.0,0.0,0.0,187.94545,NaN,NaN,769.6347,251.89716,-73.96251,0.0,0.0,0.0,227.42621,NaN,NaN
45812C106,3287.9072,3035.5554,-36.05026,0.0,0.0,0.0,0.0,0.0,0.0,371.79932,499.54166,18.248905,0.0,0.0,0.0,0.0,0.0,0.0
45881K104,435.8971,373.80728,-8.869973,0.0,0.0,0.0,0.0,0.0,0.0,NaN,NaN,NaN,0.0,0.0,0.0,0.0,0.0,0.0
459004404,141.16748,150.37227,1.3149698,94.115074,NaN,NaN,0.0,0.0,0.0,459.7381,574.8617,16.446228,602.89136,NaN,NaN,0.0,0.0,0.0
45950T101,143.10863,178.67178,5.080451,0.0,0.0,0.0,0.0,0.0,0.0,273.0635,239.81091,-4.7503705,0.0,0.0,0.0,0.0,0.0,0.0
46072H108,904.4768,885.5735,-2.7004743,0.0,0.0,0.0,0.0,0.0,0.0,226.03932,217.61624,-1.2032973,0.0,0.0,0.0,0.0,0.0,0.0
45031T872,603.29364,494.70178,-15.513123,439.06406,NaN,NaN,NaN,371.52643,NaN,6394.8325,6569.769,24.990932,6059.8184,NaN,NaN,NaN,5632.9272,NaN
469834105,136.56447,192.28894,7.960639,0.0,0.0,0.0,0.0,0.0,0.0,6195.8823,6343.633,21.107212,0.0,0.0,0.0,0.0,0.0,0.0
470737107,267.53564,240.99712,-3.7912183,230.38184,216.75124,-2.72612,0.0,0.0,0.0,948.54504,1006.3913,8.26375,1183.343,1580.9833,79.52805,0.0,0.0,0.0
46611Q403,253.16316,292.17712,5.573423,0.0,0.0,0.0,0.0,0.0,0.0,633.82996,773.7855,19.993652,0.0,0.0,0.0,0.0,0.0,0.0
477066203,228.48854,NaN,NaN,0.0,0.0,0.0,0.0,0.0,0.0,44.483295,NaN,NaN,0.0,0.0,0.0,0.0,0.0,0.0
481138105,550.63947,NaN,NaN,0.0,0.0,0.0,0.0,0.0,0.0,2357.5662,NaN,NaN,0.0,0.0,0.0,0.0,0.0,0.0
481386100,340.97766,244.01091,-13.852393,0.0,0.0,0.0,0.0,0.0,0.0,318.71677,401.33878,11.803144,0.0,0.0,0.0,0.0,0.0,0.0
48213P106,260.15424,486.98056,32.40376,0.0,0.0,0.0,0.0,0.0,0.0,366.32892,404.72644,5.48536,0.0,0.0,0.0,0.0,0.0,0.0
29084Q100,1552.5934,598.2014,-136.3417,0.0,0.0,0.0,NaN,387.66434,NaN,5.89414,8.36893,0.35354143,0.0,0.0,0.0,NaN,10.819476,NaN
483007704,NaN,1541.4045,NaN,0.0,0.0,0.0,323.01627,475.7496,21.819048,NaN,3474.1216,NaN,0.0,0.0,0.0,5022.018,5413.8623,55.97775
485808109,215.75551,NaN,NaN,0.0,0.0,0.0,0.0,0.0,0.0,680.30853,NaN,NaN,0.0,0.0,0.0,0.0,0.0,0.0
482434206,340.73798,173.10649,-23.947355,174.3941,NaN,NaN,204.30415,153.23727,-7.2952685,581.5205,641.52313,8.571803,700.4062,NaN,NaN,1178.8008,1550.7026,53.128838
482455102,NaN,314.75775,NaN,0.0,0.0,0.0,0.0,0.0,0.0,NaN,1055.2653,NaN,0.0,0.0,0.0,0.0,0.0,0.0
488035106,319.92593,361.0609,5.8764257,0.0,0.0,0.0,0.0,0.0,0.0,141.52483,153.51622,1.7130563,0.0,0.0,0.0,0.0,0.0,0.0
492716105,203.03864,171.4555,-4.5118756,0.0,0.0,0.0,0.0,0.0,0.0,73.50048,88.19304,2.0989368,0.0,0.0,0.0,0.0,0.0,0.0
494521305,384.19968,364.42407,-2.8250864,0.0,0.0,0.0,322.66675,316.07175,-0.942143,5.7500157,7.6124406,0.26606068,0.0,0.0,0.0,15.628682,21.960278,0.90451366
498326206,563.5563,574.1479,1.5130876,0.0,0.0,0.0,0.0,0.0,0.0,232.30582,285.71115,7.6293335,0.0,0.0,0.0,0.0,0.0,0.0
812350106,8914.228,9052.319,19.7274,7906.365,NaN,NaN,3306.3997,4325.27,145.5529,508.4273,482.1364,-3.755842,464.1772,NaN,NaN,1832.9661,1499.7621,-47.600567
500453204,293.02548,325.83627,4.687256,0.0,0.0,0.0,179.36964,203.22537,3.4079611,665.86847,585.98895,-11.41136,0.0,0.0,0.0,615.6504,625.651,1.4286586
505606103,204.3302,186.3796,-2.5643725,0.0,0.0,0.0,0.0,0.0,0.0,590.4077,745.36395,22.136606,0.0,0.0,0.0,0.0,0.0,0.0
51808R206,512.90326,NaN,NaN,0.0,0.0,0.0,0.0,0.0,0.0,517.61566,NaN,NaN,0.0,0.0,0.0,0.0,0.0,0.0
521863308,1311.4362,1223.9268,-12.501343,0.0,0.0,0.0,NaN,1229.394,NaN,9038.926,9867.997,118.43876,0.0,0.0,0.0,NaN,11647.282,NaN
521865204,3743.8564,3140.9639,-86.12751,0.0,0.0,0.0,NaN,4114.7666,NaN,1719.7738,1943.8901,32.01662,0.0,0.0,0.0,NaN,1081.5864,NaN
521098202,400.89404,NaN,NaN,0.0,0.0,0.0,0.0,0.0,0.0,42.238216,NaN,NaN,0.0,0.0,0.0,0.0,0.0,0.0
526262100,188.58943,252.99002,9.200084,0.0,0.0,0.0,0.0,0.0,0.0,NaN,NaN,NaN,0.0,0.0,0.0,0.0,0.0,0.0
B5628B104,357.43283,1033.0713,96.519775,0.0,0.0,0.0,0.0,0.0,0.0,128.57877,211.79816,11.888484,0.0,0.0,0.0,0.0,0.0,0.0
527016109,320.5763,350.5532,4.282414,249.64616,158.52022,-5.6953716,39.00223,43.630676,0.66120636,316.37198,393.52008,11.021157,285.51068,246.09071,-2.463748,273.04376,340.617,9.65332
527482103,402.30185,677.8686,39.366676,0.0,0.0,0.0,0.0,0.0,0.0,122.34497,141.35266,2.7153842,0.0,0.0,0.0,0.0,0.0,0.0
530129204,291.91675,NaN,NaN,0.0,0.0,0.0,0.0,0.0,0.0,309.05988,NaN,NaN,0.0,0.0,0.0,0.0,0.0,0.0
536257108,230.4141,215.28545,-2.1612353,147.34941,NaN,NaN,228.34117,168.57878,-8.537484,962.1656,1254.3964,41.747253,965.49756,NaN,NaN,456.79385,411.1236,-6.5243225
538032400,373.7489,240.6548,-19.013443,0.0,0.0,0.0,203.73787,124.78193,-11.27942,70.004395,80.07355,1.4384505,0.0,0.0,0.0,91.87427,114.11398,3.1771023
54021P403,839.4194,624.9185,-30.642979,0.0,0.0,0.0,406.27466,432.07318,3.6855032,1082.8156,997.0337,-12.254552,0.0,0.0,0.0,1050.0377,1429.2961,54.179775
014383103,2683.7283,2932.9883,35.608574,2574.7495,NaN,NaN,1878.5367,1705.5737,-24.709002,608.8608,883.81134,39.278652,1057.759,NaN,NaN,752.82446,764.4003,1.6536952
540423100,1113.0107,1153.2511,5.7486224,0.0,0.0,0.0,0.0,0.0,0.0,113.696556,115.97562,0.32558006,0.0,0.0,0.0,0.0,0.0,0.0
542290408,1192.6923,817.5262,-53.595154,691.1983,651.2874,-3.0700684,NaN,337.64233,NaN,388.05295,713.71375,46.522972,786.024,679.52783,-8.192012,NaN,393.3582,NaN
543881106,2310.5625,1412.8174,-128.2493,0.0,0.0,0.0,870.86383,NaN,NaN,640.44104,778.77515,19.762014,0.0,0.0,0.0,1151.4475,NaN,NaN
501921100,3223.0984,4373.5586,164.35146,5096.835,4850.403,-9.127116,3881.1084,3735.405,-20.814768,1087.8792,1320.363,33.211983,381.122,507.96002,4.6977043,574.1746,706.09863,18.846287
552078107,9460.602,NaN,NaN,0.0,0.0,0.0,0.0,0.0,0.0,949.98724,NaN,NaN,0.0,0.0,0.0,0.0,0.0,0.0
559211305,605.57446,635.0974,4.217564,0.0,0.0,0.0,0.0,0.0,0.0,543.5013,582.46124,5.5657086,0.0,0.0,0.0,0.0,0.0,0.0
478129109,NaN,2432.839,NaN,2334.0535,2224.2063,-6.461598,0.0,0.0,0.0,NaN,143.7479,NaN,265.05112,327.2516,3.6588511,0.0,0.0,0.0
566244109,224.7196,4079.1536,550.6334,0.0,0.0,0.0,0.0,0.0,0.0,62.778084,72.350876,1.3675417,0.0,0.0,0.0,0.0,0.0,0.0
568695209,NaN,240.18535,NaN,171.99731,147.7958,-2.0167923,0.0,0.0,0.0,NaN,352.72098,NaN,325.39606,315.4531,-0.8285802,0.0,0.0,0.0
573913100,644.80414,790.1663,20.766026,538.6088,NaN,NaN,324.66376,NaN,NaN,241.75024,297.74826,7.9997168,299.45676,NaN,NaN,401.48276,NaN,NaN
582266706,838.1899,609.5738,-32.659443,0.0,0.0,0.0,0.0,0.0,0.0,5643.517,6880.663,176.73514,0.0,0.0,0.0,0.0,0.0,0.0
55270M108,271.27914,251.79195,-2.7838855,0.0,0.0,0.0,0.0,0.0,0.0,248.05627,266.5216,2.6379046,0.0,0.0,0.0,0.0,0.0,0.0
58461Q409,189.5138,NaN,NaN,0.0,0.0,0.0,0.0,0.0,0.0,102.35047,NaN,NaN,0.0,0.0,0.0,0.0,0.0,0.0
584951107,50.462875,152.5662,14.586188,0.0,0.0,0.0,0.0,0.0,0.0,1028.2053,1067.8004,5.6564417,0.0,0.0,0.0,0.0,0.0,0.0
590436101,243.56581,307.08316,9.073907,305.60086,NaN,NaN,0.0,0.0,0.0,311.5393,283.12778,-4.0587897,287.13403,NaN,NaN,0.0,0.0,0.0
590479101,500.42667,816.5534,45.16096,0.0,0.0,0.0,0.0,0.0,0.0,3190.156,3034.519,-22.233852,0.0,0.0,0.0,0.0,0.0,0.0
591324207,681.3515,639.27814,-6.0104804,0.0,0.0,0.0,190.59494,314.5412,17.706608,533.46124,271.46408,-37.428165,0.0,0.0,0.0,298.72552,390.41043,13.097844
591596101,386.60452,748.8038,51.74275,0.0,0.0,0.0,0.0,0.0,0.0,29.493944,6.422098,-3.295978,0.0,0.0,0.0,0.0,0.0,0.0
00374N107,3435.7793,3986.497,78.673965,0.0,0.0,0.0,0.0,0.0,0.0,690.25397,562.1796,-18.296335,0.0,0.0,0.0,0.0,0.0,0.0
552813107,325.68686,251.8097,-10.553881,0.0,0.0,0.0,0.0,0.0,0.0,326.81534,339.83823,1.8604126,0.0,0.0,0.0,0.0,0.0,0.0
594517104,204.59636,200.50981,-0.58379257,0.0,0.0,0.0,0.0,0.0,0.0,186.01382,241.60414,7.941474,0.0,0.0,0.0,0.0,0.0,0.0
598126100,154.75244,199.63623,6.4119697,0.0,0.0,0.0,0.0,0.0,0.0,3240.2573,3183.914,-8.049037,0.0,0.0,0.0,0.0,0.0,0.0
598130102,261.74753,316.12885,7.7687597,255.90378,NaN,NaN,0.0,0.0,0.0,1341.0234,1560.0127,31.28418,1910.6921,NaN,NaN,0.0,0.0,0.0
598709301,323.24326,NaN,NaN,0.0,0.0,0.0,0.0,0.0,0.0,728.74347,NaN,NaN,0.0,0.0,0.0,0.0,0.0,0.0
603669102,265.3151,137.89496,-15.927517,0.0,0.0,0.0,0.0,0.0,0.0,126.548134,144.3309,2.222846,0.0,0.0,0.0,0.0,0.0,0.0
605288208,431.2064,495.96957,9.2518835,0.0,0.0,0.0,0.0,0.0,0.0,976.5948,955.7046,-2.984314,0.0,0.0,0.0,0.0,0.0,0.0
553100108,153.17726,171.28027,2.5861447,26.370817,NaN,NaN,0.0,0.0,0.0,73.481606,39.34625,-4.8764796,4.23439,NaN,NaN,0.0,0.0,0.0
607415106,403.92474,1143.0447,105.58856,0.0,0.0,0.0,0.0,0.0,0.0,2725.1646,2497.3557,-32.54412,0.0,0.0,0.0,0.0,0.0,0.0
60886R103,284.14316,291.60068,1.06536,0.0,0.0,0.0,0.0,0.0,0.0,60453.02,48393.95,-1722.7244,0.0,0.0,0.0,0.0,0.0,0.0
618447106,902.23004,520.68524,-54.5064,0.0,0.0,0.0,0.0,0.0,0.0,141.02888,158.11937,2.4414978,0.0,0.0,0.0,0.0,0.0,0.0
624581203,652.1103,495.45694,-22.37905,0.0,0.0,0.0,0.0,0.0,0.0,873.9417,837.7942,-5.163932,0.0,0.0,0.0,0.0,0.0,0.0
553166109,54.793823,139.47786,12.097719,0.0,0.0,0.0,0.0,0.0,0.0,357.52774,376.3625,2.6906781,0.0,0.0,0.0,0.0,0.0,0.0
62473L309,735.74786,345.67212,-55.725105,0.0,0.0,0.0,NaN,53.927647,NaN,6394.8325,6569.769,24.990932,0.0,0.0,0.0,NaN,5643.518,NaN
635570500,321.12424,271.9587,-7.023647,196.86139,NaN,NaN,206.36383,197.53178,-1.2617209,1103.1993,1529.9177,60.95977,1330.3656,NaN,NaN,2681.867,2056.6243,-89.32038
635812209,142.98676,155.04169,1.722133,0.0,0.0,0.0,0.0,0.0,0.0,500.7544,580.3125,11.365443,0.0,0.0,0.0,0.0,0.0,0.0
640820106,671.3361,563.13226,-15.457694,0.0,0.0,0.0,0.0,0.0,0.0,1295.5684,1820.165,74.94238,0.0,0.0,0.0,0.0,0.0,0.0
638588103,990.3,941.84155,-6.9226336,0.0,0.0,0.0,0.0,0.0,0.0,980.614,1143.384,23.25286,0.0,0.0,0.0,0.0,0.0,0.0
64122D506,240.68951,256.62512,2.2765155,0.0,0.0,0.0,0.0,0.0,0.0,6168.3687,6662.1895,70.54583,0.0,0.0,0.0,0.0,0.0,0.0
641881107,128.9687,89.08435,-5.697765,0.0,0.0,0.0,0.0,0.0,0.0,425.6674,517.6412,13.139112,0.0,0.0,0.0,0.0,0.0,0.0
655053106,334.13135,457.9325,17.685879,0.0,0.0,0.0,0.0,0.0,0.0,356.7096,405.525,6.9736285,0.0,0.0,0.0,0.0,0.0,0.0
656568508,9096.777,7601.472,-213.61502,0.0,0.0,0.0,1899.1205,2038.5497,19.918457,1180.3611,1115.358,-9.28615,0.0,0.0,0.0,61.38469,53.89117,-1.0705026
666610100,295.39948,445.23395,21.404924,0.0,0.0,0.0,0.0,0.0,0.0,468.36603,659.0401,27.239153,0.0,0.0,0.0,0.0,0.0,0.0
667280408,7782.9907,7253.7876,-75.60045,0.0,0.0,0.0,11246.7295,NaN,NaN,3903.6135,4328.734,60.73148,0.0,0.0,0.0,3756.3845,NaN,NaN
668367204,211.72845,NaN,NaN,0.0,0.0,0.0,0.0,0.0,0.0,1087.8794,NaN,NaN,0.0,0.0,0.0,0.0,0.0,0.0
67019U101,702.72406,677.7432,-3.5686908,0.0,0.0,0.0,0.0,0.0,0.0,8763.6045,9699.469,133.6949,0.0,0.0,0.0,0.0,0.0,0.0
69367F108,16527.943,13526.872,-428.72446,0.0,0.0,0.0,0.0,0.0,0.0,6394.8325,6569.7734,24.99156,0.0,0.0,0.0,0.0,0.0,0.0
669935108,197.78218,143.0841,-7.8140106,0.0,0.0,0.0,0.0,0.0,0.0,963.1403,1022.89386,8.53622,0.0,0.0,0.0,0.0,0.0,0.0
62944T105,1708.4955,1131.7362,-82.39418,977.98303,844.8078,-26.635046,481.39282,386.83688,-13.507991,610.30194,567.7157,-6.083749,569.4292,479.08453,-18.068933,361.73294,316.40887,-6.4748664
674098207,594.6307,560.60693,-4.8605347,0.0,0.0,0.0,0.0,0.0,0.0,352.40433,303.28726,-7.0167236,0.0,0.0,0.0,0.0,0.0,0.0
67083Q101,377.2915,NaN,NaN,0.0,0.0,0.0,0.0,0.0,0.0,43.11788,NaN,NaN,0.0,0.0,0.0,0.0,0.0,0.0
677007205,388.93604,491.38492,14.635554,0.0,0.0,0.0,0.0,0.0,0.0,455.0617,539.3228,12.037301,0.0,0.0,0.0,0.0,0.0,0.0
682505102,450.82327,NaN,NaN,0.0,0.0,0.0,0.0,0.0,0.0,36.879543,NaN,NaN,0.0,0.0,0.0,0.0,0.0,0.0
686285503,777.19324,801.46246,3.4670322,630.1103,NaN,NaN,453.5076,298.77057,-22.10529,1350.0747,1255.8992,-13.453649,1153.5914,NaN,NaN,1336.0022,904.6571,-61.620728
686588104,345.45996,NaN,NaN,0.0,0.0,0.0,0.0,0.0,0.0,1869.1571,NaN,NaN,0.0,0.0,0.0,0.0,0.0,0.0
690020102,NaN,755.1699,NaN,0.0,0.0,0.0,0.0,0.0,0.0,NaN,1037.3436,NaN,0.0,0.0,0.0,0.0,0.0,0.0
690742101,3164.0002,4008.2988,120.61408,3856.6416,NaN,NaN,3928.7004,3850.6213,-11.154158,111.38007,50.824383,-8.650813,54.635777,NaN,NaN,130.92996,146.36188,2.2045593
694327107,144.56258,230.88322,12.331521,0.0,0.0,0.0,0.0,0.0,0.0,6084.2095,6011.089,-10.445801,0.0,0.0,0.0,0.0,0.0,0.0
695542100,950.84955,898.8079,-7.434518,0.0,0.0,0.0,0.0,0.0,0.0,3611.0586,6374.9106,394.836,0.0,0.0,0.0,0.0,0.0,0.0
696639103,192.20851,179.05098,-1.8796474,0.0,0.0,0.0,0.0,0.0,0.0,106.26882,201.65282,13.626285,0.0,0.0,0.0,0.0,0.0,0.0
697757102,1953.2255,1765.8795,-26.763706,1541.9492,NaN,NaN,0.0,0.0,0.0,1341.0234,1560.0127,31.28418,1910.6921,NaN,NaN,0.0,0.0,0.0
698891108,439.4008,259.33755,-25.723318,0.0,0.0,0.0,0.0,0.0,0.0,2186.5652,1837.6044,-49.851543,0.0,0.0,0.0,0.0,0.0,0.0
69912K206,233.5644,245.83391,1.7527858,260.26697,NaN,NaN,0.0,0.0,0.0,320.9037,352.79926,4.55651,537.2708,NaN,NaN,0.0,0.0,0.0
704378405,926.43146,1037.5308,15.871329,0.0,0.0,0.0,0.0,0.0,0.0,964.6457,1294.7631,47.159626,0.0,0.0,0.0,0.0,0.0,0.0
70556K106,440.26733,286.46524,-21.971727,0.0,0.0,0.0,0.0,0.0,0.0,233.99745,249.03154,2.1477268,0.0,0.0,0.0,0.0,0.0,0.0
707832309,489.6499,458.61642,-4.433354,0.0,0.0,0.0,629.223,528.84766,-14.339338,2055.7346,1821.5819,-33.450386,0.0,0.0,0.0,1402.2283,1891.8988,69.952934
709620108,190.15686,195.73862,0.7973938,0.0,0.0,0.0,0.0,0.0,0.0,149.96745,151.93549,0.28114754,0.0,0.0,0.0,0.0,0.0,0.0
71366Q200,1247.1373,792.53955,-64.94254,0.0,0.0,0.0,0.0,0.0,0.0,259.21896,277.8455,2.6609323,0.0,0.0,0.0,0.0,0.0,0.0
716769203,179.22711,110.14666,-9.868636,67.86883,61.017532,-0.62284505,58.667664,53.790188,-0.69678223,178.02267,176.06155,-0.2801601,171.31883,144.98444,-2.394036,227.90137,257.11832,4.17385
717113203,253.37874,215.23651,-5.4488897,0.0,0.0,0.0,0.0,0.0,0.0,769.97986,961.1551,27.310747,0.0,0.0,0.0,0.0,0.0,0.0
719151102,162.42365,144.64954,-2.5391583,0.0,0.0,0.0,0.0,0.0,0.0,1448.2637,1328.2979,-17.137974,0.0,0.0,0.0,0.0,0.0,0.0
72147K108,2039.0553,1747.5404,-41.644985,0.0,0.0,0.0,NaN,1762.5996,NaN,225.21707,253.0153,3.9711761,0.0,0.0,0.0,NaN,185.60065,NaN
721506103,1051.7272,1057.7568,0.86138046,0.0,0.0,0.0,0.0,0.0,0.0,13.889295,13.1715,-0.10254206,0.0,0.0,0.0,0.0,0.0,0.0
723643300,411.40076,311.0369,-14.337694,0.0,0.0,0.0,0.0,0.0,0.0,958.2622,969.2776,1.5736258,0.0,0.0,0.0,0.0,0.0,0.0
72702Q102,375.82996,265.5232,-15.758109,0.0,0.0,0.0,0.0,0.0,0.0,283.3856,327.71268,6.332441,0.0,0.0,0.0,0.0,0.0,0.0
731095105,1198.8628,1512.5154,44.807514,0.0,0.0,0.0,0.0,0.0,0.0,1202.881,1320.604,16.817575,0.0,0.0,0.0,0.0,0.0,0.0
731745204,866.5726,774.15765,-13.202131,0.0,0.0,0.0,0.0,0.0,0.0,350.15692,349.34958,-0.115334645,0.0,0.0,0.0,0.0,0.0,0.0
732827100,329.29208,548.1112,31.259874,0.0,0.0,0.0,0.0,0.0,0.0,1122.7892,1162.0065,5.6024694,0.0,0.0,0.0,0.0,0.0,0.0
741016307,173.24744,NaN,NaN,0.0,0.0,0.0,0.0,0.0,0.0,442.3406,NaN,NaN,0.0,0.0,0.0,0.0,0.0,0.0
741917108,821.4389,1106.3506,40.701668,NaN,514.67865,NaN,272.6869,283.36115,1.5248936,254.81407,204.9989,-7.1164527,NaN,345.49527,NaN,263.13745,330.09665,9.565599
74342L105,240.05849,265.20358,3.5921566,0.0,0.0,0.0,0.0,0.0,0.0,73.67018,71.253075,-0.34530094,0.0,0.0,0.0,0.0,0.0,0.0
74437C101,1977.7797,1724.9666,-36.116158,0.0,0.0,0.0,0.0,0.0,0.0,483.7519,498.05667,2.0435398,0.0,0.0,0.0,0.0,0.0,0.0
747275105,83.9221,165.34618,11.632011,154.95447,NaN,NaN,0.0,0.0,0.0,427.71423,672.842,35.01825,1312.496,NaN,NaN,0.0,0.0,0.0
749361200,1164.7726,858.1491,-43.803352,0.0,0.0,0.0,692.58984,NaN,NaN,4760.787,5973.497,173.24428,0.0,0.0,0.0,5342.262,NaN,NaN
749412102,350.67203,186.91957,-23.393208,0.0,0.0,0.0,0.0,0.0,0.0,281.5236,264.5041,-2.4313571,0.0,0.0,0.0,0.0,0.0,0.0
756268108,247.63782,350.1766,14.648398,0.0,0.0,0.0,0.0,0.0,0.0,2694.429,3904.7004,172.89592,0.0,0.0,0.0,0.0,0.0,0.0
756285102,30.197601,195.1756,23.568285,0.0,0.0,0.0,0.0,0.0,0.0,166.5576,221.04778,7.7843103,0.0,0.0,0.0,0.0,0.0,0.0
757209507,456.5137,328.7398,-18.253414,0.0,0.0,0.0,168.76044,157.14287,-1.6596527,375.16235,417.6493,6.0695624,0.0,0.0,0.0,560.19086,577.0068,2.402274
398189100,409.64072,406.82285,-0.40255302,0.0,0.0,0.0,215.03386,218.7564,0.5317906,275.2225,254.89769,-2.903545,0.0,0.0,0.0,224.48611,242.76729,2.6115963
761406107,NaN,500.4117,NaN,364.16052,373.67984,0.8653925,226.937,NaN,NaN,NaN,2967.4897,NaN,1669.3721,1684.6908,1.3926114,1691.4224,NaN,NaN
74957T104,448.52164,275.45645,-24.723598,0.0,0.0,0.0,0.0,0.0,0.0,557.37915,590.98755,4.8012,0.0,0.0,0.0,0.0,0.0,0.0
762430205,578.95776,574.416,-0.6488212,0.0,0.0,0.0,0.0,0.0,0.0,500.29486,438.02185,-8.896144,0.0,0.0,0.0,0.0,0.0,0.0
779088103,361.47366,NaN,NaN,0.0,0.0,0.0,0.0,0.0,0.0,1319.2812,NaN,NaN,0.0,0.0,0.0,0.0,0.0,0.0
G7702U102,1079.3398,1121.793,6.064732,0.0,0.0,0.0,0.0,0.0,0.0,6228.798,6168.3687,-8.632743,0.0,0.0,0.0,0.0,0.0,0.0
794004200,158.41374,198.8343,5.774366,221.83679,192.30031,-2.2720373,186.14372,198.99298,1.8356084,110.68061,151.89493,5.8877597,59.181664,79.251,1.5437951,86.31484,91.999115,0.81203896
795872100,NaN,455.17953,NaN,0.0,0.0,0.0,0.0,0.0,0.0,NaN,341.13544,NaN,0.0,0.0,0.0,0.0,0.0,0.0
811371707,1398.5167,NaN,NaN,0.0,0.0,0.0,0.0,0.0,0.0,7425.56,NaN,NaN,0.0,0.0,0.0,0.0,0.0,0.0
816074405,358.86914,439.4437,11.510651,0.0,0.0,0.0,0.0,0.0,0.0,718.3966,392.50006,-46.55665,0.0,0.0,0.0,0.0,0.0,0.0
817587108,1151.568,1038.6277,-16.134329,1008.9017,NaN,NaN,0.0,0.0,0.0,1528.5621,1209.1166,-45.63508,1083.2249,NaN,NaN,0.0,0.0,0.0
G80550109,155.60059,173.39607,2.5422122,0.0,0.0,0.0,0.0,0.0,0.0,1018.9973,1367.01,49.7161,0.0,0.0,0.0,0.0,0.0,0.0
82967Y104,693.23773,659.11316,-4.874939,0.0,0.0,0.0,0.0,0.0,0.0,462.71973,441.85602,-2.9805298,0.0,0.0,0.0,0.0,0.0,0.0
83001A102,1487.1403,1371.9276,-16.45895,0.0,0.0,0.0,NaN,1843.265,NaN,1212.9772,1092.8008,-17.168056,0.0,0.0,0.0,NaN,520.1245,NaN
78442T108,579.33734,508.0614,-10.182277,0.0,0.0,0.0,0.0,0.0,0.0,253.63437,223.15561,-4.3541083,0.0,0.0,0.0,0.0,0.0,0.0
434149100,176.09627,NaN,NaN,0.0,0.0,0.0,0.0,0.0,0.0,54.400047,NaN,NaN,0.0,0.0,0.0,0.0,0.0,0.0
83169A100,99.24128,248.87541,21.376303,0.0,0.0,0.0,0.0,0.0,0.0,242.00125,292.46054,7.20847,0.0,0.0,0.0,0.0,0.0,0.0
832110100,1051.3177,794.4908,-36.689568,734.6812,545.41754,-27.037668,319.79413,281.5304,-5.4662476,345.871,390.88998,6.431283,453.09903,526.1295,10.432927,468.382,551.38153,11.857078
83272A104,3762.704,3069.5535,-99.02152,0.0,0.0,0.0,NaN,4924.5293,NaN,5172.298,4119.671,-150.37527,0.0,0.0,0.0,NaN,5807.628,NaN
83546Q109,351.13412,210.1811,-20.136145,0.0,0.0,0.0,0.0,0.0,0.0,635.0222,694.32574,8.471932,0.0,0.0,0.0,0.0,0.0,0.0
836151209,748.9431,1217.9985,67.00792,0.0,0.0,0.0,0.0,0.0,0.0,108.53696,104.83265,-0.5291868,0.0,0.0,0.0,0.0,0.0,0.0
84649R200,1814.9355,1509.3712,-43.652046,573.27496,NaN,NaN,NaN,688.7215,NaN,1034.842,1049.1091,2.0381558,805.39984,NaN,NaN,NaN,916.1578,NaN
84741Y103,496.15723,393.5837,-14.653359,0.0,0.0,0.0,0.0,0.0,0.0,3656.6184,3474.1216,-26.070974,0.0,0.0,0.0,0.0,0.0,0.0
84761M104,1878.1226,1514.0602,-52.00891,0.0,0.0,0.0,823.4121,754.3869,-9.8607435,679.85443,485.94662,-27.701115,0.0,0.0,0.0,575.53424,474.45572,-14.439789
847607108,270.8989,229.29918,-5.9428167,0.0,0.0,0.0,0.0,0.0,0.0,801.8021,1040.1781,34.05371,0.0,0.0,0.0,0.0,0.0,0.0
84763R101,1698.8815,1225.802,-67.58278,0.0,0.0,0.0,NaN,1814.3096,NaN,192.69307,282.7917,12.871231,0.0,0.0,0.0,NaN,164.40794,NaN
848457107,1485.5746,NaN,NaN,0.0,0.0,0.0,0.0,0.0,0.0,99.6454,NaN,NaN,0.0,0.0,0.0,0.0,0.0,0.0
85254C305,NaN,454.22787,NaN,0.0,0.0,0.0,259.97797,299.61838,5.6629157,NaN,513.0603,NaN,0.0,0.0,0.0,665.28455,695.2083,4.2748237
853156206,188.52292,164.3041,-3.4598324,150.5452,134.11002,-3.2870362,145.5903,75.34762,-10.034669,310.6348,267.33395,-6.1858344,280.75305,282.22498,0.29438478,111.16202,282.94876,24.540964
854923109,NaN,448.2149,NaN,0.0,0.0,0.0,0.0,0.0,0.0,NaN,6168.3687,NaN,0.0,0.0,0.0,0.0,0.0,0.0
85569E103,186.95569,157.405,-4.221527,0.0,0.0,0.0,0.0,0.0,0.0,517.61566,382.87927,-19.248056,0.0,0.0,0.0,0.0,0.0,0.0
857689103,2804.3752,NaN,NaN,0.0,0.0,0.0,0.0,0.0,0.0,1724.956,NaN,NaN,0.0,0.0,0.0,0.0,0.0,0.0
861572105,490.2772,675.94714,26.524279,0.0,0.0,0.0,0.0,0.0,0.0,89.014015,96.8546,1.1200835,0.0,0.0,0.0,0.0,0.0,0.0
862111200,1224.3297,1172.557,-7.3961005,892.36346,801.6989,-9.066455,685.68207,718.45935,4.682469,41.210236,51.162132,1.4216995,50.479977,76.7584,2.6278424,123.88375,129.1456,0.75169265
86677E100,1719.3021,1298.2662,-60.147984,0.0,0.0,0.0,0.0,0.0,0.0,326.10886,484.06,22.56445,0.0,0.0,0.0,0.0,0.0,0.0
866881105,211.35529,145.75627,-9.371287,0.0,0.0,0.0,0.0,0.0,0.0,440.64105,424.01932,-2.3745334,0.0,0.0,0.0,0.0,0.0,0.0
86688Q100,424.31534,NaN,NaN,0.0,0.0,0.0,0.0,0.0,0.0,2357.5662,NaN,NaN,0.0,0.0,0.0,0.0,0.0,0.0
87163L103,164.33388,NaN,NaN,0.0,0.0,0.0,0.0,0.0,0.0,5418.791,NaN,NaN,0.0,0.0,0.0,0.0,0.0,0.0
871839205,230.59456,185.52733,-6.4381757,0.0,0.0,0.0,0.0,0.0,0.0,109.54332,148.26843,5.532159,0.0,0.0,0.0,0.0,0.0,0.0
873452304,163.47783,215.04222,7.3663416,94.31042,16.024357,-9.785757,15.5947275,25.07235,1.353946,953.8468,1417.7339,66.269585,1816.2515,1044.0668,-96.52309,895.2785,776.5164,-16.966013
878415108,NaN,194.82341,NaN,0.0,0.0,0.0,0.0,0.0,0.0,NaN,38.00532,NaN,0.0,0.0,0.0,0.0,0.0,0.0
879908101,62.987194,192.27727,18.47001,0.0,0.0,0.0,0.0,0.0,0.0,5980.929,5948.1025,-4.6895227,0.0,0.0,0.0,0.0,0.0,0.0
87959Y103,531.6853,722.0074,27.18887,0.0,0.0,0.0,0.0,0.0,0.0,5577.616,8115.8857,362.60992,0.0,0.0,0.0,0.0,0.0,0.0
87971Q104,67.26688,229.2572,23.141476,0.0,0.0,0.0,0.0,0.0,0.0,518.06,690.254,24.599148,0.0,0.0,0.0,0.0,0.0,0.0
881451108,605.05994,806.95935,28.842773,0.0,0.0,0.0,0.0,0.0,0.0,345.26166,437.8027,13.220149,0.0,0.0,0.0,0.0,0.0,0.0
881694103,35076.58,32361.586,-387.85602,31491.84,NaN,NaN,24728.406,20308.332,-631.43915,10359.536,10740.205,54.38128,9736.193,NaN,NaN,10796.824,10445.808,-50.14523
882445109,69.52905,130.36671,8.691094,61.00603,NaN,NaN,98.81107,117.405556,2.6563547,933.84644,352.72098,-83.01793,362.42386,NaN,NaN,680.8385,333.0086,-49.689983
872424106,199.81548,235.09302,5.039649,152.32462,86.72298,-8.200205,55.931915,NaN,NaN,323.09808,348.45718,3.6227286,367.43262,413.96158,5.81612,407.65732,NaN,NaN
885184101,193.33954,190.6695,-0.38143486,0.0,0.0,0.0,0.0,0.0,0.0,1818.1663,2033.0507,30.697771,0.0,0.0,0.0,0.0,0.0,0.0
889039103,426.26538,413.30017,-1.8521729,352.9003,279.74408,-5.6274014,91.457466,98.5183,1.008691,1930.9346,1138.6055,-113.18987,888.4305,721.3881,-12.849412,584.62213,547.78955,-5.2617974
889073201,369.23068,478.1497,15.559858,0.0,0.0,0.0,0.0,0.0,0.0,270.61154,47.545605,-31.866562,0.0,0.0,0.0,0.0,0.0,0.0
872962105,1409.6089,1365.7278,-6.268729,0.0,0.0,0.0,0.0,0.0,0.0,NaN,640.0362,NaN,0.0,0.0,0.0,0.0,0.0,0.0
891697104,190.73674,248.18192,8.206453,0.0,0.0,0.0,0.0,0.0,0.0,2500.1682,3087.7407,83.93893,0.0,0.0,0.0,0.0,0.0,0.0
891707101,1548.7201,1629.0447,11.47494,0.0,0.0,0.0,0.0,0.0,0.0,105.70431,116.45926,1.5364217,0.0,0.0,0.0,0.0,0.0,0.0
89299Y009,273.0692,171.3866,-14.526088,92.14492,53.82437,-6.3867583,0.0,0.0,0.0,NaN,NaN,NaN,NaN,NaN,NaN,0.0,0.0,0.0
892149105,233.05585,186.37115,-6.669242,0.0,0.0,0.0,0.0,0.0,0.0,326.28598,340.51245,2.032353,0.0,0.0,0.0,0.0,0.0,0.0
89376N108,203.85773,200.21498,-0.5203923,0.0,0.0,0.0,0.0,0.0,0.0,2398.3936,2603.102,29.24407,0.0,0.0,0.0,0.0,0.0,0.0
893878108,136.50378,139.25015,0.39233834,0.0,0.0,0.0,0.0,0.0,0.0,83.80576,100.051636,2.320839,0.0,0.0,0.0,0.0,0.0,0.0
894859107,99.749535,125.948586,3.7427216,0.0,0.0,0.0,0.0,0.0,0.0,680.8581,135.31323,-77.93498,0.0,0.0,0.0,0.0,0.0,0.0
896106200,399.66052,296.3661,-14.756348,0.0,0.0,0.0,176.97789,209.54002,4.6517334,1984.8488,1861.5139,-17.619263,0.0,0.0,0.0,691.3412,720.0724,4.1044574
896925203,136.15405,134.97197,-0.16886902,0.0,0.0,0.0,0.0,0.0,0.0,157.11128,183.58003,3.78125,0.0,0.0,0.0,0.0,0.0,0.0
89816T103,1170.4365,1133.2917,-5.3063965,0.0,0.0,0.0,1194.7942,1119.5131,-10.754447,1836.7446,1443.9152,-56.118496,0.0,0.0,0.0,1488.8328,1680.3567,27.360561
872918107,188.993,176.43329,-1.7942439,0.0,0.0,0.0,0.0,0.0,0.0,498.08456,585.9816,12.556724,0.0,0.0,0.0,0.0,0.0,0.0
899900104,352.4064,347.00888,-0.7710746,0.0,0.0,0.0,0.0,0.0,0.0,96.47968,92.60107,-0.55408806,0.0,0.0,0.0,0.0,0.0,0.0
901167106,151.86017,132.35832,-2.785978,0.0,0.0,0.0,0.0,0.0,0.0,1884.4023,1937.0863,7.52628,0.0,0.0,0.0,0.0,0.0,0.0
87311M102,158.99605,299.44803,20.06457,0.0,0.0,0.0,0.0,0.0,0.0,2436.7874,2597.5916,22.972029,0.0,0.0,0.0,0.0,0.0,0.0
90334D109,271.15912,219.04828,-7.4444056,0.0,0.0,0.0,0.0,0.0,0.0,271.07126,327.24005,8.024114,0.0,0.0,0.0,0.0,0.0,0.0
90333L201,288.27774,204.82857,-11.92131,0.0,0.0,0.0,0.0,0.0,0.0,481.24185,416.37338,-9.266924,0.0,0.0,0.0,0.0,0.0,0.0
911920106,700.67847,509.65503,-27.289062,451.23376,386.75073,-8.060379,466.1174,510.59796,6.354366,574.8617,610.30194,5.0628924,573.43,520.8211,-6.576111,386.0247,322.5153,-9.072771
90331T107,293.77353,NaN,NaN,0.0,0.0,0.0,0.0,0.0,0.0,162.34183,NaN,NaN,0.0,0.0,0.0,0.0,0.0,0.0
910047109,14269.633,14050.1045,-31.361189,12518.465,NaN,NaN,12845.7295,12047.427,-114.04325,3230.3586,3866.8955,90.93384,3820.828,NaN,NaN,4308.285,3806.3093,-71.71083
902646108,410.52866,440.47495,4.2780414,0.0,0.0,0.0,0.0,0.0,0.0,412.40878,331.1294,-11.611341,0.0,0.0,0.0,0.0,0.0,0.0
903849107,163.75708,189.44847,3.6701987,0.0,0.0,0.0,0.0,0.0,0.0,370.6049,458.67834,12.581923,0.0,0.0,0.0,0.0,0.0,0.0
910858109,331.05045,186.05542,-20.713575,133.90378,NaN,NaN,NaN,91.284134,NaN,57.38162,38.2261,-2.7365024,34.000156,NaN,NaN,NaN,31.961246,NaN
35241Q107,NaN,226.54858,NaN,205.25642,194.22746,-0.40848005,246.03304,242.73248,-0.4715075,NaN,156.69751,NaN,59.149063,74.17236,0.55641854,116.55226,107.46812,-1.297735
903293405,1248.0485,1194.4204,-7.6611505,0.0,0.0,0.0,1653.0471,1406.7568,-35.184326,204.17383,359.40375,22.175703,0.0,0.0,0.0,310.53717,263.27487,-6.751757
917311805,262.50235,241.8443,-2.9511502,0.0,0.0,0.0,0.0,0.0,0.0,240.58328,266.10507,3.6459699,0.0,0.0,0.0,0.0,0.0,0.0
91972C106,283.0974,182.82964,-14.323968,0.0,0.0,0.0,0.0,0.0,0.0,NaN,NaN,NaN,0.0,0.0,0.0,0.0,0.0,0.0
919902106,123.08309,145.95866,3.2679389,0.0,0.0,0.0,0.0,0.0,0.0,941.97644,1057.8033,16.546701,0.0,0.0,0.0,0.0,0.0,0.0
494580103,2086.4702,1002.0526,-154.9168,0.0,0.0,0.0,847.682,903.725,8.006139,289.33487,450.35202,23.00245,0.0,0.0,0.0,535.56195,465.22238,-10.04851
923275101,502.53235,447.37207,-7.8800397,0.0,0.0,0.0,0.0,0.0,0.0,226.50854,281.8224,7.9019775,0.0,0.0,0.0,0.0,0.0,0.0
92335X100,277.8033,52.678528,-32.160683,0.0,0.0,0.0,0.0,0.0,0.0,6168.369,6662.1914,70.546036,0.0,0.0,0.0,0.0,0.0,0.0
92336G106,482.56055,1340.2856,122.53216,0.0,0.0,0.0,0.0,0.0,0.0,944.9224,988.2551,6.1903863,0.0,0.0,0.0,0.0,0.0,0.0
925492100,289.3178,110.05121,-25.609514,0.0,0.0,0.0,0.0,0.0,0.0,46.374393,57.36962,1.5707468,0.0,0.0,0.0,0.0,0.0,0.0
92553H803,934.6195,471.97034,-57.831146,0.0,0.0,0.0,0.0,0.0,0.0,394.24594,795.0282,50.097782,0.0,0.0,0.0,0.0,0.0,0.0
925529208,1189.3193,1633.1462,63.403843,0.0,0.0,0.0,0.0,0.0,0.0,6104.4346,6394.832,41.48535,0.0,0.0,0.0,0.0,0.0,0.0
63845P101,92.59098,128.76501,5.1677194,0.0,0.0,0.0,95.41105,82.45942,-1.8502328,62.6349,69.11419,0.92561287,0.0,0.0,0.0,66.27536,106.448105,5.7389636
92839U206,3511.822,2969.9731,-77.40698,0.0,0.0,0.0,0.0,0.0,0.0,1198.8156,1178.4557,-2.908552,0.0,0.0,0.0,0.0,0.0,0.0
928559103,497.156,326.6932,-24.351828,0.0,0.0,0.0,0.0,0.0,0.0,1164.5043,1130.6526,-4.835955,0.0,0.0,0.0,0.0,0.0,0.0
38388F108,1485.1561,1452.0466,-5.5182495,1623.4418,1984.0424,9.48949,5164.8594,5184.0146,2.7364676,989.5485,1001.27234,1.9539694,1007.174,1009.0309,0.04886507,912.49164,858.94684,-7.649257
93369N109,1353.9135,886.34247,-66.79585,665.9055,NaN,NaN,477.16772,563.463,12.327898,75.073425,82.25549,1.0260097,88.47918,NaN,NaN,92.40174,93.44607,0.14918955
934390402,1405.5884,1444.8239,5.6050677,0.0,0.0,0.0,610.01514,610.33203,0.045270648,288.6153,292.8182,0.6004159,0.0,0.0,0.0,359.97485,346.45874,-1.9308733
938862208,713.70337,1659.3334,135.09,0.0,0.0,0.0,NaN,739.8538,NaN,96.8546,115.08889,2.6048987,0.0,0.0,0.0,NaN,183.7442,NaN
94769A101,284.42563,262.41467,-3.1444223,0.0,0.0,0.0,0.0,0.0,0.0,5577.616,8115.8857,362.60992,0.0,0.0,0.0,0.0,0.0,0.0
94845V103,448.95877,801.3096,50.335827,0.0,0.0,0.0,0.0,0.0,0.0,122.868286,111.67437,-1.5991309,0.0,0.0,0.0,0.0,0.0,0.0
948462106,150.63063,214.53168,9.128721,0.0,0.0,0.0,0.0,0.0,0.0,908.36975,1018.4006,15.718689,0.0,0.0,0.0,0.0,0.0,0.0
948774104,652.1983,NaN,NaN,0.0,0.0,0.0,0.0,0.0,0.0,1139.4133,NaN,NaN,0.0,0.0,0.0,0.0,0.0,0.0
955465109,1883.5697,1676.8721,-29.528233,0.0,0.0,0.0,1411.5527,NaN,NaN,344.1621,334.83905,-1.3318655,0.0,0.0,0.0,371.13834,NaN,NaN
958043408,806.09985,489.46512,-45.233532,472.1316,NaN,NaN,303.65967,301.37622,-0.32620674,1067.9293,976.3785,-13.0786915,1288.0997,NaN,NaN,1010.2904,762.6352,-35.379314
960878106,223.86046,176.01085,-6.8356586,0.0,0.0,0.0,143.21567,97.20103,-6.57352,255.37343,319.52625,9.164688,0.0,0.0,0.0,458.18912,613.0274,22.119755
961238102,839.6011,844.93396,0.7618408,0.0,0.0,0.0,0.0,0.0,0.0,10.657464,11.1247635,0.06675707,0.0,0.0,0.0,0.0,0.0,0.0
410315105,1574.8027,1470.0582,-14.963501,510.2204,422.4967,-8.772369,226.01257,146.0778,-11.419252,1705.9485,2130.4678,60.64561,2702.9846,3190.5728,48.758812,3438.2913,4536.9565,156.95218
194831004,NaN,2001.2703,NaN,1991.3016,1732.5802,-28.746826,1606.5907,NaN,NaN,NaN,514.9649,NaN,83.87123,95.00118,1.2366613,93.105606,NaN,NaN
972218101,286.75214,301.2008,2.0640957,294.7906,286.81107,-2.6598408,246.48848,221.05223,-3.6337497,234.22417,190.01662,-6.3153644,215.26193,227.29903,4.012365,273.37454,311.65012,5.467939
974280307,1531.2456,1300.538,-32.958233,0.0,0.0,0.0,811.1217,829.90173,2.6828613,1962.0082,2617.8135,93.68647,0.0,0.0,0.0,3805.7805,3429.6738,-53.729527
975515107,1697.3901,3199.8716,214.64021,0.0,0.0,0.0,0.0,0.0,0.0,6104.4346,6394.832,41.48535,0.0,0.0,0.0,0.0,0.0,0.0
97652H109,231.59706,179.84201,-7.3935785,0.0,0.0,0.0,0.0,0.0,0.0,2936.9084,2857.089,-11.402762,0.0,0.0,0.0,0.0,0.0,0.0
98141A101,980.6282,1611.119,90.07012,0.0,0.0,0.0,0.0,0.0,0.0,6104.4395,6394.833,41.484795,0.0,0.0,0.0,0.0,0.0,0.0
981902109,95.67128,269.8762,24.886415,206.50508,NaN,NaN,0.0,0.0,0.0,365.18915,292.68112,-10.35829,653.8108,NaN,NaN,0.0,0.0,0.0
981579105,249.6458,147.92299,-14.53183,0.0,0.0,0.0,0.0,0.0,0.0,359.0044,351.2585,-1.1065543,0.0,0.0,0.0,0.0,0.0,0.0
981907108,199.22185,218.42067,2.742689,0.0,0.0,0.0,0.0,0.0,0.0,226.16478,318.8178,13.236147,0.0,0.0,0.0,0.0,0.0,0.0
894688100,153.96826,160.329,0.90867615,81.47409,78.56183,-0.4160374,67.453606,67.97763,0.07486071,737.647,780.1082,6.0658917,883.2159,1444.1968,80.14013,1155.0046,1414.2306,37.03228
98416J118,NaN,321.5269,NaN,0.0,0.0,0.0,NaN,335.15482,NaN,NaN,89.31625,NaN,0.0,0.0,0.0,NaN,48.53436,NaN
98417K106,5379.789,5538.187,22.628279,0.0,0.0,0.0,0.0,0.0,0.0,6394.8325,6569.774,24.991629,0.0,0.0,0.0,0.0,0.0,0.0
989349105,440.93433,NaN,NaN,0.0,0.0,0.0,0.0,0.0,0.0,1666.6517,NaN,NaN,0.0,0.0,0.0,0.0,0.0,0.0
20557T101,0.0,0.0,0.0,664.27783,NaN,NaN,302.61548,179.08075,-17.647818,0.0,0.0,0.0,87.960205,NaN,NaN,90.90768,98.13557,1.0325557
212072102,0.0,0.0,0.0,174.12086,NaN,NaN,73.27428,85.39938,1.7321581,0.0,0.0,0.0,1668.2542,NaN,NaN,1329.2004,1247.4785,-11.674561
086553104,0.0,0.0,0.0,0.0,0.0,0.0,NaN,512.8439,NaN,0.0,0.0,0.0,0.0,0.0,0.0,NaN,1627.1244,NaN
G3921A175,0.0,0.0,0.0,0.0,0.0,0.0,NaN,973.6107,NaN,0.0,0.0,0.0,0.0,0.0,0.0,NaN,5632.9272,NaN
172936106,0.0,0.0,0.0,0.0,0.0,0.0,442.0824,273.1049,-24.139645,0.0,0.0,0.0,0.0,0.0,0.0,99.703125,150.39874,7.242231
457661106,0.0,0.0,0.0,0.0,0.0,0.0,NaN,286.36606,NaN,0.0,0.0,0.0,0.0,0.0,0.0,NaN,353.8793,NaN
44980Y305,0.0,0.0,0.0,0.0,0.0,0.0,NaN,328.9734,NaN,0.0,0.0,0.0,0.0,0.0,0.0,NaN,435.04556,NaN
46624E405,0.0,0.0,0.0,0.0,0.0,0.0,199.53629,148.97331,-7.223282,0.0,0.0,0.0,0.0,0.0,0.0,82.37598,80.78236,-0.22766005
48577P106,0.0,0.0,0.0,0.0,0.0,0.0,NaN,262.52432,NaN,0.0,0.0,0.0,0.0,0.0,0.0,NaN,1053.9348,NaN
578349102,0.0,0.0,0.0,0.0,0.0,0.0,215.94223,230.75394,2.115958,0.0,0.0,0.0,0.0,0.0,0.0,607.9019,723.34454,16.491804
586014102,0.0,0.0,0.0,0.0,0.0,0.0,423.9376,282.17307,-20.252075,0.0,0.0,0.0,0.0,0.0,0.0,29.740839,30.608574,0.12396213
636317109,0.0,0.0,0.0,0.0,0.0,0.0,424.63852,398.1889,-3.7785165,0.0,0.0,0.0,0.0,0.0,0.0,332.29382,265.578,-9.530831
70322A101,0.0,0.0,0.0,0.0,0.0,0.0,998.26044,848.0398,-21.460093,0.0,0.0,0.0,0.0,0.0,0.0,1907.8092,2006.7167,14.129639
98387T103,0.0,0.0,0.0,0.0,0.0,0.0,92.60617,NaN,NaN,0.0,0.0,0.0,0.0,0.0,0.0,2002.6615,NaN,NaN
71654J108,0.0,0.0,0.0,0.0,0.0,0.0,665.7233,677.0722,1.6212682,0.0,0.0,0.0,0.0,0.0,0.0,105.12374,185.73103,11.515327
746276104,0.0,0.0,0.0,0.0,0.0,0.0,290.8622,NaN,NaN,0.0,0.0,0.0,0.0,0.0,0.0,925.21655,NaN,NaN
686857103,0.0,0.0,0.0,0.0,0.0,0.0,431.77258,NaN,NaN,0.0,0.0,0.0,0.0,0.0,0.0,611.48944,NaN,NaN
761339100,0.0,0.0,0.0,0.0,0.0,0.0,777.9524,747.24927,-4.386161,0.0,0.0,0.0,0.0,0.0,0.0,450.7295,472.8599,3.161486
827056300,0.0,0.0,0.0,0.0,0.0,0.0,241.85928,NaN,NaN,0.0,0.0,0.0,0.0,0.0,0.0,600.34326,NaN,NaN
834376501,0.0,0.0,0.0,0.0,0.0,0.0,2239.5537,1479.4581,-108.58508,0.0,0.0,0.0,0.0,0.0,0.0,6884.2466,6996.438,16.027344
817826209,0.0,0.0,0.0,0.0,0.0,0.0,2010.3223,1518.2213,-70.30013,0.0,0.0,0.0,0.0,0.0,0.0,1815.1482,1962.3239,21.025095
849416201,0.0,0.0,0.0,0.0,0.0,0.0,207.31935,210.34564,0.43232727,0.0,0.0,0.0,0.0,0.0,0.0,140.57335,169.00749,4.0620203
893349837,0.0,0.0,0.0,0.0,0.0,0.0,1963.8663,1730.3517,-33.359234,0.0,0.0,0.0,0.0,0.0,0.0,2033.4753,2074.297,5.8316827
988858106,0.0,0.0,0.0,0.0,0.0,0.0,717.38165,774.0732,8.09879,0.0,0.0,0.0,0.0,0.0,0.0,160.74564,198.39662,5.378712
