00252W104,11.322754,1.0012618,-1.4744989,0.0,0.0,0.0,0.0,0.0,0.0,6.5442767,6.7712502,0.03242479,0.0,0.0,0.0,0.0,0.0,0.0
,0.0,0.0,0.0,0.0,0.0,0.0,0.0,0.0,0.0,0.0,0.0,0.0,0.0,0.0,0.0,0.0,0.0,0.0
00439T206,3.245659,NaN,NaN,0.0,0.0,0.0,NaN,9.126437,NaN,10.349004,NaN,NaN,0.0,0.0,0.0,NaN,10.511158,NaN
004724100,11.111463,5.5029607,-0.8012146,0.0,0.0,0.0,0.0,0.0,0.0,8.898929,11.019423,0.3029277,0.0,0.0,0.0,0.0,0.0,0.0
000973107,27.95925,5.2141576,-3.2492988,0.0,0.0,0.0,0.0,0.0,0.0,15.135002,5.378182,-1.3938315,0.0,0.0,0.0,0.0,0.0,0.0
00503U105,3.4522088,0.19433105,-0.46541113,0.0,0.0,0.0,0.0,0.0,0.0,7.35288,4.989878,-0.33757168,0.0,0.0,0.0,0.0,0.0,0.0
006847107,19.262983,1.4592899,-2.5433848,0.0,0.0,0.0,0.0,0.0,0.0,16.811571,8.220741,-1.2272614,0.0,0.0,0.0,0.0,0.0,0.0
006848105,24.654297,12.5993185,-1.7221397,0.0,0.0,0.0,0.0,0.0,0.0,15.76494,10.193285,-0.7959508,0.0,0.0,0.0,0.0,0.0,0.0
31865X106,10.292874,2.7543006,-1.0769391,0.0,0.0,0.0,0.0,0.0,0.0,26.111092,15.669619,-1.491639,0.0,0.0,0.0,0.0,0.0,0.0
008494106,11.27357,2.6072352,-1.2380478,0.0,0.0,0.0,0.0,0.0,0.0,4.895904,5.1130004,0.03101376,0.0,0.0,0.0,0.0,0.0,0.0
009114109,2.273165,2.155521,-0.016806295,0.0,0.0,0.0,0.0,0.0,0.0,12.558189,10.653559,-0.2720901,0.0,0.0,0.0,0.0,0.0,0.0
867071102,NaN,12.823372,NaN,1.9313304,0.3532969,-0.15780336,0.0,0.0,0.0,NaN,8.142853,NaN,4.378379,2.4314952,-0.19468836,0.0,0.0,0.0
018593103,5.914543,0.7602148,-0.7363326,0.0,0.0,0.0,0.0,0.0,0.0,NaN,NaN,NaN,0.0,0.0,0.0,0.0,0.0,0.0
019223106,2.5495718,1.0269578,-0.21751629,0.0,0.0,0.0,0.0,0.0,0.0,11.144476,12.619487,0.21071585,0.0,0.0,0.0,0.0,0.0,0.0
019411107,2.5156438,1.7648339,-0.10725856,0.0,0.0,0.0,0.0,0.0,0.0,11.573534,10.782259,-0.11303929,0.0,0.0,0.0,0.0,0.0,0.0
019645506,3.8336432,2.3972602,-0.20519757,0.9911894,NaN,NaN,0.0,0.0,0.0,5.478782,5.7124424,0.03338003,6.5934677,NaN,NaN,0.0,0.0,0.0
02146C104,0.17487848,0.051939886,-0.017562656,0.0,0.0,0.0,0.0,0.0,0.0,2.7979887,4.1436105,0.19223168,0.0,0.0,0.0,0.0,0.0,0.0
625440102,0.8846122,0.33739266,-0.07817422,NaN,2.591313,NaN,6.8336453,5.809477,-0.12802106,9.149405,10.645247,0.21369185,NaN,11.633064,NaN,11.833401,12.385666,0.069033146
023006109,NaN,7.719706,NaN,1.6340472,NaN,NaN,0.0,0.0,0.0,NaN,7.3868294,NaN,4.799214,NaN,NaN,0.0,0.0,0.0
023395106,1.4010808,NaN,NaN,0.0,0.0,0.0,0.0,0.0,0.0,9.649956,NaN,NaN,0.0,0.0,0.0,0.0,0.0,0.0
023426703,8.407713,4.8348107,-0.5104146,0.27048764,0.21175584,-0.011746359,3.0976677,1.9099636,-0.16967201,20.342318,16.721087,-0.5173187,17.10146,15.32639,-0.35501385,15.69317,14.913946,-0.111317635
023586100,10.445427,2.246248,-1.1713113,3.80663,NaN,NaN,19.082815,33.573586,2.07011,10.314663,10.444521,0.018551145,12.15389,NaN,NaN,16.899761,16.720139,-0.025660379
90341W108,8.705926,4.696847,-0.5727256,0.8620356,1.2644415,0.030954301,6.4496346,14.188354,1.1055313,14.319628,9.572375,-0.6781789,14.2296715,15.142156,0.07019109,14.148357,16.559532,0.34445354
024490302,2.5956335,NaN,NaN,0.0,0.0,0.0,0.0,0.0,0.0,11.777956,NaN,NaN,0.0,0.0,0.0,0.0,0.0,0.0
024928103,16.165998,5.2698812,-1.5565882,0.0,0.0,0.0,0.0,0.0,0.0,9.677758,10.657678,0.1399885,0.0,0.0,0.0,0.0,0.0,0.0
02553G101,1.2727429,0.7467526,-0.07514147,0.0,0.0,0.0,0.0,0.0,0.0,1.6435837,1.9517143,0.04401866,0.0,0.0,0.0,0.0,0.0,0.0
026496208,4.64684,2.6595135,-0.2839038,0.8561442,0.2774229,-0.06430236,1.1288095,2.147283,0.14549623,12.78104,9.971449,-0.4013702,8.829844,6.022874,-0.31188563,4.1487327,9.325801,0.73958117
026652107,3.7991884,0.6814787,-0.4453871,0.0,0.0,0.0,0.0,0.0,0.0,4.193151,2.7970421,-0.19944413,0.0,0.0,0.0,0.0,0.0,0.0
028816106,3.0674782,NaN,NaN,0.0,0.0,0.0,0.0,0.0,0.0,11.317639,NaN,NaN,0.0,0.0,0.0,0.0,0.0,0.0
029318300,1.2255349,1.3582609,0.01896085,0.0,0.0,0.0,0.0,0.0,0.0,5.553698,6.5747786,0.14586864,0.0,0.0,0.0,0.0,0.0,0.0
030789507,13.731072,11.011818,-0.38846493,1.2861373,0.37796715,-0.09081702,28.95489,26.403389,-0.36450005,9.494357,12.188602,0.3848922,11.147383,11.976609,0.08292265,18.982172,17.794333,-0.16969135
03113V109,1.8862816,NaN,NaN,0.0,0.0,0.0,0.0,0.0,0.0,5.307118,NaN,NaN,0.0,0.0,0.0,0.0,0.0,0.0
03237E108,2.2630336,0.34926978,-0.27339485,0.0,0.0,0.0,5.9142704,9.591391,0.5253029,6.7395067,8.092875,0.19333826,0.0,0.0,0.0,7.956868,10.130956,0.31058392
001813104,3.238535,1.2600436,-0.28264162,0.0,0.0,0.0,0.0,0.0,0.0,11.025995,9.417482,-0.22978756,0.0,0.0,0.0,0.0,0.0,0.0
03304B300,8.709053,2.81211,-0.84242046,0.0,0.0,0.0,NaN,7.9206357,NaN,8.950818,11.730362,0.3970777,0.0,0.0,0.0,NaN,9.418438,NaN
G6359F103,13.124191,4.8259144,-1.1854681,2.0537913,1.1365911,-0.101911135,0.3462604,1.2217695,0.12507272,10.171439,7.654902,-0.35950533,7.0350957,5.536338,-0.16652864,5.7124424,6.593469,0.12586096
035250109,5.0019627,NaN,NaN,0.0,0.0,0.0,0.0,0.0,0.0,4.239721,NaN,NaN,0.0,0.0,0.0,0.0,0.0,0.0
381119106,8.593356,1.2049645,-1.0554845,0.0,0.0,0.0,NaN,16.6875,NaN,6.1159196,5.925025,-0.027270658,0.0,0.0,0.0,NaN,4.8225393,NaN
038196101,1.1720017,0.66925,-0.071821675,0.0,0.0,0.0,0.0,0.0,0.0,4.467066,7.5317974,0.4378188,0.0,0.0,0.0,0.0,0.0,0.0
038213104,4.854366,1.4379652,-0.48805723,0.0,0.0,0.0,0.0,0.0,0.0,8.1972065,9.928052,0.24726364,0.0,0.0,0.0,0.0,0.0,0.0
001937101,13.00024,5.0797687,-1.131496,0.0,0.0,0.0,0.0,0.0,0.0,9.848314,9.074409,-0.110557966,0.0,0.0,0.0,0.0,0.0,0.0
G04397108,24.352562,1.8555416,-3.21386,0.0,0.0,0.0,0.0,0.0,0.0,3.3621175,2.8461516,-0.07370942,0.0,0.0,0.0,0.0,0.0,0.0
90341G103,4.1672654,0.34530386,-0.5459945,0.0,0.0,0.0,NaN,14.180729,NaN,24.271318,12.228206,-1.7204447,0.0,0.0,0.0,NaN,11.89898,NaN
042384107,33.35388,8.949322,-3.4863658,1.6626494,NaN,NaN,0.0,0.0,0.0,8.556287,6.6959,-0.26576954,6.149117,NaN,NaN,0.0,0.0,0.0
G05330108,3.3894951,NaN,NaN,0.0,0.0,0.0,0.0,0.0,0.0,9.087614,NaN,NaN,0.0,0.0,0.0,0.0,0.0,0.0
04544X300,0.85111743,0.11204607,-0.09238392,0.0,0.0,0.0,0.0,0.0,0.0,3.8681965,2.5684114,-0.16247314,0.0,0.0,0.0,0.0,0.0,0.0
04648X107,2.5680187,1.1239743,-0.20629205,0.0,0.0,0.0,0.0,0.0,0.0,8.389494,4.8925166,-0.4995682,0.0,0.0,0.0,0.0,0.0,0.0
045919107,23.576286,2.336422,-3.0342662,0.0,0.0,0.0,0.0,0.0,0.0,14.856565,4.7068925,-1.4499533,0.0,0.0,0.0,0.0,0.0,0.0
04649A106,1.5095993,0.25669283,-0.17898665,0.0,0.0,0.0,0.0,0.0,0.0,7.820184,6.7523546,-0.15254709,0.0,0.0,0.0,0.0,0.0,0.0
37990V204,2.8970299,3.0401995,0.020452807,0.0,0.0,0.0,0.0,0.0,0.0,7.132403,9.202695,0.295756,0.0,0.0,0.0,0.0,0.0,0.0
046613105,1.2636323,NaN,NaN,0.0,0.0,0.0,0.0,0.0,0.0,NaN,NaN,NaN,0.0,0.0,0.0,0.0,0.0,0.0
050727106,1.2145084,NaN,NaN,0.0,0.0,0.0,0.0,0.0,0.0,9.721866,NaN,NaN,0.0,0.0,0.0,0.0,0.0,0.0
05164B106,2.0107634,0.21478453,-0.2565684,0.0,0.0,0.0,0.0,0.0,0.0,11.103294,10.1978445,-0.12934998,0.0,0.0,0.0,0.0,0.0,0.0
05873K108,3.4529133,2.237443,-0.17363861,0.0,0.0,0.0,0.0,0.0,0.0,13.228546,14.9628105,0.24775206,0.0,0.0,0.0,0.0,0.0,0.0
069744100,2.5076015,0.3324566,-0.310735,0.0,0.0,0.0,0.0,0.0,0.0,25.288357,8.023598,-2.4663942,0.0,0.0,0.0,0.0,0.0,0.0
074002205,3.1167476,0.3208658,-0.39941168,0.0,0.0,0.0,0.0,0.0,0.0,12.741461,8.939133,-0.5431897,0.0,0.0,0.0,0.0,0.0,0.0
077266104,8.354251,4.1994996,-0.5935359,0.0,0.0,0.0,0.0,0.0,0.0,6.1591163,6.5245905,0.052210603,0.0,0.0,0.0,0.0,0.0,0.0
087509105,3.590339,1.0976948,-0.35609204,0.3747489,NaN,NaN,0.0,0.0,0.0,7.653727,6.014172,-0.23422214,6.270709,NaN,NaN,0.0,0.0,0.0
091250100,1.4859232,0.91491306,-0.081572875,0.0,0.0,0.0,0.0,0.0,0.0,6.010163,6.686214,0.09657873,0.0,0.0,0.0,0.0,0.0,0.0
055607105,0.69408876,NaN,NaN,0.0,0.0,0.0,0.0,0.0,0.0,3.9417875,NaN,NaN,0.0,0.0,0.0,0.0,0.0,0.0
098904204,6.026108,2.5758176,-0.4928986,0.0,0.0,0.0,0.0,0.0,0.0,8.374583,8.311334,-0.009035655,0.0,0.0,0.0,0.0,0.0,0.0
099541203,3.2502472,0.6733114,-0.3681337,0.0,0.0,0.0,0.0,0.0,0.0,5.3849916,3.4896636,-0.27076116,0.0,0.0,0.0,0.0,0.0,0.0
100578103,17.076666,2.0636,-2.1447237,0.0,0.0,0.0,0.0,0.0,0.0,6.1075807,6.6270633,0.0742118,0.0,0.0,0.0,0.0,0.0,0.0
104499207,5.042787,3.5783482,-0.20920555,0.9577298,NaN,NaN,0.0,0.0,0.0,13.7234745,11.947044,-0.25377575,8.01318,NaN,NaN,0.0,0.0,0.0
105423404,3.1607733,6.37714,0.45948097,1.0342163,NaN,NaN,0.0,0.0,0.0,9.590079,11.7753525,0.3121819,12.023881,NaN,NaN,0.0,0.0,0.0
105425102,NaN,4.411653,NaN,0.0,0.0,0.0,0.0,0.0,0.0,NaN,12.081966,NaN,0.0,0.0,0.0,0.0,0.0,0.0
106702103,NaN,3.8477335,NaN,0.0,0.0,0.0,0.0,0.0,0.0,NaN,9.968246,NaN,0.0,0.0,0.0,0.0,0.0,0.0
119003101,1.5172392,0.61337006,-0.12912416,0.0,0.0,0.0,0.0,0.0,0.0,9.818582,11.192918,0.19633375,0.0,0.0,0.0,0.0,0.0,0.0
120084108,3.7309873,1.435795,-0.3278846,0.0,0.0,0.0,0.0,0.0,0.0,7.4617205,9.737288,0.32508114,0.0,0.0,0.0,0.0,0.0,0.0
120113105,4.933295,0.32548475,-0.65825856,0.0,0.0,0.0,0.0,0.0,0.0,13.125776,9.090451,-0.576475,0.0,0.0,0.0,0.0,0.0,0.0
121693105,2.014724,1.4614748,-0.0790356,0.0,0.0,0.0,0.0,0.0,0.0,6.234654,3.7929676,-0.34881234,0.0,0.0,0.0,0.0,0.0,0.0
123164105,6.133661,3.2823377,-0.40733188,0.0,0.0,0.0,0.0,0.0,0.0,11.125849,11.912461,0.11237322,0.0,0.0,0.0,0.0,0.0,0.0
12476P203,2.1305177,0.7790859,-0.1930617,0.0,0.0,0.0,0.0,0.0,0.0,11.566435,15.043602,0.49673817,0.0,0.0,0.0,0.0,0.0,0.0
128787108,20.40501,15.534687,-0.6957604,1.6711909,NaN,NaN,0.0,0.0,0.0,6.522277,5.912414,-0.08712326,11.128541,NaN,NaN,0.0,0.0,0.0
129915203,2.3257873,0.5460771,-0.25424433,0.7894737,NaN,NaN,0.0,0.0,0.0,8.2270775,5.081533,-0.4493635,5.74264,NaN,NaN,0.0,0.0,0.0
140909102,2.0808098,0.3388387,-0.24885301,0.0,0.0,0.0,0.0,0.0,0.0,11.017219,4.168952,-0.9783238,0.0,0.0,0.0,0.0,0.0,0.0
140777103,NaN,1.0965854,NaN,0.0,0.0,0.0,0.0,0.0,0.0,NaN,9.4767475,NaN,0.0,0.0,0.0,0.0,0.0,0.0
141602300,7.4581604,1.5519199,-0.8437486,0.0,0.0,0.0,0.0,0.0,0.0,12.847484,10.188886,-0.3797997,0.0,0.0,0.0,0.0,0.0,0.0
141649301,5.4723587,2.1574304,-0.4735612,0.0,0.0,0.0,1.2509623,2.0220587,0.11015664,11.570499,5.9738817,-0.7995168,0.0,0.0,0.0,4.254884,5.970715,0.24511875
141706309,9.629413,1.4180993,-1.1730448,0.0,0.0,0.0,0.0,0.0,0.0,6.226079,3.5710464,-0.37929037,0.0,0.0,0.0,0.0,0.0,0.0
143436400,11.623851,3.426748,-1.1710147,0.29736158,NaN,NaN,11.69843,16.627268,0.7041197,3.9106538,2.8895032,-0.14587866,2.835757,NaN,NaN,8.706175,9.175338,0.06702328
111572103,11.8257265,4.0415707,-1.1120223,1.3137305,1.2217153,-0.015335858,7.900736,7.1500697,-0.10723802,28.093193,25.387016,-0.38659668,26.89213,22.586609,-0.7175868,21.450993,18.636879,-0.40201622
148710106,4.030786,3.8147137,-0.030867474,0.0,0.0,0.0,0.0,0.0,0.0,11.909903,11.019386,-0.1272166,0.0,0.0,0.0,0.0,0.0,0.0
15115M101,5.5236287,4.035696,-0.21256182,0.0,0.0,0.0,0.0,0.0,0.0,6.672434,9.55855,0.4123023,0.0,0.0,0.0,0.0,0.0,0.0
125185108,3.831362,1.4657692,-0.33794186,0.3735795,NaN,NaN,0.0,0.0,0.0,19.81402,18.757353,-0.15095247,13.861855,NaN,NaN,0.0,0.0,0.0
158496109,4.047018,0.28628212,-0.537248,0.0,0.0,0.0,2.8225605,5.0295725,0.3152874,6.820142,5.3551497,-0.20928457,0.0,0.0,0.0,7.907691,9.063339,0.1650926
16115Q308,1.3202248,0.3668705,-0.13619347,0.0,0.0,0.0,0.0,0.0,0.0,8.361513,7.89266,-0.066979,0.0,0.0,0.0,0.0,0.0,0.0
847807104,10.645495,10.611621,-0.004839216,1.7948434,2.578302,0.07834585,4.7840714,3.508817,-0.18217921,13.57229,10.968404,-0.3719838,8.336457,9.894056,0.1557599,7.9575114,8.115345,0.022547653
559079207,6.414702,0.3511938,-0.8662154,0.0,0.0,0.0,9.388444,16.409575,1.0030186,5.4700074,5.000053,-0.067136355,0.0,0.0,0.0,6.4043474,8.515703,0.30162224
163893209,NaN,0.64830124,NaN,0.0,0.0,0.0,NaN,17.63797,NaN,NaN,12.0429735,NaN,0.0,0.0,0.0,NaN,16.404236,NaN
165159104,7.3418756,1.3917532,-0.8500175,0.0,0.0,0.0,31.165047,25.881607,-0.7547771,13.525476,7.10135,-0.91773236,0.0,0.0,0.0,34.498726,35.25447,0.10796356
168710101,9.136768,1.3259403,-1.1158326,0.0,0.0,0.0,0.0,0.0,0.0,11.543103,11.098362,-0.06353446,0.0,0.0,0.0,0.0,0.0,0.0
170032809,2.68705,0.67898065,-0.28686708,0.0,0.0,0.0,8.685523,10.936841,0.32161686,5.9956136,6.5383835,0.07753856,0.0,0.0,0.0,6.525033,8.95027,0.3464624
12542A206,9.394834,NaN,NaN,0.0,0.0,0.0,0.0,0.0,0.0,7.035831,NaN,NaN,0.0,0.0,0.0,0.0,0.0,0.0
172585101,12.673264,4.876715,-1.1137927,0.6441782,0.26417542,-0.0316669,NaN,11.127845,NaN,20.984013,22.463728,0.2113879,19.811802,21.393932,0.13184421,NaN,28.344072,NaN
172737108,8.642188,2.1050165,-0.93388164,0.0,0.0,0.0,0.0,0.0,0.0,11.832298,11.13086,-0.10020542,0.0,0.0,0.0,0.0,0.0,0.0
180461105,6.3798976,NaN,NaN,0.0,0.0,0.0,0.0,0.0,0.0,4.8731523,NaN,NaN,0.0,0.0,0.0,0.0,0.0,0.0
182728204,12.266247,0.585773,-1.6686391,0.0,0.0,0.0,0.0,0.0,0.0,23.494577,12.435417,-1.57988,0.0,0.0,0.0,0.0,0.0,0.0
192481208,5.878605,2.1194425,-0.5370232,0.0,0.0,0.0,0.0,0.0,0.0,8.538002,5.5405364,-0.42820936,0.0,0.0,0.0,0.0,0.0,0.0
194830204,1.9406334,2.8243244,0.12624156,0.0,0.0,0.0,0.0,0.0,0.0,11.636924,11.277432,-0.051355906,0.0,0.0,0.0,0.0,0.0,0.0
200334100,11.704545,NaN,NaN,0.33484676,NaN,NaN,0.0,0.0,0.0,5.612594,NaN,NaN,1.791676,NaN,NaN,0.0,0.0,0.0
20452C104,5.4929333,NaN,NaN,0.0,0.0,0.0,0.0,0.0,0.0,7.4195805,NaN,NaN,0.0,0.0,0.0,0.0,0.0,0.0
206814105,1.1189553,1.0996709,-0.0027549097,0.0,0.0,0.0,0.0,0.0,0.0,1.4275765,2.1001654,0.09608412,0.0,0.0,0.0,0.0,0.0,0.0
209232107,3.0882728,2.6345212,-0.06482165,0.0,0.0,0.0,0.0,0.0,0.0,7.919191,10.185476,0.32375506,0.0,0.0,0.0,0.0,0.0,0.0
21036U206,3.6142597,0.9172473,-0.3852875,0.033566225,NaN,NaN,NaN,3.3824043,NaN,18.842642,11.981903,-0.9801055,6.436656,NaN,NaN,NaN,9.130045,NaN
21099Y004,6.355684,7.022472,0.09525544,5.622196,12.732735,0.59254485,0.0,0.0,0.0,10.509024,12.558189,0.29273796,10.080033,11.3963,0.109688915,0.0,0.0,0.0
211496104,10.904466,3.884116,-1.002907,0.0,0.0,0.0,0.0,0.0,0.0,3.9016087,4.2237687,0.04602286,0.0,0.0,0.0,0.0,0.0,0.0
211914403,7.9198117,1.8618575,-0.86542207,0.0,0.0,0.0,0.0,0.0,0.0,10.369268,6.708029,-0.5230342,0.0,0.0,0.0,0.0,0.0,0.0
216245100,4.005976,3.280841,-0.090641886,1.3939643,1.1541386,-0.034260817,2.5132275,NaN,NaN,23.628767,20.395498,-0.4041586,20.203999,16.10761,-0.5851983,11.536314,NaN,NaN
218103109,1.1694784,0.625,-0.07778263,0.0,0.0,0.0,0.0,0.0,0.0,2.788833,3.5077522,0.10270275,0.0,0.0,0.0,0.0,0.0,0.0
22161G103,7.309569,1.3371428,-0.8532037,0.0,0.0,0.0,0.0,0.0,0.0,8.538002,5.540535,-0.42820957,0.0,0.0,0.0,0.0,0.0,0.0
222814204,34.566456,0.77388644,-4.82751,0.0,0.0,0.0,0.9216175,1.7800913,0.12263911,22.951237,10.295427,-1.8079728,0.0,0.0,0.0,6.9550676,8.399043,0.20628221
228439105,3.90986,1.3798285,-0.36143306,0.0,0.0,0.0,0.0,0.0,0.0,15.778829,13.590111,-0.312674,0.0,0.0,0.0,0.0,0.0,0.0
228622106,4.3592935,NaN,NaN,0.0,0.0,0.0,0.0,0.0,0.0,16.15779,NaN,NaN,0.0,0.0,0.0,0.0,0.0,0.0
229070107,NaN,0.5193906,NaN,0.31207106,NaN,NaN,0.0,0.0,0.0,NaN,9.004331,NaN,10.984165,NaN,NaN,0.0,0.0,0.0
229241104,3.2912462,0.28996283,-0.37516043,0.0,0.0,0.0,0.051133644,1.921783,0.2672356,3.9961164,3.5605218,-0.05444932,0.0,0.0,0.0,4.697712,4.258284,-0.06277541
126419100,2.701972,1.6820757,-0.14569947,0.0,0.0,0.0,0.0,0.0,0.0,4.594536,3.5230417,-0.15307058,0.0,0.0,0.0,0.0,0.0,0.0
23380G106,6.742887,0.86016905,-0.8403883,0.0,0.0,0.0,0.0,0.0,0.0,19.386303,10.344913,-1.2916272,0.0,0.0,0.0,0.0,0.0,0.0
234050102,7.2048526,1.7750578,-0.77568495,0.0,0.0,0.0,0.0,0.0,0.0,5.0255957,4.0235047,-0.14315584,0.0,0.0,0.0,0.0,0.0,0.0
234053106,7.6340337,6.328961,-0.18643896,0.0,0.0,0.0,0.0,0.0,0.0,8.345867,6.7319593,-0.23055826,0.0,0.0,0.0,0.0,0.0,0.0
235774106,1.82761,1.013265,-0.116335,0.0,0.0,0.0,0.0,0.0,0.0,2.278913,1.5490723,-0.10426296,0.0,0.0,0.0,0.0,0.0,0.0
235825205,10.277986,5.406111,-0.6959821,0.0,0.0,0.0,0.0,0.0,0.0,11.721566,10.740443,-0.14016043,0.0,0.0,0.0,0.0,0.0,0.0
240028308,5.347682,0.41967213,-0.7040014,0.0,0.0,0.0,0.0,0.0,0.0,32.935028,34.933865,0.28554806,0.0,0.0,0.0,0.0,0.0,0.0
233162502,4.9232383,0.122290164,-0.6858497,0.0,0.0,0.0,4.2538996,0.72821295,-0.50366956,5.210634,4.2023883,-0.14403513,0.0,0.0,0.0,6.7433066,6.401877,-0.048775673
241209105,11.714589,2.0429008,-1.3816698,0.0,0.0,0.0,0.0,0.0,0.0,8.96034,7.4301453,-0.21859919,0.0,0.0,0.0,0.0,0.0,0.0
243458106,10.194069,1.1696818,-1.2891982,0.0,0.0,0.0,0.0,0.0,0.0,11.437132,16.52419,0.7267227,0.0,0.0,0.0,0.0,0.0,0.0
247361702,5.986917,3.943068,-0.29197842,0.0,0.0,0.0,6.671759,3.9051251,-0.39523342,9.617419,9.469451,-0.021138327,0.0,0.0,0.0,9.367424,6.2115526,-0.45083877
255374100,4.138596,0.41079295,-0.5325433,0.0,0.0,0.0,0.0,0.0,0.0,9.871776,5.284355,-0.6553458,0.0,0.0,0.0,0.0,0.0,0.0
255402406,0.83345294,1.8828225,0.14990994,0.0,0.0,0.0,0.0,0.0,0.0,3.993296,3.8172195,-0.025153773,0.0,0.0,0.0,0.0,0.0,0.0
344822101,6.7337813,7.6480317,0.1306072,0.87854576,1.507159,0.10476887,10.621571,10.568198,-0.007624626,6.7238245,7.7904162,0.15237024,5.744114,5.323987,-0.07002115,5.063634,5.3257856,0.037450247
261528301,NaN,15.312312,NaN,0.0,0.0,0.0,0.0,0.0,0.0,NaN,13.4068775,NaN,0.0,0.0,0.0,0.0,0.0,0.0
262175102,5.3633165,0.55653316,-0.6866833,0.0,0.0,0.0,0.0,0.0,0.0,7.4683614,7.1819105,-0.04092155,0.0,0.0,0.0,0.0,0.0,0.0
262497308,1.6722698,0.7662756,-0.12942775,0.0,0.0,0.0,0.0,0.0,0.0,12.957631,11.022078,-0.27650765,0.0,0.0,0.0,0.0,0.0,0.0
265903104,5.7090144,0.78142995,-0.7039407,0.0,0.0,0.0,0.0,0.0,0.0,10.991493,11.178285,0.02668449,0.0,0.0,0.0,0.0,0.0,0.0
267575108,1.678244,0.6037309,-0.15350187,0.0,0.0,0.0,0.0,0.0,0.0,6.248457,4.8483663,-0.20001295,0.0,0.0,0.0,0.0,0.0,0.0
269514204,2.3644977,1.2704226,-0.15629645,0.0,0.0,0.0,0.49287382,NaN,NaN,16.714592,14.179591,-0.36214298,0.0,0.0,0.0,11.487698,NaN,NaN
269524104,10.226772,NaN,NaN,0.0,0.0,0.0,0.0,0.0,0.0,16.214476,NaN,NaN,0.0,0.0,0.0,0.0,0.0,0.0
269803102,11.80096,2.533814,-1.3238779,1.6602057,NaN,NaN,0.0,0.0,0.0,12.160125,9.454573,-0.38650745,11.972168,NaN,NaN,0.0,0.0,0.0
071625107,4.522942,0.98658967,-0.5051932,0.0,0.0,0.0,0.0,0.0,0.0,12.805938,6.787424,-0.85978764,0.0,0.0,0.0,0.0,0.0,0.0
279862106,3.4045765,0.22298317,-0.39769918,0.0,0.0,0.0,0.0,0.0,0.0,12.688633,6.8799496,-0.7260854,0.0,0.0,0.0,0.0,0.0,0.0
280875303,20.424202,8.360558,-1.7233778,1.5118992,0.5504649,-0.13734776,4.9585805,NaN,NaN,7.7854505,9.469329,0.24055406,9.626564,8.355013,-0.18165016,8.431867,NaN,NaN
281067306,6.0660057,0.33269766,-0.819044,0.22253923,NaN,NaN,6.9026623,3.9695945,-0.4190097,5.162749,4.9510016,-0.030249596,6.2561383,NaN,NaN,6.7021737,6.376495,-0.046525545
26874E107,1.4688772,0.359618,-0.1584656,0.0,0.0,0.0,0.0,0.0,0.0,14.718037,5.542668,-1.310767,0.0,0.0,0.0,0.0,0.0,0.0
291087203,1.6605392,1.6048502,-0.007955568,0.0,0.0,0.0,1.9212837,1.4750819,-0.063743114,5.7410026,7.1156344,0.19637598,0.0,0.0,0.0,7.652459,6.4657974,-0.1695231
29255U104,3.643758,0.540941,-0.44325957,0.0,0.0,0.0,0.0,0.0,0.0,1.7117279,0.41620502,-0.18507469,0.0,0.0,0.0,0.0,0.0,0.0
535763106,9.746189,2.7839115,-0.9946111,0.0,0.0,0.0,0.0,0.0,0.0,7.7682176,9.727332,0.27987352,0.0,0.0,0.0,0.0,0.0,0.0
57685E200,5.1193104,4.756706,-0.05180059,0.0,0.0,0.0,0.0,0.0,0.0,16.423038,16.092697,-0.04719162,0.0,0.0,0.0,0.0,0.0,0.0
295866107,7.4558425,2.244786,-0.7444367,1.0337698,NaN,NaN,0.0,0.0,0.0,7.337093,10.051438,0.38776365,8.546726,NaN,NaN,0.0,0.0,0.0
297862104,32.62461,2.3328116,-4.3273997,0.0,0.0,0.0,0.0,0.0,0.0,9.356794,6.230585,-0.44660133,0.0,0.0,0.0,0.0,0.0,0.0
299209106,15.663513,4.6094747,-1.5791484,1.9816593,NaN,NaN,0.0,0.0,0.0,13.322789,9.391358,-0.561633,11.756509,NaN,NaN,0.0,0.0,0.0
300072105,3.0829597,5.6715064,0.3697924,0.0,0.0,0.0,0.0,0.0,0.0,11.379013,11.516606,0.019656181,0.0,0.0,0.0,0.0,0.0,0.0
302051206,4.8270373,1.4017544,-0.48932615,0.0,0.0,0.0,7.5073853,1.6863754,-0.83157283,10.376485,6.253143,-0.58904886,0.0,0.0,0.0,6.3461537,6.5116467,0.023641858
302088109,60.54936,6.3544497,-7.74213,0.0,0.0,0.0,0.0,0.0,0.0,14.856565,4.7068925,-1.4499533,0.0,0.0,0.0,0.0,0.0,0.0
302723101,12.171659,3.7654383,-1.2008888,1.3656331,NaN,NaN,0.0,0.0,0.0,9.534767,5.5627074,-0.5674371,6.490445,NaN,NaN,0.0,0.0,0.0
303698104,1.0228223,2.3178809,0.18500838,0.0,0.0,0.0,0.0,0.0,0.0,13.512649,9.40888,-0.5862526,0.0,0.0,0.0,0.0,0.0,0.0
305560302,4.6788173,0.28688648,-0.62741864,0.0,0.0,0.0,0.0,0.0,0.0,10.421986,6.7986717,-0.5176163,0.0,0.0,0.0,0.0,0.0,0.0
306075102,2.403375,2.6850567,0.040240254,0.0,0.0,0.0,0.0,0.0,0.0,30.155998,31.459724,0.1862466,0.0,0.0,0.0,0.0,0.0,0.0
30701A106,12.920796,1.0198727,-1.700132,0.0,0.0,0.0,0.0,0.0,0.0,6.623234,6.8954444,0.03888723,0.0,0.0,0.0,0.0,0.0,0.0
313549404,12.108905,NaN,NaN,0.4162927,NaN,NaN,6.807016,4.9968834,-0.25859037,9.835047,NaN,NaN,10.965353,NaN,NaN,8.116023,6.2167854,-0.27131966
315646109,4.2880363,1.6398762,-0.37830856,0.0,0.0,0.0,0.0,0.0,0.0,13.321233,12.238335,-0.15469973,0.0,0.0,0.0,0.0,0.0,0.0
317832103,17.479393,1.4344262,-2.2921383,0.0,0.0,0.0,0.0,0.0,0.0,6.2547045,6.6638627,0.058451176,0.0,0.0,0.0,0.0,0.0,0.0
317884203,1.8119918,NaN,NaN,0.0,0.0,0.0,0.0,0.0,0.0,13.918691,NaN,NaN,0.0,0.0,0.0,0.0,0.0,0.0
G3529X106,6.3033214,0.6424674,-0.8086934,0.0,0.0,0.0,0.0,0.0,0.0,12.291304,7.820184,-0.63873136,0.0,0.0,0.0,0.0,0.0,0.0
339099103,4.3966403,1.1662775,-0.4614804,0.0,0.0,0.0,0.0,0.0,0.0,9.517935,6.236632,-0.46875757,0.0,0.0,0.0,0.0,0.0,0.0
339130106,17.3524,6.742516,-1.5156977,0.0,0.0,0.0,0.0,0.0,0.0,18.037016,15.0432005,-0.4276879,0.0,0.0,0.0,0.0,0.0,0.0
339756108,12.368941,3.6318567,-1.2481549,0.0,0.0,0.0,0.0,0.0,0.0,10.824986,9.607743,-0.17389189,0.0,0.0,0.0,0.0,0.0,0.0
34407T104,4.125115,0.41614282,-0.52985317,0.0,0.0,0.0,0.0,0.0,0.0,9.202695,10.092634,0.12713419,0.0,0.0,0.0,0.0,0.0,0.0
344123203,2.5634117,NaN,NaN,0.0,0.0,0.0,0.0,0.0,0.0,1.1297446,NaN,NaN,0.0,0.0,0.0,0.0,0.0,0.0
344155205,3.6250267,1.3374704,-0.32679373,0.0,0.0,0.0,0.0,0.0,0.0,9.087614,7.28094,-0.25809628,0.0,0.0,0.0,0.0,0.0,0.0
345206205,20.617903,5.4042993,-2.173372,0.0,0.0,0.0,14.736457,NaN,NaN,8.819614,6.6030536,-0.31665155,0.0,0.0,0.0,9.643909,NaN,NaN
34659D104,8.159303,3.8971062,-0.6088852,0.0,0.0,0.0,0.0,0.0,0.0,7.4812527,7.7547107,0.039065428,0.0,0.0,0.0,0.0,0.0,0.0
349841304,1.7023886,0.29682603,-0.20079467,0.08353217,0.045588236,-0.0075887865,1.4587492,3.549169,0.2986314,2.5676668,5.5559096,0.42689183,6.3925424,8.840501,0.4895917,2.9264212,2.5991168,-0.046757765
302543103,13.281749,11.052965,-0.31839767,0.0,0.0,0.0,0.0,0.0,0.0,6.103313,4.283469,-0.25997767,0.0,0.0,0.0,0.0,0.0,0.0
358321206,3.1290417,1.6505481,-0.21121337,0.232342,NaN,NaN,0.0,0.0,0.0,10.50616,9.396724,-0.15849087,6.9726834,NaN,NaN,0.0,0.0,0.0
358430106,6.251133,2.5814352,-0.5242425,0.0,0.0,0.0,0.0,0.0,0.0,10.416279,13.996527,0.511464,0.0,0.0,0.0,0.0,0.0,0.0
359059102,3.8010018,2.430329,-0.19581039,0.0,0.0,0.0,0.0,0.0,0.0,14.895796,11.619888,-0.4679868,0.0,0.0,0.0,0.0,0.0,0.0
359076106,12.858346,NaN,NaN,0.0,0.0,0.0,0.0,0.0,0.0,9.802057,NaN,NaN,0.0,0.0,0.0,0.0,0.0,0.0
G3682L105,18.559412,4.8793607,-1.9542931,0.9807065,NaN,NaN,0.0,0.0,0.0,5.21012,7.0468235,0.26238617,6.781153,NaN,NaN,0.0,0.0,0.0
36352K103,1.5768741,0.5683893,-0.14406927,0.0,0.0,0.0,0.0,0.0,0.0,2.1342013,2.166679,0.0046396595,0.0,0.0,0.0,0.0,0.0,0.0
368145108,2.5744505,2.8097847,0.033619165,0.0,0.0,0.0,1.7807379,4.6532516,0.4103591,13.9104595,9.775393,-0.5907239,0.0,0.0,0.0,12.590833,11.815215,-0.11080252
36155Q109,22.570147,15.609847,-0.9943285,1.491197,NaN,NaN,0.0,0.0,0.0,3.5116897,2.6800897,-0.11879999,3.0624065,NaN,NaN,0.0,0.0,0.0
370054207,0.5323319,0.3705314,-0.023114353,0.0,0.0,0.0,0.0,0.0,0.0,6.284214,5.695917,-0.084042415,0.0,0.0,0.0,0.0,0.0,0.0
37045V100,11.94613,1.4624226,-1.4976724,NaN,40.684326,NaN,48.470615,64.30412,2.2619298,20.689793,10.005738,-1.5262935,NaN,19.109308,NaN,20.669413,18.042164,-0.37532124
64015Y104,9.425271,1.0222015,-1.2004385,0.0,0.0,0.0,10.746122,8.994713,-0.25020137,10.822487,6.909822,-0.55895215,0.0,0.0,0.0,9.844531,8.497646,-0.19241211
372257105,1.8282274,0.88259935,-0.13508973,0.0,0.0,0.0,0.6699727,NaN,NaN,10.456662,8.57073,-0.26941887,0.0,0.0,0.0,6.219637,NaN,NaN
372282103,3.9272308,0.86926174,-0.43685272,0.0,0.0,0.0,0.0,0.0,0.0,6.596198,7.7683225,0.16744635,0.0,0.0,0.0,0.0,0.0,0.0
37245X203,6.720869,0.16008538,-0.93725485,0.0,0.0,0.0,0.0,0.0,0.0,8.941522,10.408423,0.2095574,0.0,0.0,0.0,0.0,0.0,0.0
37248E202,1.9944798,0.9172129,-0.15389527,0.0,0.0,0.0,0.0,0.0,0.0,3.7348456,4.0860815,0.050176553,0.0,0.0,0.0,0.0,0.0,0.0
373654102,6.286638,1.424614,-0.69457483,0.12594682,NaN,NaN,0.0,0.0,0.0,13.935957,15.921592,0.2836621,14.6907215,NaN,NaN,0.0,0.0,0.0
G3930E101,7.8145432,1.6477648,-0.8809684,1.5076547,0.8027166,-0.058744837,2.0057075,3.5316076,0.21798573,6.7916403,5.633218,-0.16548893,6.2762575,5.004876,-0.10594845,7.333496,6.8753934,-0.06544324
37941P306,4.730442,NaN,NaN,0.0,0.0,0.0,0.0,0.0,0.0,12.671653,NaN,NaN,0.0,0.0,0.0,0.0,0.0,0.0
37936U104,13.475806,0.47411105,-1.857385,0.0,0.0,0.0,0.0,0.0,0.0,20.989292,9.087609,-1.7002404,0.0,0.0,0.0,0.0,0.0,0.0
G3930H104,6.248892,NaN,NaN,0.0,0.0,0.0,0.0,0.0,0.0,19.094193,NaN,NaN,0.0,0.0,0.0,0.0,0.0,0.0
64050T101,18.004885,0.49100795,-2.5019822,0.0,0.0,0.0,0.0,0.0,0.0,9.244257,3.993296,-0.7501373,0.0,0.0,0.0,0.0,0.0,0.0
380804203,6.925848,0.9237604,-0.85744107,0.0,0.0,0.0,0.0,0.0,0.0,15.016187,14.968153,-0.006861959,0.0,0.0,0.0,0.0,0.0,0.0
383485109,5.4016757,NaN,NaN,0.0,0.0,0.0,0.0,0.0,0.0,21.117598,NaN,NaN,0.0,0.0,0.0,0.0,0.0,0.0
384632105,6.2966514,NaN,NaN,0.0,0.0,0.0,0.0,0.0,0.0,8.548857,NaN,NaN,0.0,0.0,0.0,0.0,0.0,0.0
386532402,3.842681,0.8908882,-0.42168468,0.0,0.0,0.0,7.008762,1.0615357,-0.8496037,17.513578,19.699062,0.312212,0.0,0.0,0.0,14.466296,12.48151,-0.28354087
390064103,1.8350158,2.4246664,0.0842358,0.0,0.0,0.0,5.1193695,8.521175,0.48597226,15.579692,15.132785,-0.06384386,0.0,0.0,0.0,19.188002,21.825945,0.37684903
36191C205,3.973222,0.4613657,-0.5016938,0.0,0.0,0.0,0.0,0.0,0.0,6.8795395,4.2365623,-0.3775682,0.0,0.0,0.0,0.0,0.0,0.0
361942105,5.6118684,4.694307,-0.13108023,0.0,0.0,0.0,0.0,0.0,0.0,17.460604,24.207258,0.96380776,0.0,0.0,0.0,0.0,0.0,0.0
401794201,1.0952103,0.46538025,-0.08997572,0.0,0.0,0.0,0.0,0.0,0.0,6.7237935,7.517398,0.11337205,0.0,0.0,0.0,0.0,0.0,0.0
047620109,6.8460846,5.4637985,-0.19746944,1.7860705,NaN,NaN,0.0,0.0,0.0,10.763775,9.62119,-0.1632264,8.588166,NaN,NaN,0.0,0.0,0.0
404429102,4.3462605,0.93967515,-0.48665506,0.0,0.0,0.0,0.0,0.0,0.0,11.817775,18.35519,0.9339165,0.0,0.0,0.0,0.0,0.0,0.0
409900107,3.371642,NaN,NaN,0.0,0.0,0.0,0.0,0.0,0.0,10.914394,NaN,NaN,0.0,0.0,0.0,0.0,0.0,0.0
481165108,25.900211,8.805463,-2.442107,0.9143375,NaN,NaN,9.881535,6.1617208,-0.531402,NaN,NaN,NaN,NaN,NaN,NaN,NaN,NaN,NaN
417119104,3.3628523,1.4246877,-0.27688065,0.0,0.0,0.0,22.218752,32.008224,1.398496,13.512649,9.408879,-0.58625275,0.0,0.0,0.0,12.657189,13.93288,0.18224157
417434503,17.668428,7.145151,-1.5033253,0.0,0.0,0.0,4.9690166,NaN,NaN,8.264577,10.037374,0.25325665,0.0,0.0,0.0,6.964628,NaN,NaN
419879101,1.6682581,1.5226998,-0.020794034,0.9052049,3.445019,0.28220156,2.0836763,1.9837358,-0.01427722,9.404803,7.665146,-0.24852249,8.732502,9.381809,0.07214525,11.746017,15.51061,0.5377989
420781304,2.3214986,0.5911111,-0.24719821,0.0,0.0,0.0,9.989113,4.227728,-0.82305497,12.7308855,6.4046974,-0.9037412,0.0,0.0,0.0,12.019983,10.929399,-0.15579782
670198100,3.852041,0.5052912,-0.47810712,0.0,0.0,0.0,14.69697,10.746698,-0.5643245,11.729012,15.689745,0.5658191,0.0,0.0,0.0,27.417793,15.764942,-1.664693
422660936,1.9781462,NaN,NaN,0.0,0.0,0.0,0.0,0.0,0.0,12.152767,NaN,NaN,0.0,0.0,0.0,0.0,0.0,0.0
422893107,5.118489,1.9587141,-0.4513964,0.0,0.0,0.0,0.0,0.0,0.0,9.640609,4.328025,-0.7589406,0.0,0.0,0.0,0.0,0.0,0.0
428291108,8.739478,6.010714,-0.38982344,2.596953,3.0405405,0.088717505,7.377049,10.370134,0.42758363,8.208725,10.412239,0.31478772,11.924789,13.25755,0.26655215,13.546777,14.622743,0.15370941
430771105,1.3058054,1.0944321,-0.03019619,0.0,0.0,0.0,0.0,0.0,0.0,7.7017155,9.11673,0.20214489,0.0,0.0,0.0,0.0,0.0,0.0
431692102,6.7615285,2.2142737,-0.6496078,0.90869856,0.4168022,-0.049189635,14.3731575,13.228887,-0.16346727,11.725935,10.631053,-0.15641172,12.587432,9.537415,-0.30500174,5.5627074,6.490446,0.1325341
433245107,0.75288445,NaN,NaN,0.0,0.0,0.0,0.0,0.0,0.0,14.2095995,NaN,NaN,0.0,0.0,0.0,0.0,0.0,0.0
441759107,8.434552,3.8808506,-0.6505288,0.56755805,0.2553308,-0.04460389,2.7838962,NaN,NaN,8.037618,8.319383,0.04025214,9.596957,9.120155,-0.06811456,9.1107025,NaN,NaN
404269201,NaN,9.255786,NaN,5.1546392,2.6618023,-0.4985674,5.291846,NaN,NaN,NaN,12.604071,NaN,25.8574,23.89226,-0.39302826,19.34333,NaN,NaN
444356109,3.306922,NaN,NaN,0.0,0.0,0.0,0.0,0.0,0.0,16.713636,NaN,NaN,0.0,0.0,0.0,0.0,0.0,0.0
81169P101,15.6862135,2.3213148,-1.9092712,0.0,0.0,0.0,NaN,2.5033946,NaN,16.373598,9.879479,-0.9277312,0.0,0.0,0.0,NaN,10.455838,NaN
868447103,16.678862,0.85333985,-2.2607887,0.0,0.0,0.0,NaN,9.145746,NaN,11.16575,7.776176,-0.4842248,0.0,0.0,0.0,NaN,5.8434677,NaN
45255G101,22.549164,9.893937,-1.8078896,0.0,0.0,0.0,0.0,0.0,0.0,12.790093,7.42397,-0.76658905,0.0,0.0,0.0,0.0,0.0,0.0
453096208,3.7121212,0.62534744,-0.4409677,0.0,0.0,0.0,NaN,4.187845,NaN,15.967077,18.023806,0.29381832,0.0,0.0,0.0,NaN,16.432259,NaN
45321T202,6.3130374,0.080635406,-0.8903431,0.0,0.0,0.0,0.0,0.0,0.0,8.044643,4.147229,-0.5567735,0.0,0.0,0.0,0.0,0.0,0.0
45772G105,4.4678664,2.1387475,-0.33273128,0.0,0.0,0.0,0.0,0.0,0.0,5.568012,6.5520515,0.14057705,0.0,0.0,0.0,0.0,0.0,0.0
45811E301,4.344009,1.2376909,-0.4437597,0.0,0.0,0.0,7.912913,NaN,NaN,4.217185,5.7755833,0.22262833,0.0,0.0,0.0,7.263587,NaN,NaN
45812C106,19.384111,3.046412,-2.3339572,0.0,0.0,0.0,0.0,0.0,0.0,8.304417,3.844471,-0.6371351,0.0,0.0,0.0,0.0,0.0,0.0
45881K104,2.5123935,2.96135,0.06413664,0.0,0.0,0.0,0.0,0.0,0.0,NaN,NaN,NaN,0.0,0.0,0.0,0.0,0.0,0.0
459004404,1.3788775,1.041913,-0.048137784,0.03888073,NaN,NaN,0.0,0.0,0.0,6.107007,6.2173195,0.015758922,4.2443213,NaN,NaN,0.0,0.0,0.0
45950T101,11.865126,1.3818831,-1.497606,0.0,0.0,0.0,0.0,0.0,0.0,11.82896,6.3473697,-0.7830844,0.0,0.0,0.0,0.0,0.0,0.0
46072H108,9.111119,7.461841,-0.23561117,0.0,0.0,0.0,0.0,0.0,0.0,10.280971,13.567186,0.46945938,0.0,0.0,0.0,0.0,0.0,0.0
45031T872,7.7110825,0.4498612,-1.0373174,0.03257329,NaN,NaN,NaN,2.680407,NaN,12.291304,7.820184,-0.63873136,6.427808,NaN,NaN,NaN,9.194117,NaN
469834105,3.0424836,1.9737676,-0.1526737,0.0,0.0,0.0,0.0,0.0,0.0,13.55624,15.015773,0.20850468,0.0,0.0,0.0,0.0,0.0,0.0
470737107,2.5608327,2.1698456,-0.055855308,0.65806943,0.276394,-0.07633509,0.0,0.0,0.0,13.643852,9.772854,-0.5529998,6.884519,5.5149217,-0.2739195,0.0,0.0,0.0
46611Q403,3.9106529,0.45388922,-0.49382338,0.0,0.0,0.0,0.0,0.0,0.0,6.7023015,6.8380475,0.019392285,0.0,0.0,0.0,0.0,0.0,0.0
477066203,6.8109183,NaN,NaN,0.0,0.0,0.0,0.0,0.0,0.0,6.74464,NaN,NaN,0.0,0.0,0.0,0.0,0.0,0.0
481138105,2.1047056,NaN,NaN,0.0,0.0,0.0,0.0,0.0,0.0,14.536094,NaN,NaN,0.0,0.0,0.0,0.0,0.0,0.0
481386100,3.4996042,0.9065688,-0.37043363,0.0,0.0,0.0,0.0,0.0,0.0,9.1107025,11.204775,0.29915318,0.0,0.0,0.0,0.0,0.0,0.0
48213P106,11.268612,6.483837,-0.6835393,0.0,0.0,0.0,0.0,0.0,0.0,13.979606,10.277761,-0.5288349,0.0,0.0,0.0,0.0,0.0,0.0
29084Q100,11.278888,1.3449942,-1.4191276,0.0,0.0,0.0,NaN,9.793455,NaN,2.5164902,2.56379,0.006757123,0.0,0.0,0.0,NaN,2.5887444,NaN
483007704,NaN,0.9101124,NaN,0.0,0.0,0.0,27.589945,36.25618,1.2380335,NaN,10.065238,NaN,0.0,0.0,0.0,13.776651,20.107117,0.9043522
485808109,1.4004065,NaN,NaN,0.0,0.0,0.0,0.0,0.0,0.0,7.2925453,NaN,NaN,0.0,0.0,0.0,0.0,0.0,0.0
482434206,6.7453957,0.49231958,-0.8932966,0.82312816,NaN,NaN,2.518623,0.8947271,-0.23198514,6.6030536,6.2677574,-0.04789945,8.647911,NaN,NaN,8.960726,8.470716,-0.07000133
482455102,NaN,5.461282,NaN,0.0,0.0,0.0,0.0,0.0,0.0,NaN,12.604054,NaN,0.0,0.0,0.0,0.0,0.0,0.0
488035106,3.0752041,1.291834,-0.25476715,0.0,0.0,0.0,0.0,0.0,0.0,4.923275,5.9246387,0.14305197,0.0,0.0,0.0,0.0,0.0,0.0
492716105,3.5224736,0.7499727,-0.39607158,0.0,0.0,0.0,0.0,0.0,0.0,3.188221,2.7277017,-0.06578847,0.0,0.0,0.0,0.0,0.0,0.0
494521305,0.5337845,0.28730512,-0.035211343,0.0,0.0,0.0,9.285419,9.332132,0.006673268,0.81323916,2.9888983,0.31080845,0.0,0.0,0.0,6.090063,9.136096,0.43514755
498326206,8.539144,5.1364727,-0.48609585,0.0,0.0,0.0,0.0,0.0,0.0,11.051975,12.821561,0.25279793,0.0,0.0,0.0,0.0,0.0,0.0
812350106,4.6666446,5.29516,0.08978789,0.79431045,NaN,NaN,14.576936,49.3805,4.971938,10.83711,10.041325,-0.11368357,11.398491,NaN,NaN,12.361581,11.679527,-0.09743623
500453204,1.9943279,0.3813887,-0.23041989,0.0,0.0,0.0,4.046137,8.984757,0.70551723,18.133728,11.847004,-0.8981034,0.0,0.0,0.0,19.232134,20.086588,0.122064866
505606103,2.3609571,1.9385554,-0.060343113,0.0,0.0,0.0,0.0,0.0,0.0,9.857181,9.625856,-0.033046313,0.0,0.0,0.0,0.0,0.0,0.0
51808R206,4.024967,NaN,NaN,0.0,0.0,0.0,0.0,0.0,0.0,13.339098,NaN,NaN,0.0,0.0,0.0,0.0,0.0,0.0
521863308,12.7116995,0.12124407,-1.7986364,0.0,0.0,0.0,NaN,16.411495,NaN,10.242338,6.346402,-0.5565623,0.0,0.0,0.0,NaN,11.677123,NaN
521865204,13.275611,0.64438,-1.8044616,0.0,0.0,0.0,NaN,56.035378,NaN,16.114553,4.622891,-1.6416662,0.0,0.0,0.0,NaN,10.39276,NaN
521098202,16.744955,NaN,NaN,0.0,0.0,0.0,0.0,0.0,0.0,1.6930494,NaN,NaN,0.0,0.0,0.0,0.0,0.0,0.0
526262100,3.2873337,1.2624822,-0.2892645,0.0,0.0,0.0,0.0,0.0,0.0,NaN,NaN,NaN,0.0,0.0,0.0,0.0,0.0,0.0
B5628B104,20.027102,47.794765,3.966809,0.0,0.0,0.0,0.0,0.0,0.0,9.66995,16.507349,0.97677135,0.0,0.0,0.0,0.0,0.0,0.0
527016109,14.710504,8.765455,-0.84929264,1.4975575,0.047911674,-0.09060287,8.869194,3.470092,-0.7713003,10.260673,10.575329,0.044950895,7.489047,6.9648614,-0.032761604,6.8722434,6.5973496,-0.03927054
527482103,2.9061005,1.8282005,-0.15398572,0.0,0.0,0.0,0.0,0.0,0.0,6.103118,5.5529294,-0.078598365,0.0,0.0,0.0,0.0,0.0,0.0
530129204,1.4070859,NaN,NaN,0.0,0.0,0.0,0.0,0.0,0.0,3.205147,NaN,NaN,0.0,0.0,0.0,0.0,0.0,0.0
536257108,5.9761386,1.2085351,-0.6810862,0.3845754,NaN,NaN,4.6400375,6.9241014,0.32629484,13.498425,11.543103,-0.27933162,10.97177,NaN,NaN,17.539463,11.68919,-0.8357533
538032400,9.905878,1.1995301,-1.243764,0.0,0.0,0.0,1.5708827,0.93410325,-0.09096849,4.485297,5.049806,0.08064413,0.0,0.0,0.0,7.969237,10.989678,0.43149164
54021P403,2.2388327,0.36746892,-0.26733768,0.0,0.0,0.0,2.1190948,5.489681,0.48151228,6.96021,7.419593,0.065626144,0.0,0.0,0.0,7.3330426,10.857122,0.50343996
014383103,18.437141,5.1273518,-1.9013985,0.3229083,NaN,NaN,4.295536,3.5951643,-0.10005311,14.251767,14.120157,-0.018801417,7.9903927,NaN,NaN,7.7436194,7.986578,0.034708362
540423100,5.4926057,1.0352124,-0.6367704,0.0,0.0,0.0,0.0,0.0,0.0,3.2694309,2.6517212,-0.08824424,0.0,0.0,0.0,0.0,0.0,0.0
542290408,25.009668,9.398395,-2.230182,2.9859264,1.4108031,-0.12116333,NaN,16.081463,NaN,11.239563,14.647536,0.48685333,10.156449,12.466674,0.17770958,NaN,13.995641,NaN
543881106,1.2084795,0.6667717,-0.077386834,0.0,0.0,0.0,14.528976,NaN,NaN,5.0605326,4.148653,-0.1302685,0.0,0.0,0.0,7.2891355,NaN,NaN
501921100,3.6248882,1.7363077,-0.2697972,2.3671384,0.59093904,-0.06578516,9.680261,10.726351,0.14944145,7.8719754,7.653727,-0.031178338,22.78433,14.134676,-0.32035756,13.018594,12.507203,-0.07305581
552078107,21.517775,NaN,NaN,0.0,0.0,0.0,0.0,0.0,0.0,11.185774,NaN,NaN,0.0,0.0,0.0,0.0,0.0,0.0
559211305,1.4461795,0.66077316,-0.11220091,0.0,0.0,0.0,0.0,0.0,0.0,17.384342,12.4434185,-0.70584625,0.0,0.0,0.0,0.0,0.0,0.0
478129109,NaN,15.471758,NaN,9.235647,5.576208,-0.21526112,0.0,0.0,0.0,NaN,10.783649,NaN,15.151821,18.600306,0.20285203,0.0,0.0,0.0
566244109,25.058752,9.1632595,-2.2707846,0.0,0.0,0.0,0.0,0.0,0.0,8.800632,6.4454913,-0.33644873,0.0,0.0,0.0,0.0,0.0,0.0
568695209,NaN,4.000327,NaN,1.3983474,0.13796909,-0.10503152,0.0,0.0,0.0,NaN,4.9594154,NaN,4.6979933,3.802422,-0.07463094,0.0,0.0,0.0
573913100,10.524719,6.101116,-0.6319433,1.1167836,NaN,NaN,0.39145118,NaN,NaN,8.623077,8.538615,-0.012066023,9.150244,NaN,NaN,11.777954,NaN,NaN
582266706,0.62531525,0.11803279,-0.07246892,0.0,0.0,0.0,0.0,0.0,0.0,9.163177,9.206675,0.0062140054,0.0,0.0,0.0,0.0,0.0,0.0
55270M108,10.346371,2.7684565,-1.0825592,0.0,0.0,0.0,0.0,0.0,0.0,6.4294176,5.5354066,-0.12771586,0.0,0.0,0.0,0.0,0.0,0.0
58461Q409,1.6200072,NaN,NaN,0.0,0.0,0.0,0.0,0.0,0.0,3.5638454,NaN,NaN,0.0,0.0,0.0,0.0,0.0,0.0
584951107,9.642926,5.184652,-0.6368963,0.0,0.0,0.0,0.0,0.0,0.0,16.218788,15.372376,-0.12091596,0.0,0.0,0.0,0.0,0.0,0.0
590436101,9.238532,7.7701397,-0.20977034,1.4624938,NaN,NaN,0.0,0.0,0.0,11.501332,11.210404,-0.041561127,10.137061,NaN,NaN,0.0,0.0,0.0
590479101,0.50900453,0.0913242,-0.05966862,0.0,0.0,0.0,0.0,0.0,0.0,6.6815333,6.9614954,0.03999458,0.0,0.0,0.0,0.0,0.0,0.0
591324207,3.9641073,1.1937032,-0.395772,0.0,0.0,0.0,2.8565063,9.560405,0.9576998,9.046535,9.011892,-0.0049488884,0.0,0.0,0.0,5.5595174,10.409425,0.6928439
591596101,29.666155,3.6766305,-3.7127893,0.0,0.0,0.0,0.0,0.0,0.0,9.599117,1.8860047,-1.1018733,0.0,0.0,0.0,0.0,0.0,0.0
00374N107,14.570594,0.19296254,-2.0539472,0.0,0.0,0.0,0.0,0.0,0.0,8.044643,4.147232,-0.55677307,0.0,0.0,0.0,0.0,0.0,0.0
552813107,2.464825,0.28630033,-0.31121778,0.0,0.0,0.0,0.0,0.0,0.0,4.824623,4.544153,-0.04006713,0.0,0.0,0.0,0.0,0.0,0.0
594517104,4.118059,1.6975908,-0.34578118,0.0,0.0,0.0,0.0,0.0,0.0,13.154863,14.75553,0.22866671,0.0,0.0,0.0,0.0,0.0,0.0
598126100,3.5316613,2.1949124,-0.19096412,0.0,0.0,0.0,0.0,0.0,0.0,13.266422,11.861335,-0.20072678,0.0,0.0,0.0,0.0,0.0,0.0
598130102,12.961639,4.653746,-1.186842,2.983064,NaN,NaN,0.0,0.0,0.0,12.588947,11.531894,-0.15100765,11.718227,NaN,NaN,0.0,0.0,0.0
598709301,2.698371,NaN,NaN,0.0,0.0,0.0,0.0,0.0,0.0,8.919683,NaN,NaN,0.0,0.0,0.0,0.0,0.0,0.0
603669102,9.0264845,1.4155935,-0.95136136,0.0,0.0,0.0,0.0,0.0,0.0,5.646909,5.1332116,-0.0642122,0.0,0.0,0.0,0.0,0.0,0.0
605288208,1.6431812,0.35358867,-0.1842275,0.0,0.0,0.0,0.0,0.0,0.0,8.184869,7.7943034,-0.055795055,0.0,0.0,0.0,0.0,0.0,0.0
553100108,15.790381,8.13163,-1.0941074,0.02881041,NaN,NaN,0.0,0.0,0.0,1.9786628,1.2339171,-0.10639225,0.79302,NaN,NaN,0.0,0.0,0.0
607415106,15.777554,5.3097043,-1.4954071,0.0,0.0,0.0,0.0,0.0,0.0,15.789189,14.3225355,-0.20952198,0.0,0.0,0.0,0.0,0.0,0.0
60886R103,7.2519264,1.419073,-0.83326477,0.0,0.0,0.0,0.0,0.0,0.0,22.728807,13.069884,-1.3798462,0.0,0.0,0.0,0.0,0.0,0.0
618447106,11.575463,3.1498003,-1.2036661,0.0,0.0,0.0,0.0,0.0,0.0,4.605547,3.9981716,-0.08676791,0.0,0.0,0.0,0.0,0.0,0.0
624581203,2.5202534,1.1677833,-0.19321002,0.0,0.0,0.0,0.0,0.0,0.0,7.787764,6.7944813,-0.14189754,0.0,0.0,0.0,0.0,0.0,0.0
553166109,0.49778214,0.14578834,-0.05028483,0.0,0.0,0.0,0.0,0.0,0.0,5.8969154,2.91777,-0.4255922,0.0,0.0,0.0,0.0,0.0,0.0
62473L309,14.587943,0.12936366,-2.0655112,0.0,0.0,0.0,NaN,0.63714904,NaN,12.291304,7.820184,-0.63873136,0.0,0.0,0.0,NaN,9.163178,NaN
635570500,4.857266,2.779498,-0.29682398,0.34448528,NaN,NaN,10.8318405,5.8433094,-0.7126473,21.324923,22.883091,0.22259548,17.36654,NaN,NaN,38.848293,26.458412,-1.769983
635812209,2.1225457,1.1013328,-0.14588757,0.0,0.0,0.0,0.0,0.0,0.0,9.106114,7.561614,-0.22064291,0.0,0.0,0.0,0.0,0.0,0.0
640820106,1.3096771,0.3742982,-0.13362555,0.0,0.0,0.0,0.0,0.0,0.0,12.6086855,18.520548,0.84455174,0.0,0.0,0.0,0.0,0.0,0.0
638588103,2.9380062,0.30703273,-0.37585333,0.0,0.0,0.0,0.0,0.0,0.0,7.99835,10.288192,0.32712024,0.0,0.0,0.0,0.0,0.0,0.0
64122D506,6.743969,1.0898966,-0.8077246,0.0,0.0,0.0,0.0,0.0,0.0,16.811563,8.220741,-1.2272604,0.0,0.0,0.0,0.0,0.0,0.0
641881107,6.863497,0.44784865,-0.91652113,0.0,0.0,0.0,0.0,0.0,0.0,7.129572,3.548951,-0.5115173,0.0,0.0,0.0,0.0,0.0,0.0
655053106,9.423198,3.74375,-0.8113497,0.0,0.0,0.0,0.0,0.0,0.0,8.28948,5.5896773,-0.38568613,0.0,0.0,0.0,0.0,0.0,0.0
656568508,10.658329,1.7595512,-1.271254,0.0,0.0,0.0,45.400738,58.50311,1.8717673,5.5018835,3.5267477,-0.28216225,0.0,0.0,0.0,17.5593,17.456139,-0.014737265
666610100,16.761316,6.0539885,-1.5296183,0.0,0.0,0.0,0.0,0.0,0.0,9.677907,10.927916,0.17857265,0.0,0.0,0.0,0.0,0.0,0.0
667280408,5.8834457,3.8452542,-0.2911702,0.0,0.0,0.0,6.649011,NaN,NaN,9.617419,9.469452,-0.021138191,0.0,0.0,0.0,9.367424,NaN,NaN
668367204,0.6026608,NaN,NaN,0.0,0.0,0.0,0.0,0.0,0.0,7.8719783,NaN,NaN,0.0,0.0,0.0,0.0,0.0,0.0
67019U101,11.070175,0.43549117,-1.5192405,0.0,0.0,0.0,0.0,0.0,0.0,11.320961,6.584333,-0.67666113,0.0,0.0,0.0,0.0,0.0,0.0
69367F108,25.532553,1.1972498,-3.4764717,0.0,0.0,0.0,0.0,0.0,0.0,12.291304,7.82018,-0.63873196,0.0,0.0,0.0,0.0,0.0,0.0
669935108,3.2934637,0.19029391,-0.44331,0.0,0.0,0.0,0.0,0.0,0.0,10.297112,10.144071,-0.02186312,0.0,0.0,0.0,0.0,0.0,0.0
62944T105,0.67622834,0.64451706,-0.004530183,0.42914647,0.26114208,-0.033600878,5.4177856,4.431919,-0.14083807,3.9715626,6.4780464,0.35806912,7.503422,8.661262,0.23156795,7.7413387,5.91775,-0.26051268
674098207,1.2853014,2.355934,0.1529475,0.0,0.0,0.0,0.0,0.0,0.0,8.497785,8.25319,-0.034942083,0.0,0.0,0.0,0.0,0.0,0.0
67083Q101,3.9809484,NaN,NaN,0.0,0.0,0.0,0.0,0.0,0.0,8.408325,NaN,NaN,0.0,0.0,0.0,0.0,0.0,0.0
677007205,6.3070903,2.5267456,-0.54004925,0.0,0.0,0.0,0.0,0.0,0.0,8.2599745,10.032636,0.2532373,0.0,0.0,0.0,0.0,0.0,0.0
682505102,1.4814814,NaN,NaN,0.0,0.0,0.0,0.0,0.0,0.0,1.7503635,NaN,NaN,0.0,0.0,0.0,0.0,0.0,0.0
686285503,16.009106,4.037127,-1.7102827,2.1139705,NaN,NaN,3.0648327,3.8234298,0.10837102,9.992995,7.1695046,-0.4033558,7.314191,NaN,NaN,9.398251,6.0828333,-0.47363105
686588104,2.150112,NaN,NaN,0.0,0.0,0.0,0.0,0.0,0.0,7.535718,NaN,NaN,0.0,0.0,0.0,0.0,0.0,0.0
690742101,20.756426,6.2333894,-2.0747197,0.9534355,NaN,NaN,15.6711035,9.806707,-0.8377709,5.423126,7.7400517,0.33098936,6.4319406,NaN,NaN,13.638109,10.205257,-0.4904074
694327107,29.486197,3.9619732,-3.6463177,0.0,0.0,0.0,0.0,0.0,0.0,19.687746,20.989292,0.18593515,0.0,0.0,0.0,0.0,0.0,0.0
695542100,3.156656,0.86065435,-0.32800025,0.0,0.0,0.0,0.0,0.0,0.0,16.845228,26.278372,1.347592,0.0,0.0,0.0,0.0,0.0,0.0
696639103,1.42591,0.9232376,-0.07181034,0.0,0.0,0.0,0.0,0.0,0.0,7.2384167,1.7803081,-0.7797298,0.0,0.0,0.0,0.0,0.0,0.0
697757102,3.4773815,1.3428923,-0.30492702,0.76982296,NaN,NaN,0.0,0.0,0.0,12.588947,11.531894,-0.15100765,11.718227,NaN,NaN,0.0,0.0,0.0
698891108,1.0374194,0.19677636,-0.12009186,0.0,0.0,0.0,0.0,0.0,0.0,11.638749,10.244077,-0.19923891,0.0,0.0,0.0,0.0,0.0,0.0
69912K206,14.217782,10.148496,-0.5813266,2.1400704,NaN,NaN,0.0,0.0,0.0,12.250834,12.807603,0.079538345,11.155269,NaN,NaN,0.0,0.0,0.0
704378405,3.229023,1.4247204,-0.2577575,0.0,0.0,0.0,0.0,0.0,0.0,9.168637,11.888913,0.38861084,0.0,0.0,0.0,0.0,0.0,0.0
70556K106,8.056474,2.675087,-0.76876956,0.0,0.0,0.0,0.0,0.0,0.0,4.9432883,3.55824,-0.19786406,0.0,0.0,0.0,0.0,0.0,0.0
707832309,2.7338905,3.6417894,0.12969984,0.0,0.0,0.0,4.3761625,2.8745124,-0.21452144,12.38808,10.209668,-0.31120163,0.0,0.0,0.0,12.965091,11.593802,-0.19589832
709620108,0.91994524,0.48658764,-0.061908226,0.0,0.0,0.0,0.0,0.0,0.0,2.655499,2.3749127,-0.040083747,0.0,0.0,0.0,0.0,0.0,0.0
71366Q200,11.276149,6.8398876,-0.6337516,0.0,0.0,0.0,0.0,0.0,0.0,7.362234,4.184338,-0.45398515,0.0,0.0,0.0,0.0,0.0,0.0
716769203,5.2925925,1.2182254,-0.5820524,0.0,0.0,0.0,3.6046174,2.3655012,-0.1770166,18.526424,20.5972,0.29582515,0.0,0.0,0.0,12.329268,9.8911915,-0.3482967
717113203,2.1504304,0.536511,-0.23055993,0.0,0.0,0.0,0.0,0.0,0.0,6.9315896,8.614274,0.24038349,0.0,0.0,0.0,0.0,0.0,0.0
719151102,1.9093529,2.0856564,0.025186215,0.0,0.0,0.0,0.0,0.0,0.0,23.335958,20.106125,-0.4614048,0.0,0.0,0.0,0.0,0.0,0.0
72147K108,16.558239,5.6981544,-1.5514406,0.0,0.0,0.0,NaN,4.273513,NaN,10.963392,10.961052,-3.3433098E-4,0.0,0.0,0.0,NaN,8.719578,NaN
721506103,11.695333,2.3295498,-1.337969,0.0,0.0,0.0,0.0,0.0,0.0,4.0503464,2.8599424,-0.1700577,0.0,0.0,0.0,0.0,0.0,0.0
723643300,3.744302,0.36241433,-0.48312682,0.0,0.0,0.0,0.0,0.0,0.0,9.12774,9.056815,-0.010132109,0.0,0.0,0.0,0.0,0.0,0.0
72702Q102,6.4835143,0.5718219,-0.84452754,0.0,0.0,0.0,0.0,0.0,0.0,6.627065,6.9829254,0.050837178,0.0,0.0,0.0,0.0,0.0,0.0
731095105,12.122367,2.6111603,-1.3587438,0.0,0.0,0.0,0.0,0.0,0.0,10.055153,5.860719,-0.59920484,0.0,0.0,0.0,0.0,0.0,0.0
731745204,4.3116026,0.6339386,-0.52538055,0.0,0.0,0.0,0.0,0.0,0.0,4.8744183,3.4569302,-0.2024983,0.0,0.0,0.0,0.0,0.0,0.0
732827100,3.6375744,3.85433,0.03096509,0.0,0.0,0.0,0.0,0.0,0.0,16.489399,19.906233,0.48811913,0.0,0.0,0.0,0.0,0.0,0.0
741016307,0.42344913,NaN,NaN,0.0,0.0,0.0,0.0,0.0,0.0,6.3765,NaN,NaN,0.0,0.0,0.0,0.0,0.0,0.0
741917108,26.080236,14.353344,-1.6752703,NaN,0.25294116,NaN,2.4964337,4.284972,0.2555055,10.277261,9.8717785,-0.05792604,NaN,6.060852,NaN,7.2051463,8.148138,0.1347131
74342L105,2.0415118,0.47862157,-0.22327003,0.0,0.0,0.0,0.0,0.0,0.0,5.5223064,4.167075,-0.19360447,0.0,0.0,0.0,0.0,0.0,0.0
74437C101,28.565119,0.4811245,-4.011999,0.0,0.0,0.0,0.0,0.0,0.0,16.305101,5.968793,-1.4766155,0.0,0.0,0.0,0.0,0.0,0.0
747275105,4.2641582,4.962005,0.09969241,0.76418114,NaN,NaN,0.0,0.0,0.0,7.3673315,10.121173,0.3934059,8.876273,NaN,NaN,0.0,0.0,0.0
749361200,0.44940367,0.5073187,0.008273572,0.0,0.0,0.0,11.209011,NaN,NaN,6.6370087,10.358416,0.53162956,0.0,0.0,0.0,10.499571,NaN,NaN
749412102,1.5892652,0.9153784,-0.09626955,0.0,0.0,0.0,0.0,0.0,0.0,14.22905,14.081615,-0.021062033,0.0,0.0,0.0,0.0,0.0,0.0
756268108,8.207874,0.63829786,-1.0813681,0.0,0.0,0.0,0.0,0.0,0.0,6.4245343,6.178202,-0.03519031,0.0,0.0,0.0,0.0,0.0,0.0
756285102,1.9651238,1.7654997,-0.028517723,0.0,0.0,0.0,0.0,0.0,0.0,13.548337,6.3226895,-1.0322354,0.0,0.0,0.0,0.0,0.0,0.0
757209507,1.7110466,0.3817266,-0.18990286,0.0,0.0,0.0,3.2253711,4.2457914,0.14577433,4.7645316,4.8653383,0.014400959,0.0,0.0,0.0,7.4978385,8.046018,0.07831131
398189100,1.0497364,1.3701535,0.045773882,0.0,0.0,0.0,0.94424206,8.565574,1.0887617,9.50192,11.623985,0.30315223,0.0,0.0,0.0,6.842041,6.727349,-0.016384602
761406107,NaN,15.404796,NaN,10.024683,10.959867,0.08501668,14.866063,NaN,NaN,NaN,15.066661,NaN,22.265482,15.792907,-0.5884159,16.146849,NaN,NaN
74957T104,1.954538,0.083992474,-0.2672208,0.0,0.0,0.0,0.0,0.0,0.0,4.3356028,6.368625,0.29043177,0.0,0.0,0.0,0.0,0.0,0.0
762430205,20.57028,0.46047854,-2.872829,0.0,0.0,0.0,0.0,0.0,0.0,14.856565,4.7068915,-1.4499533,0.0,0.0,0.0,0.0,0.0,0.0
779088103,0.8140395,NaN,NaN,0.0,0.0,0.0,0.0,0.0,0.0,6.6942983,NaN,NaN,0.0,0.0,0.0,0.0,0.0,0.0
G7702U102,14.970954,4.031045,-1.5628442,0.0,0.0,0.0,0.0,0.0,0.0,22.120712,16.811563,-0.75844985,0.0,0.0,0.0,0.0,0.0,0.0
794004200,2.1759386,0.43168345,-0.24917932,1.2509623,6.6093907,0.4121868,5.157255,2.5629544,-0.37061438,11.343086,10.780241,-0.080406465,8.260577,9.244016,0.07564911,10.72273,9.968677,-0.10772187
795872100,NaN,4.966887,NaN,0.0,0.0,0.0,0.0,0.0,0.0,NaN,8.257962,NaN,0.0,0.0,0.0,0.0,0.0,0.0
811371707,9.471654,NaN,NaN,0.0,0.0,0.0,0.0,0.0,0.0,21.271185,NaN,NaN,0.0,0.0,0.0,0.0,0.0,0.0
816074405,6.1615486,0.607064,-0.79349774,0.0,0.0,0.0,0.0,0.0,0.0,4.485693,2.4936445,-0.28457835,0.0,0.0,0.0,0.0,0.0,0.0
817587108,2.211021,0.68888456,-0.21744807,0.23931468,NaN,NaN,0.0,0.0,0.0,20.500193,19.144428,-0.19368063,17.490362,NaN,NaN,0.0,0.0,0.0
G80550109,1.3838047,1.0393258,-0.049211264,0.0,0.0,0.0,0.0,0.0,0.0,9.6502495,8.616392,-0.1476939,0.0,0.0,0.0,0.0,0.0,0.0
82967Y104,2.9904873,0.6456156,-0.33498168,0.0,0.0,0.0,0.0,0.0,0.0,10.9141,10.557426,-0.05095332,0.0,0.0,0.0,0.0,0.0,0.0
83001A102,1.886901,0.19666426,-0.2414624,0.0,0.0,0.0,NaN,31.164825,NaN,11.705754,7.1708198,-0.6478478,0.0,0.0,0.0,NaN,11.371419,NaN
78442T108,4.282919,1.0563823,-0.46093383,0.0,0.0,0.0,0.0,0.0,0.0,7.660762,8.265892,0.08644717,0.0,0.0,0.0,0.0,0.0,0.0
434149100,15.927978,NaN,NaN,0.0,0.0,0.0,0.0,0.0,0.0,8.802053,NaN,NaN,0.0,0.0,0.0,0.0,0.0,0.0
83169A100,11.302166,6.9053116,-0.62812203,0.0,0.0,0.0,0.0,0.0,0.0,6.597955,5.9902267,-0.08681835,0.0,0.0,0.0,0.0,0.0,0.0
832110100,16.660341,7.2565956,-1.3433923,2.578685,7.7017136,0.73186123,7.3549533,10.888489,0.5047908,18.462177,18.31297,-0.021315439,20.790268,24.803175,0.5732724,20.275055,23.709631,0.49065372
83272A104,5.932403,1.4237738,-0.6440899,0.0,0.0,0.0,NaN,17.798292,NaN,12.729159,5.3901663,-1.0484276,0.0,0.0,0.0,NaN,13.758613,NaN
83546Q109,1.7578875,0.34666967,-0.20160255,0.0,0.0,0.0,0.0,0.0,0.0,5.2187686,3.387454,-0.26161638,0.0,0.0,0.0,0.0,0.0,0.0
836151209,2.3042195,0.526004,-0.25403076,0.0,0.0,0.0,0.0,0.0,0.0,0.7323973,1.4170878,0.09781293,0.0,0.0,0.0,0.0,0.0,0.0
84649R200,5.1978154,0.63053334,-0.65246886,0.060131762,NaN,NaN,NaN,8.461558,NaN,7.8333316,4.983335,-0.40714237,4.315968,NaN,NaN,NaN,9.286129,NaN
84741Y103,1.847077,1.455,-0.056010995,0.0,0.0,0.0,0.0,0.0,0.0,10.766931,10.065238,-0.100241795,0.0,0.0,0.0,0.0,0.0,0.0
84761M104,4.785057,0.24669306,-0.6483377,0.0,0.0,0.0,18.916712,30.521877,1.6578808,4.594536,3.5230412,-0.15307066,0.0,0.0,0.0,3.8145885,3.9816551,0.023866653
847607108,6.4582686,0.68064326,-0.8253751,0.0,0.0,0.0,0.0,0.0,0.0,12.274694,10.358286,-0.27377266,0.0,0.0,0.0,0.0,0.0,0.0
84763R101,3.0936003,0.93375736,-0.308549,0.0,0.0,0.0,NaN,14.193888,NaN,6.7566314,4.7015505,-0.29358298,0.0,0.0,0.0,NaN,6.617473,NaN
848457107,4.542843,NaN,NaN,0.0,0.0,0.0,0.0,0.0,0.0,3.5323734,NaN,NaN,0.0,0.0,0.0,0.0,0.0,0.0
85254C305,NaN,2.5322487,NaN,0.0,0.0,0.0,16.498926,12.000983,-0.6425633,NaN,12.2027445,NaN,0.0,0.0,0.0,8.736099,7.9061975,-0.118557386
853156206,9.261181,4.18257,-0.72551584,1.1844023,1.509098,0.06493914,2.0607343,0.19418123,-0.26665044,8.248774,8.582511,0.04767677,6.0335255,6.9877815,0.19085121,6.860857,7.337093,0.068033695
854923109,NaN,1.3919739,NaN,0.0,0.0,0.0,0.0,0.0,0.0,NaN,16.811563,NaN,0.0,0.0,0.0,0.0,0.0,0.0
85569E103,10.620595,0.3515625,-1.4670047,0.0,0.0,0.0,0.0,0.0,0.0,13.339098,3.7348444,-1.3720362,0.0,0.0,0.0,0.0,0.0,0.0
857689103,62.396576,NaN,NaN,0.0,0.0,0.0,0.0,0.0,0.0,13.260933,NaN,NaN,0.0,0.0,0.0,0.0,0.0,0.0
861572105,21.518213,14.363312,-1.0221288,0.0,0.0,0.0,0.0,0.0,0.0,4.6948247,4.248069,-0.06382227,0.0,0.0,0.0,0.0,0.0,0.0
862111200,22.09545,10.360621,-1.676404,2.1664343,2.9721985,0.08057642,1.956213,1.6419492,-0.044894833,14.370566,8.5641365,-0.82949,6.569388,8.84981,0.22804217,6.9736485,4.9781475,-0.28507158
86677E100,10.900052,0.5443658,-1.4793837,0.0,0.0,0.0,0.0,0.0,0.0,9.322572,4.6630473,-0.6656464,0.0,0.0,0.0,0.0,0.0,0.0
866881105,1.5205662,1.3826636,-0.019700374,0.0,0.0,0.0,0.0,0.0,0.0,6.53313,7.838163,0.18643324,0.0,0.0,0.0,0.0,0.0,0.0
86688Q100,2.045818,NaN,NaN,0.0,0.0,0.0,0.0,0.0,0.0,14.536094,NaN,NaN,0.0,0.0,0.0,0.0,0.0,0.0
87163L103,3.580164,NaN,NaN,0.0,0.0,0.0,0.0,0.0,0.0,6.1018395,NaN,NaN,0.0,0.0,0.0,0.0,0.0,0.0
871839205,3.5542512,1.3471901,-0.31529444,0.0,0.0,0.0,0.0,0.0,0.0,8.223193,15.796459,1.0818951,0.0,0.0,0.0,0.0,0.0,0.0
873452304,10.493522,3.4852135,-1.001187,1.0612947,0.96741915,-0.011734441,1.022633,0.3944717,-0.08973732,12.203794,14.102559,0.27125221,10.806104,13.437913,0.32897615,9.524736,9.2057905,-0.045563698
878415108,NaN,15.867794,NaN,0.0,0.0,0.0,0.0,0.0,0.0,NaN,11.092891,NaN,0.0,0.0,0.0,0.0,0.0,0.0
879908101,3.0375698,1.5377783,-0.21425593,0.0,0.0,0.0,0.0,0.0,0.0,21.410961,14.961288,-0.92138183,0.0,0.0,0.0,0.0,0.0,0.0
87959Y103,34.60929,4.402198,-4.315299,0.0,0.0,0.0,0.0,0.0,0.0,26.111092,15.669619,-1.491639,0.0,0.0,0.0,0.0,0.0,0.0
87971Q104,5.6271605,1.1718972,-0.63646615,0.0,0.0,0.0,0.0,0.0,0.0,12.568006,8.044643,-0.6461946,0.0,0.0,0.0,0.0,0.0,0.0
881451108,0.37934995,0.4783442,0.014142036,0.0,0.0,0.0,0.0,0.0,0.0,3.4130511,4.332739,0.13138397,0.0,0.0,0.0,0.0,0.0,0.0
881694103,32.75233,32.86818,0.016549792,36.75136,NaN,NaN,40.976116,44.36674,0.484375,24.33694,28.660637,0.6176709,35.198437,NaN,NaN,30.305664,30.85985,0.07916941
882445109,28.516241,5.083769,-3.347496,1.5075377,NaN,NaN,21.500204,4.178258,-2.4745636,19.381227,4.9594154,-2.0602589,5.2525644,NaN,NaN,12.304508,4.5265813,-1.1111324
872424106,1.4328341,0.7691441,-0.09481286,0.1795973,0.057608932,-0.015248546,0.06595745,NaN,NaN,4.2039905,5.179949,0.13942263,5.719902,4.943828,-0.09700924,5.711656,NaN,NaN
885184101,10.905188,5.9508634,-0.70776063,0.0,0.0,0.0,0.0,0.0,0.0,17.308533,17.786718,0.068312235,0.0,0.0,0.0,0.0,0.0,0.0
889039103,26.979042,14.935242,-1.7205429,2.2960386,4.0337267,0.13366832,3.8699417,3.230438,-0.09135767,10.297642,13.384094,0.44092178,9.755771,7.8947086,-0.14315861,4.2799344,4.378397,0.014066083
889073201,4.7017,1.6930624,-0.42980543,0.0,0.0,0.0,0.0,0.0,0.0,6.921812,6.1557355,-0.10943951,0.0,0.0,0.0,0.0,0.0,0.0
872962105,7.535328,1.5347116,-0.85723084,0.0,0.0,0.0,0.0,0.0,0.0,NaN,15.5873785,NaN,0.0,0.0,0.0,0.0,0.0,0.0
891697104,2.2324796,1.5177419,-0.10210538,0.0,0.0,0.0,0.0,0.0,0.0,17.58607,14.941595,-0.37778202,0.0,0.0,0.0,0.0,0.0,0.0
891707101,1.9274982,1.5403521,-0.055306587,0.0,0.0,0.0,0.0,0.0,0.0,2.9090228,5.1349893,0.31799522,0.0,0.0,0.0,0.0,0.0,0.0
89299Y009,18.110891,7.4575334,-1.5219084,3.5708632,1.2317752,-0.389848,0.0,0.0,0.0,NaN,NaN,NaN,NaN,NaN,NaN,0.0,0.0,0.0
892149105,5.894198,3.2892287,-0.37213847,0.0,0.0,0.0,0.0,0.0,0.0,4.6220765,4.7732797,0.021600451,0.0,0.0,0.0,0.0,0.0,0.0
89376N108,1.0966262,0.23621693,-0.12291561,0.0,0.0,0.0,0.0,0.0,0.0,12.454088,11.300248,-0.16483429,0.0,0.0,0.0,0.0,0.0,0.0
893878108,1.7311149,0.7018091,-0.14704368,0.0,0.0,0.0,0.0,0.0,0.0,9.345805,9.147167,-0.028376851,0.0,0.0,0.0,0.0,0.0,0.0
894859107,1.549907,0.9052977,-0.09208704,0.0,0.0,0.0,0.0,0.0,0.0,12.633171,12.706972,0.010543006,0.0,0.0,0.0,0.0,0.0,0.0
896106200,1.8114544,0.3227918,-0.21266608,0.0,0.0,0.0,13.367609,17.886557,0.64556396,9.633157,12.402705,0.39564976,0.0,0.0,0.0,14.488168,13.626073,-0.12315641
896925203,1.9506506,0.6204717,-0.19002555,0.0,0.0,0.0,0.0,0.0,0.0,9.841969,7.7630377,-0.29699013,0.0,0.0,0.0,0.0,0.0,0.0
89816T103,6.082304,0.5338403,-0.7926377,0.0,0.0,0.0,9.714009,8.947758,-0.10946451,16.455252,6.895136,-1.3657309,0.0,0.0,0.0,13.228546,14.9628105,0.24775206
872918107,2.1915646,0.8004621,-0.19872892,0.0,0.0,0.0,0.0,0.0,0.0,11.379012,11.516606,0.019656317,0.0,0.0,0.0,0.0,0.0,0.0
899900104,2.1413789,0.38286352,-0.25121647,0.0,0.0,0.0,0.0,0.0,0.0,6.4576125,4.086126,-0.3387838,0.0,0.0,0.0,0.0,0.0,0.0
901167106,1.986458,1.4440317,-0.07748946,0.0,0.0,0.0,0.0,0.0,0.0,13.5549345,12.184861,-0.19572476,0.0,0.0,0.0,0.0,0.0,0.0
87311M102,5.0726857,1.9396263,-0.44757992,0.0,0.0,0.0,0.0,0.0,0.0,12.343749,9.71279,-0.37585136,0.0,0.0,0.0,0.0,0.0,0.0
90334D109,9.70623,0.45889443,-1.3210479,0.0,0.0,0.0,0.0,0.0,0.0,6.3265095,6.7808437,0.06490489,0.0,0.0,0.0,0.0,0.0,0.0
90333L201,1.9706764,0.48944747,-0.21160413,0.0,0.0,0.0,0.0,0.0,0.0,8.198314,10.944012,0.39224258,0.0,0.0,0.0,0.0,0.0,0.0
911920106,1.1964467,0.36956826,-0.11812549,0.4439045,0.6686876,0.028097887,16.912827,11.317568,-0.79932266,6.2173195,3.9715626,-0.32082242,6.635278,7.981869,0.16832387,8.43154,5.880447,-0.3644418
90331T107,2.4652908,NaN,NaN,0.0,0.0,0.0,0.0,0.0,0.0,5.4564285,NaN,NaN,0.0,0.0,0.0,0.0,0.0,0.0
910047109,20.664042,5.5975986,-2.152349,0.6133813,NaN,NaN,16.862494,19.886961,0.43206677,10.495307,8.165017,-0.33289856,8.38784,NaN,NaN,14.895796,11.619892,-0.46798626
902646108,4.192574,1.3077048,-0.41212416,0.0,0.0,0.0,0.0,0.0,0.0,8.832505,6.015013,-0.40249887,0.0,0.0,0.0,0.0,0.0,0.0
903849107,5.0361314,2.0520191,-0.42630175,0.0,0.0,0.0,0.0,0.0,0.0,5.7123203,8.620189,0.41540977,0.0,0.0,0.0,0.0,0.0,0.0
910858109,2.8463752,0.6666672,-0.31138685,0.06004619,NaN,NaN,NaN,0.19973388,NaN,8.214339,6.14857,-0.2951099,3.4834487,NaN,NaN,NaN,6.772027,NaN
35241Q107,NaN,6.5476913,NaN,2.46995,2.7515402,0.010429268,4.0512457,3.4399538,-0.08732741,NaN,9.412421,NaN,9.8831005,10.009296,0.0046739224,9.331667,4.997429,-0.61917686
903293405,1.4823418,0.55557173,-0.13239571,0.0,0.0,0.0,21.035318,14.3581085,-0.9538871,16.254553,16.027864,-0.032384057,0.0,0.0,0.0,14.657552,12.608908,-0.29266343
917311805,13.128282,0.42824522,-1.8142909,0.0,0.0,0.0,0.0,0.0,0.0,13.062097,4.6002584,-1.2088339,0.0,0.0,0.0,0.0,0.0,0.0
91972C106,3.252018,0.6819864,-0.3671474,0.0,0.0,0.0,0.0,0.0,0.0,NaN,NaN,NaN,0.0,0.0,0.0,0.0,0.0,0.0
919902106,13.666181,3.8169346,-1.4070351,0.0,0.0,0.0,0.0,0.0,0.0,12.155147,9.534768,-0.3743398,0.0,0.0,0.0,0.0,0.0,0.0
494580103,20.512896,1.7528142,-2.6800117,0.0,0.0,0.0,29.213484,15.399893,-1.9733702,10.155205,5.3543134,-0.6858416,0.0,0.0,0.0,7.5404677,5.61957,-0.274414
923275101,3.5653393,1.5176827,-0.29252237,0.0,0.0,0.0,0.0,0.0,0.0,7.6427894,14.708836,1.0094352,0.0,0.0,0.0,0.0,0.0,0.0
92335X100,6.5634613,0.049079753,-0.9306259,0.0,0.0,0.0,0.0,0.0,0.0,16.811571,8.220741,-1.2272614,0.0,0.0,0.0,0.0,0.0,0.0
92336G106,8.887794,2.3504088,-0.93391216,0.0,0.0,0.0,0.0,0.0,0.0,11.438934,10.248561,-0.17005335,0.0,0.0,0.0,0.0,0.0,0.0
925492100,3.072034,0.47666937,-0.37076637,0.0,0.0,0.0,0.0,0.0,0.0,4.287736,4.3223414,0.004943643,0.0,0.0,0.0,0.0,0.0,0.0
92553H803,4.8216357,0.13908657,-0.5853186,0.0,0.0,0.0,0.0,0.0,0.0,7.084929,5.0161724,-0.25859457,0.0,0.0,0.0,0.0,0.0,0.0
925529208,28.162748,4.1877947,-3.4249933,0.0,0.0,0.0,0.0,0.0,0.0,24.207258,12.291291,-1.702281,0.0,0.0,0.0,0.0,0.0,0.0
63845P101,3.406744,0.56212974,-0.40637347,0.0,0.0,0.0,0.5638065,0.20566982,-0.05116238,5.467036,4.3749614,-0.15601063,0.0,0.0,0.0,2.3827217,3.715524,0.19040033
92839U206,2.869005,0.6485491,-0.317208,0.0,0.0,0.0,0.0,0.0,0.0,12.730884,6.4046965,-0.903741,0.0,0.0,0.0,0.0,0.0,0.0
928559103,7.3219085,0.9681936,-0.90767354,0.0,0.0,0.0,0.0,0.0,0.0,12.039631,9.429427,-0.37288624,0.0,0.0,0.0,0.0,0.0,0.0
38388F108,10.012243,2.9323344,-1.1799848,2.5958805,11.333405,0.22993484,46.256912,38.563995,-1.0989882,8.778474,9.596919,0.13640754,10.338994,11.298292,0.025244689,24.41985,20.50813,-0.5588172
93369N109,2.6380043,2.9946802,0.050953694,0.2905932,NaN,NaN,10.021623,9.8512,-0.02434608,7.4344387,9.663328,0.31841278,9.810124,NaN,NaN,8.901648,10.949437,0.29254135
934390402,11.606567,1.3607899,-1.4636824,0.0,0.0,0.0,8.185098,11.624363,0.49132362,8.7202015,8.894965,0.02496624,0.0,0.0,0.0,12.61006,11.913249,-0.09954439
938862208,5.966099,5.714659,-0.03591994,0.0,0.0,0.0,NaN,13.378714,NaN,4.248069,4.7956915,0.07823181,0.0,0.0,0.0,NaN,4.7124915,NaN
94769A101,5.861677,2.1886213,-0.5247223,0.0,0.0,0.0,0.0,0.0,0.0,26.111092,15.6696205,-1.4916388,0.0,0.0,0.0,0.0,0.0,0.0
94845V103,7.2766247,0.17967093,-1.0138506,0.0,0.0,0.0,0.0,0.0,0.0,8.4598875,3.9611857,-0.6426717,0.0,0.0,0.0,0.0,0.0,0.0
948462106,13.042966,9.951342,-0.4416606,0.0,0.0,0.0,0.0,0.0,0.0,18.257198,18.562069,0.043552943,0.0,0.0,0.0,0.0,0.0,0.0
948774104,0.5423729,NaN,NaN,0.0,0.0,0.0,0.0,0.0,0.0,6.686214,NaN,NaN,0.0,0.0,0.0,0.0,0.0,0.0
955465109,16.166283,19.025736,0.4084933,0.0,0.0,0.0,29.06562,NaN,NaN,8.708343,11.449015,0.39152458,0.0,0.0,0.0,14.807545,NaN,NaN
958043408,1.0203179,1.4920717,0.06739341,0.51967824,NaN,NaN,7.7489753,12.672246,0.7033244,6.378949,10.3840275,0.57215405,10.547309,NaN,NaN,14.576817,14.63863,0.008830479
960878106,6.437552,3.3773708,-0.43716875,0.0,0.0,0.0,3.0270858,1.7662171,-0.18012409,8.765853,9.993761,0.17541544,0.0,0.0,0.0,7.8641577,7.971548,0.015341486
961238102,1.0546346,0.48282486,-0.0816871,0.0,0.0,0.0,0.0,0.0,0.0,2.2702508,2.999907,0.1042366,0.0,0.0,0.0,0.0,0.0,0.0
410315105,5.005303,2.7628367,-0.32035232,0.82965153,1.2271597,0.039750822,1.4396172,0.53857106,-0.12872086,14.26414,13.422179,-0.12028013,11.542934,10.50679,-0.10361443,17.216421,23.43431,0.88826996
194831004,NaN,13.844498,NaN,4.014536,4.594626,0.06445445,3.6549706,NaN,NaN,NaN,12.234245,NaN,13.392578,15.542214,0.23884848,12.942191,NaN,NaN
972218101,5.319149,9.000019,0.52583855,9.320735,10.1758795,0.28504816,8.365092,5.679004,-0.38372687,13.184289,13.558011,0.053388868,15.570516,15.622019,0.017167727,18.026253,19.433573,0.20104572
974280307,6.462835,2.6046152,-0.5511742,0.0,0.0,0.0,11.569738,7.096753,-0.6389979,9.897734,13.183502,0.4693955,0.0,0.0,0.0,22.24654,17.922344,-0.61774224
975515107,32.916435,9.025522,-3.4129875,0.0,0.0,0.0,0.0,0.0,0.0,24.207258,12.291291,-1.702281,0.0,0.0,0.0,0.0,0.0,0.0
97652H109,1.9627972,0.56506073,-0.19967663,0.0,0.0,0.0,0.0,0.0,0.0,12.43327,16.370996,0.5625323,0.0,0.0,0.0,0.0,0.0,0.0
98141A101,11.582431,4.0740767,-1.0726221,0.0,0.0,0.0,0.0,0.0,0.0,24.207243,12.291294,-1.7022784,0.0,0.0,0.0,0.0,0.0,0.0
981902109,22.391504,12.212383,-1.4541601,0.57710063,NaN,NaN,0.0,0.0,0.0,7.9526463,5.5680127,-0.34066194,6.9429703,NaN,NaN,0.0,0.0,0.0
981579105,1.9566288,0.8280657,-0.1612233,0.0,0.0,0.0,0.0,0.0,0.0,6.5520487,4.9860106,-0.22371973,0.0,0.0,0.0,0.0,0.0,0.0
981907108,1.2840061,0.20193826,-0.15458111,0.0,0.0,0.0,0.0,0.0,0.0,7.0395355,5.160231,-0.26847205,0.0,0.0,0.0,0.0,0.0,0.0
894688100,8.143373,3.051731,-0.72737736,0.6898115,0.78516346,0.013621705,1.4458259,1.7349006,0.04129638,22.620354,19.512669,-0.443955,22.598215,32.97706,1.4826919,26.780464,27.181189,0.057246346
98416J118,NaN,0.35235265,NaN,0.0,0.0,0.0,NaN,7.084526,NaN,NaN,5.7611656,NaN,0.0,0.0,0.0,NaN,4.8659143,NaN
98417K106,17.82694,0.25982255,-2.5095882,0.0,0.0,0.0,0.0,0.0,0.0,12.291304,7.820183,-0.63873154,0.0,0.0,0.0,0.0,0.0,0.0
989349105,5.6122093,NaN,NaN,0.0,0.0,0.0,0.0,0.0,0.0,6.696944,NaN,NaN,0.0,0.0,0.0,0.0,0.0,0.0
20557T101,0.0,0.0,0.0,4.486719,NaN,NaN,2.5721169,2.9983108,0.060884852,0.0,0.0,0.0,9.6361065,NaN,NaN,9.095962,10.109733,0.14482443
212072102,0.0,0.0,0.0,3.5182118,NaN,NaN,0.68155605,2.1705823,0.21271804,0.0,0.0,0.0,39.861443,NaN,NaN,18.171482,22.201021,0.5756484
086553104,0.0,0.0,0.0,0.0,0.0,0.0,NaN,2.5731814,NaN,0.0,0.0,0.0,0.0,0.0,0.0,NaN,9.049942,NaN
G3921A175,0.0,0.0,0.0,0.0,0.0,0.0,NaN,8.619348,NaN,0.0,0.0,0.0,0.0,0.0,0.0,NaN,9.194117,NaN
172936106,0.0,0.0,0.0,0.0,0.0,0.0,12.637834,20.225609,1.0839679,0.0,0.0,0.0,0.0,0.0,0.0,10.846704,14.792954,0.56375015
457661106,0.0,0.0,0.0,0.0,0.0,0.0,NaN,16.39775,NaN,0.0,0.0,0.0,0.0,0.0,0.0,NaN,14.562599,NaN
44980Y305,0.0,0.0,0.0,0.0,0.0,0.0,NaN,24.230148,NaN,0.0,0.0,0.0,0.0,0.0,0.0,NaN,5.56801,NaN
46624E405,0.0,0.0,0.0,0.0,0.0,0.0,7.58247,2.396119,-0.74090725,0.0,0.0,0.0,0.0,0.0,0.0,8.396957,7.1303406,-0.18094526
48577P106,0.0,0.0,0.0,0.0,0.0,0.0,NaN,17.436178,NaN,0.0,0.0,0.0,0.0,0.0,0.0,NaN,17.14667,NaN
578349102,0.0,0.0,0.0,0.0,0.0,0.0,6.508559,7.9861727,0.21108763,0.0,0.0,0.0,0.0,0.0,0.0,13.649381,15.711126,0.2945351
586014102,0.0,0.0,0.0,0.0,0.0,0.0,1.4694357,0.8665786,-0.086122446,0.0,0.0,0.0,0.0,0.0,0.0,1.9817076,3.119545,0.1625482
636317109,0.0,0.0,0.0,0.0,0.0,0.0,21.554708,26.6745,0.7313987,0.0,0.0,0.0,0.0,0.0,0.0,15.224202,12.502616,-0.38879803
70322A101,0.0,0.0,0.0,0.0,0.0,0.0,9.914977,11.7047615,0.25568348,0.0,0.0,0.0,0.0,0.0,0.0,11.487694,11.748868,0.0373106
98387T103,0.0,0.0,0.0,0.0,0.0,0.0,1.3419023,NaN,NaN,0.0,0.0,0.0,0.0,0.0,0.0,11.598847,NaN,NaN
71654J108,0.0,0.0,0.0,0.0,0.0,0.0,7.617728,9.819533,0.31454358,0.0,0.0,0.0,0.0,0.0,0.0,5.216833,5.7153654,0.0712189
746276104,0.0,0.0,0.0,0.0,0.0,0.0,5.8740993,NaN,NaN,0.0,0.0,0.0,0.0,0.0,0.0,13.449752,NaN,NaN
686857103,0.0,0.0,0.0,0.0,0.0,0.0,4.448015,NaN,NaN,0.0,0.0,0.0,0.0,0.0,0.0,6.555841,NaN,NaN
761339100,0.0,0.0,0.0,0.0,0.0,0.0,6.178235,10.024044,0.5494013,0.0,0.0,0.0,0.0,0.0,0.0,11.51358,10.497686,-0.1451277
827056300,0.0,0.0,0.0,0.0,0.0,0.0,12.355841,NaN,NaN,0.0,0.0,0.0,0.0,0.0,0.0,11.542801,NaN,NaN
834376501,0.0,0.0,0.0,0.0,0.0,0.0,6.4749637,4.0384016,-0.3480803,0.0,0.0,0.0,0.0,0.0,0.0,12.042973,9.55588,-0.355299
817826209,0.0,0.0,0.0,0.0,0.0,0.0,1.4392796,2.4269714,0.14109884,0.0,0.0,0.0,0.0,0.0,0.0,22.834736,21.055634,-0.25415748
849416201,0.0,0.0,0.0,0.0,0.0,0.0,6.4355273,5.88644,-0.078441076,0.0,0.0,0.0,0.0,0.0,0.0,9.879113,7.6566744,-0.31749126
893349837,0.0,0.0,0.0,0.0,0.0,0.0,9.849156,4.926393,-0.7032519,0.0,0.0,0.0,0.0,0.0,0.0,16.55953,15.806358,-0.10759599
988858106,0.0,0.0,0.0,0.0,0.0,0.0,6.3143487,7.775022,0.20866762,0.0,0.0,0.0,0.0,0.0,0.0,6.909773,7.4608984,0.078732215
