00252W104,156.34453,195.8664,5.645981,0.0,0.0,0.0,0.0,0.0,0.0,19.553965,27.15412,1.0857364,0.0,0.0,0.0,0.0,0.0,0.0
,0.0,0.0,0.0,0.0,0.0,0.0,0.0,0.0,0.0,0.0,0.0,0.0,0.0,0.0,0.0,0.0,0.0,0.0
00439T206,274.9027,NaN,NaN,0.0,0.0,0.0,NaN,173.58104,NaN,302.50476,NaN,NaN,0.0,0.0,0.0,NaN,248.93977,NaN
004724100,198.33398,305.81125,15.353895,0.0,0.0,0.0,0.0,0.0,0.0,196.27264,242.1957,6.560436,0.0,0.0,0.0,0.0,0.0,0.0
000973107,73.441,213.1285,19.955357,0.0,0.0,0.0,0.0,0.0,0.0,67.49019,81.26142,1.9673189,0.0,0.0,0.0,0.0,0.0,0.0
00503U105,628.1155,748.97955,17.266296,0.0,0.0,0.0,0.0,0.0,0.0,23.924362,29.344212,0.7742642,0.0,0.0,0.0,0.0,0.0,0.0
006847107,603.72266,742.5697,19.835293,0.0,0.0,0.0,0.0,0.0,0.0,2175.3132,2503.12,46.829556,0.0,0.0,0.0,0.0,0.0,0.0
006848105,6560.7476,8427.794,266.72092,0.0,0.0,0.0,0.0,0.0,0.0,1260.6631,1398.5408,19.696812,0.0,0.0,0.0,0.0,0.0,0.0
31865X106,83.51603,66.478294,-2.433962,0.0,0.0,0.0,0.0,0.0,0.0,1906.9847,2759.967,121.854614,0.0,0.0,0.0,0.0,0.0,0.0
008494106,51.150005,57.091335,0.84876144,0.0,0.0,0.0,0.0,0.0,0.0,92.54474,89.950645,-0.37058476,0.0,0.0,0.0,0.0,0.0,0.0
009114109,206.05055,166.38928,-5.665896,0.0,0.0,0.0,0.0,0.0,0.0,253.41344,202.8338,-7.225662,0.0,0.0,0.0,0.0,0.0,0.0
867071102,NaN,492.93488,NaN,11.192274,10.151618,-0.10406561,0.0,0.0,0.0,NaN,3.2477825,NaN,6.146829,9.315988,0.31691584,0.0,0.0,0.0
018593103,207.64807,220.74168,1.8705161,0.0,0.0,0.0,0.0,0.0,0.0,NaN,NaN,NaN,0.0,0.0,0.0,0.0,0.0,0.0
019223106,137.58717,158.36816,2.968713,0.0,0.0,0.0,0.0,0.0,0.0,68.127815,77.04745,1.2742331,0.0,0.0,0.0,0.0,0.0,0.0
019411107,76.29583,15.571428,-8.674914,0.0,0.0,0.0,0.0,0.0,0.0,240.58983,273.68665,4.7281165,0.0,0.0,0.0,0.0,0.0,0.0
019645506,255.09108,226.81187,-4.0398865,46.741848,NaN,NaN,0.0,0.0,0.0,108.85846,133.13206,3.4676578,123.30665,NaN,NaN,0.0,0.0,0.0
02146C104,698.3469,591.6466,-15.242903,0.0,0.0,0.0,0.0,0.0,0.0,142.77472,145.02356,0.3212629,0.0,0.0,0.0,0.0,0.0,0.0
625440102,90.51456,80.14586,-1.4812425,NaN,18.973347,NaN,26.551065,25.582638,-0.12105346,110.74882,109.471375,-0.18249185,NaN,81.2784,NaN,96.28896,174.36949,9.760066
023006109,NaN,229.80437,NaN,240.17216,NaN,NaN,0.0,0.0,0.0,NaN,291.47363,NaN,113.40582,NaN,NaN,0.0,0.0,0.0
023395106,153.60106,NaN,NaN,0.0,0.0,0.0,0.0,0.0,0.0,160.17337,NaN,NaN,0.0,0.0,0.0,0.0,0.0,0.0
023426703,58.76274,207.47784,21.245014,2.6181252,5.9095707,0.6582891,38.33309,20.000547,-2.6189349,219.21233,205.38365,-1.9755249,200.30074,185.40607,-2.9789338,163.41396,147.76532,-2.2355194
023586100,794.50543,858.18506,9.09709,377.6895,NaN,NaN,428.21365,505.54376,11.047158,3745.9368,4125.024,54.155308,4734.231,NaN,NaN,4209.522,3537.6318,-95.98431
90341W108,390.27182,528.16504,19.699032,392.02216,361.46143,-2.3508253,348.2008,262.49182,-12.244141,507.47125,585.4882,11.145281,830.45184,1194.4137,27.997066,1099.8047,904.94104,-27.837664
024490302,199.9596,NaN,NaN,0.0,0.0,0.0,0.0,0.0,0.0,146.61028,NaN,NaN,0.0,0.0,0.0,0.0,0.0,0.0
024928103,97.08154,457.058,51.42521,0.0,0.0,0.0,0.0,0.0,0.0,298.4499,537.1641,34.10203,0.0,0.0,0.0,0.0,0.0,0.0
02553G101,74.8758,101.54152,3.8093884,0.0,0.0,0.0,0.0,0.0,0.0,173.85626,51.20291,-17.521908,0.0,0.0,0.0,0.0,0.0,0.0
026496208,391.30576,407.7413,2.3479352,101.49677,62.700947,-4.3106475,231.05391,190.49347,-5.7943487,480.8383,557.81146,10.996168,543.6861,308.54892,-26.126352,355.40463,275.71912,-11.383645
026652107,126.36356,124.86992,-0.21337782,0.0,0.0,0.0,0.0,0.0,0.0,7.468968,9.645829,0.31098017,0.0,0.0,0.0,0.0,0.0,0.0
028816106,262.07742,NaN,NaN,0.0,0.0,0.0,0.0,0.0,0.0,191.75488,NaN,NaN,0.0,0.0,0.0,0.0,0.0,0.0
029318300,104.50989,176.55043,10.291506,0.0,0.0,0.0,0.0,0.0,0.0,48.93673,59.343018,1.4866126,0.0,0.0,0.0,0.0,0.0,0.0
030789507,412.94846,780.9548,52.57233,83.53924,48.67383,-3.486541,42.868168,40.516113,-0.3360078,115.04007,128.6002,1.9371622,195.39641,278.16956,8.277315,105.086105,110.69933,0.8018897
03113V109,737.4389,NaN,NaN,0.0,0.0,0.0,0.0,0.0,0.0,141.81476,NaN,NaN,0.0,0.0,0.0,0.0,0.0,0.0
03237E108,292.96585,254.85027,-5.4450836,0.0,0.0,0.0,163.10733,158.39581,-0.6730739,402.54703,320.60367,-11.706194,0.0,0.0,0.0,251.91136,235.00914,-2.414603
001813104,3139.8452,2804.4045,-47.920097,0.0,0.0,0.0,0.0,0.0,0.0,2302.6558,3147.5845,120.7041,0.0,0.0,0.0,0.0,0.0,0.0
03304B300,239.8363,352.59427,16.10828,0.0,0.0,0.0,NaN,241.66841,NaN,2535.363,2986.0273,64.380615,0.0,0.0,0.0,NaN,2640.903,NaN
G6359F103,157.56532,119.949684,-5.3736625,13.811561,12.353021,-0.16206,12.541089,44.61843,4.5824776,104.61391,94.37029,-1.4633734,93.43005,108.05714,1.6252314,133.13206,123.30664,-1.403632
035250109,54.48685,NaN,NaN,0.0,0.0,0.0,0.0,0.0,0.0,166.30579,NaN,NaN,0.0,0.0,0.0,0.0,0.0,0.0
381119106,281.32425,275.26907,-0.8650251,0.0,0.0,0.0,0.0,0.0,0.0,218.43153,243.5732,3.591666,0.0,0.0,0.0,0.0,0.0,0.0
038196101,156.99278,223.24426,9.464498,0.0,0.0,0.0,0.0,0.0,0.0,87.423416,77.05977,-1.4805211,0.0,0.0,0.0,0.0,0.0,0.0
038213104,106.29114,159.17798,7.555263,0.0,0.0,0.0,0.0,0.0,0.0,16.25361,31.952318,2.2426724,0.0,0.0,0.0,0.0,0.0,0.0
001937101,203.62096,213.18634,1.3664834,0.0,0.0,0.0,0.0,0.0,0.0,21.498833,31.68418,1.4550495,0.0,0.0,0.0,0.0,0.0,0.0
G04397108,155.1317,369.2294,30.585386,0.0,0.0,0.0,0.0,0.0,0.0,48.66383,39.701813,-1.2802881,0.0,0.0,0.0,0.0,0.0,0.0
90341G103,725.7669,918.55194,27.54072,0.0,0.0,0.0,NaN,27.218292,NaN,2307.8193,3004.3555,99.505165,0.0,0.0,0.0,NaN,2913.865,NaN
042384107,1123.4058,955.2004,-24.02934,49.869915,NaN,NaN,0.0,0.0,0.0,126.89932,179.01987,7.445792,170.04118,NaN,NaN,0.0,0.0,0.0
G05330108,684.7059,NaN,NaN,0.0,0.0,0.0,0.0,0.0,0.0,2367.829,NaN,NaN,0.0,0.0,0.0,0.0,0.0,0.0
04544X300,141.10641,109.251625,-3.9818487,0.0,0.0,0.0,0.0,0.0,0.0,152.7474,145.13303,-0.9517975,0.0,0.0,0.0,0.0,0.0,0.0
04648X107,66.79897,70.4451,0.5208751,0.0,0.0,0.0,0.0,0.0,0.0,94.83609,93.75131,-0.15496826,0.0,0.0,0.0,0.0,0.0,0.0
045919107,406.66226,550.5024,20.548588,0.0,0.0,0.0,0.0,0.0,0.0,143.47566,101.98249,-5.927596,0.0,0.0,0.0,0.0,0.0,0.0
04649A106,315.72272,472.77213,22.435629,0.0,0.0,0.0,0.0,0.0,0.0,2529.2454,2774.5342,35.04126,0.0,0.0,0.0,0.0,0.0,0.0
37990V204,282.29953,290.05225,1.1075308,0.0,0.0,0.0,0.0,0.0,0.0,1829.583,1797.2103,-4.6246686,0.0,0.0,0.0,0.0,0.0,0.0
046613105,77.41205,NaN,NaN,0.0,0.0,0.0,0.0,0.0,0.0,NaN,NaN,NaN,0.0,0.0,0.0,0.0,0.0,0.0
050727106,246.30879,NaN,NaN,0.0,0.0,0.0,0.0,0.0,0.0,175.90472,NaN,NaN,0.0,0.0,0.0,0.0,0.0,0.0
05164B106,591.3098,634.0676,6.1082587,0.0,0.0,0.0,0.0,0.0,0.0,1941.8275,2020.8265,11.285575,0.0,0.0,0.0,0.0,0.0,0.0
05873K108,386.66324,695.29407,44.09012,0.0,0.0,0.0,0.0,0.0,0.0,786.39716,970.3032,26.272295,0.0,0.0,0.0,0.0,0.0,0.0
069744100,179.09547,154.18787,-3.5582297,0.0,0.0,0.0,0.0,0.0,0.0,1666.5359,1878.1472,30.23019,0.0,0.0,0.0,0.0,0.0,0.0
074002205,428.6744,472.59167,6.2738953,0.0,0.0,0.0,0.0,0.0,0.0,60.41181,54.952587,-0.7798892,0.0,0.0,0.0,0.0,0.0,0.0
077266104,134.6248,142.84628,1.1744974,0.0,0.0,0.0,0.0,0.0,0.0,143.76544,158.41919,2.0933926,0.0,0.0,0.0,0.0,0.0,0.0
087509105,499.69327,542.0686,6.0536194,530.5023,NaN,NaN,0.0,0.0,0.0,386.68042,342.87445,-6.2579956,399.29337,NaN,NaN,0.0,0.0,0.0
091250100,344.3065,504.79962,22.927591,0.0,0.0,0.0,0.0,0.0,0.0,372.11966,328.8513,-6.1811957,0.0,0.0,0.0,0.0,0.0,0.0
055607105,62.700596,NaN,NaN,0.0,0.0,0.0,0.0,0.0,0.0,23.205622,NaN,NaN,0.0,0.0,0.0,0.0,0.0,0.0
098904204,216.41925,282.20355,9.397758,0.0,0.0,0.0,0.0,0.0,0.0,269.56323,267.95682,-0.22948782,0.0,0.0,0.0,0.0,0.0,0.0
099541203,157.00694,185.45409,4.0638776,0.0,0.0,0.0,0.0,0.0,0.0,83.00715,116.75968,4.82179,0.0,0.0,0.0,0.0,0.0,0.0
100578103,302.42606,497.1933,27.823893,0.0,0.0,0.0,0.0,0.0,0.0,79.87595,121.40755,5.933085,0.0,0.0,0.0,0.0,0.0,0.0
104499207,115.38998,125.71167,1.4745276,35.889584,NaN,NaN,0.0,0.0,0.0,96.636375,107.32614,1.5271094,60.766037,NaN,NaN,0.0,0.0,0.0
105423404,NaN,83.63622,NaN,0.0,0.0,0.0,0.0,0.0,0.0,NaN,518.11365,NaN,0.0,0.0,0.0,0.0,0.0,0.0
105425102,NaN,813.5911,NaN,0.0,0.0,0.0,0.0,0.0,0.0,NaN,926.6421,NaN,0.0,0.0,0.0,0.0,0.0,0.0
106702103,NaN,787.59674,NaN,0.0,0.0,0.0,0.0,0.0,0.0,NaN,257.5262,NaN,0.0,0.0,0.0,0.0,0.0,0.0
119003101,2292.1638,2602.7732,44.37277,0.0,0.0,0.0,0.0,0.0,0.0,2708.2354,3789.3557,154.44577,0.0,0.0,0.0,0.0,0.0,0.0
120084108,133.07756,144.878,1.6857779,0.0,0.0,0.0,0.0,0.0,0.0,48.60266,40.806286,-1.1137679,0.0,0.0,0.0,0.0,0.0,0.0
120113105,189.40974,248.56439,8.450664,0.0,0.0,0.0,0.0,0.0,0.0,3839.8838,4057.3257,31.063128,0.0,0.0,0.0,0.0,0.0,0.0
121693105,542.68024,645.84894,14.738386,0.0,0.0,0.0,0.0,0.0,0.0,87.52978,109.46772,3.1339917,0.0,0.0,0.0,0.0,0.0,0.0
123164105,61.429413,99.46759,5.4340253,0.0,0.0,0.0,0.0,0.0,0.0,24.769642,40.87256,2.3004167,0.0,0.0,0.0,0.0,0.0,0.0
12476P203,199.54688,233.7216,4.882104,0.0,0.0,0.0,0.0,0.0,0.0,1309.509,1362.2654,7.536621,0.0,0.0,0.0,0.0,0.0,0.0
128787108,252.88254,296.20572,6.189026,206.59824,NaN,NaN,0.0,0.0,0.0,450.10895,480.46826,4.3370447,65.618484,NaN,NaN,0.0,0.0,0.0
129915203,117.06704,98.37089,-2.670879,15.5817175,NaN,NaN,0.0,0.0,0.0,810.0178,770.3544,-5.6662073,725.98206,NaN,NaN,0.0,0.0,0.0
140909102,135.34851,122.40981,-1.8483855,0.0,0.0,0.0,0.0,0.0,0.0,1612.7948,1665.9265,7.590245,0.0,0.0,0.0,0.0,0.0,0.0
140777103,NaN,76.87791,NaN,0.0,0.0,0.0,0.0,0.0,0.0,NaN,152.25824,NaN,0.0,0.0,0.0,0.0,0.0,0.0
141602300,130.24847,151.00327,2.96497,0.0,0.0,0.0,0.0,0.0,0.0,16.527897,14.125416,-0.3432116,0.0,0.0,0.0,0.0,0.0,0.0
141649301,172.88013,114.55868,-8.331635,0.0,0.0,0.0,47.906082,34.521324,-1.9121083,84.69682,89.444725,0.6782717,0.0,0.0,0.0,79.508934,101.19139,3.097494
141706309,126.712524,137.14948,1.4909929,0.0,0.0,0.0,0.0,0.0,0.0,94.7167,161.76442,9.578246,0.0,0.0,0.0,0.0,0.0,0.0
143436400,240.30135,296.00476,7.9576306,29.895596,NaN,NaN,236.2843,214.15227,-3.161719,38.7882,33.92434,-0.6948373,49.838146,NaN,NaN,248.38829,365.90698,16.788385
111572103,1338.317,1279.572,-8.392142,735.3529,711.43665,-3.9860432,776.30664,734.71674,-5.941415,3124.7178,3505.681,54.423306,3476.733,1904.4264,-262.0511,1630.7261,1528.1571,-14.65271
148710106,129.2275,154.58952,3.6231472,0.0,0.0,0.0,0.0,0.0,0.0,37.010803,58.65347,3.0918095,0.0,0.0,0.0,0.0,0.0,0.0
15115M101,181.73479,270.71515,12.71148,0.0,0.0,0.0,0.0,0.0,0.0,16.686733,28.668917,1.7117405,0.0,0.0,0.0,0.0,0.0,0.0
125185108,15.378169,13.04929,-0.33269706,0.0,0.0,0.0,0.0,0.0,0.0,93.97275,103.83126,1.4083589,0.0,0.0,0.0,0.0,0.0,0.0
158496109,173.75427,252.7981,11.291975,0.0,0.0,0.0,7.5402703,6.842992,-0.099611215,2.2511966,0.5669172,-0.24061134,0.0,0.0,0.0,7.743725,6.453458,-0.18432386
16115Q308,152.8556,146.6926,-0.8804299,0.0,0.0,0.0,0.0,0.0,0.0,36.948017,35.175938,-0.25315422,0.0,0.0,0.0,0.0,0.0,0.0
847807104,450.80722,570.8357,17.146925,52.86314,6.9703765,-4.5892763,115.08509,59.47178,-7.944759,43.49256,36.12319,-1.052767,48.50498,67.77793,1.9272953,121.69363,179.36183,8.238315
559079207,577.3184,571.45447,-0.8377075,0.0,0.0,0.0,590.7592,310.5406,-40.03123,10.135389,7.5882206,-0.36388126,0.0,0.0,0.0,20.026693,24.466558,0.63426644
163893209,NaN,557.539,NaN,0.0,0.0,0.0,NaN,828.91833,NaN,NaN,1625.2245,NaN,0.0,0.0,0.0,NaN,2093.4597,NaN
165159104,234.68047,383.76846,21.298285,0.0,0.0,0.0,63.79593,74.85268,1.5795354,1806.0619,1583.5333,-31.789795,0.0,0.0,0.0,368.02588,404.19327,5.16677
168710101,118.44455,232.41562,16.281582,0.0,0.0,0.0,0.0,0.0,0.0,316.417,209.9671,-15.207128,0.0,0.0,0.0,0.0,0.0,0.0
170032809,793.67596,744.61066,-7.00933,0.0,0.0,0.0,311.834,225.81946,-12.287794,169.17763,205.38852,5.1729846,0.0,0.0,0.0,97.32597,15.743392,-11.6546545
12542A206,513.52716,NaN,NaN,0.0,0.0,0.0,0.0,0.0,0.0,50.33873,NaN,NaN,0.0,0.0,0.0,0.0,0.0,0.0
172585101,871.65704,961.8447,12.883955,639.27893,63.007637,-48.02261,NaN,133.90762,NaN,122.98183,133.5022,1.50291,243.75594,606.8002,30.253687,NaN,421.35614,NaN
172737108,51.278954,133.13109,11.693162,0.0,0.0,0.0,0.0,0.0,0.0,175.96126,240.18925,9.175428,0.0,0.0,0.0,0.0,0.0,0.0
180461105,6.121027,NaN,NaN,0.0,0.0,0.0,0.0,0.0,0.0,136.01251,NaN,NaN,0.0,0.0,0.0,0.0,0.0,0.0
182728204,322.0176,339.75333,2.533674,0.0,0.0,0.0,0.0,0.0,0.0,1352.8564,1368.804,2.2782156,0.0,0.0,0.0,0.0,0.0,0.0
192481208,186.32617,289.3979,14.724531,0.0,0.0,0.0,0.0,0.0,0.0,247.79408,278.1278,4.3333893,0.0,0.0,0.0,0.0,0.0,0.0
194830204,794.36664,1073.1758,39.829876,0.0,0.0,0.0,0.0,0.0,0.0,182.35591,267.97284,12.230989,0.0,0.0,0.0,0.0,0.0,0.0
200334100,3376.3638,NaN,NaN,0.0,0.0,0.0,0.0,0.0,0.0,96.119835,NaN,NaN,0.0,0.0,0.0,0.0,0.0,0.0
20452C104,57.591156,NaN,NaN,0.0,0.0,0.0,0.0,0.0,0.0,15.0331135,NaN,NaN,0.0,0.0,0.0,0.0,0.0,0.0
206814105,100.51284,96.92718,-0.51223755,0.0,0.0,0.0,0.0,0.0,0.0,42.406555,34.0068,-1.1999648,0.0,0.0,0.0,0.0,0.0,0.0
209232107,14.192931,59.35597,6.4518623,0.0,0.0,0.0,0.0,0.0,0.0,64.521194,65.59065,0.15277971,0.0,0.0,0.0,0.0,0.0,0.0
21036U206,194.31738,194.89307,0.082240514,111.26926,NaN,NaN,NaN,150.36075,NaN,116.12889,161.74184,6.516135,128.61813,NaN,NaN,NaN,108.49387,NaN
21099Y004,498.23074,678.335,25.729183,299.02255,282.98096,-1.3367996,0.0,0.0,0.0,334.72742,253.41335,-11.616296,209.69737,220.32391,0.8855451,0.0,0.0,0.0
211496104,997.2762,1521.2389,74.851814,0.0,0.0,0.0,0.0,0.0,0.0,155.28125,138.79367,-2.3553684,0.0,0.0,0.0,0.0,0.0,0.0
211914403,119.497406,120.365074,0.12395259,0.0,0.0,0.0,0.0,0.0,0.0,84.498886,93.47296,1.2820108,0.0,0.0,0.0,0.0,0.0,0.0
216245100,146.72588,92.76452,-6.7451696,35.78805,35.116154,-0.09598541,50.255024,NaN,NaN,125.02539,126.49237,0.1833725,93.55715,71.48516,-3.1531415,97.52936,NaN,NaN
218103109,153.3865,189.4075,5.1458564,0.0,0.0,0.0,0.0,0.0,0.0,39.87139,16.640184,-3.318744,0.0,0.0,0.0,0.0,0.0,0.0
22161G103,109.54886,133.47612,3.4181802,0.0,0.0,0.0,0.0,0.0,0.0,247.79408,278.12796,4.333411,0.0,0.0,0.0,0.0,0.0,0.0
222814204,311.45264,788.96436,68.21596,0.0,0.0,0.0,28.03224,27.414045,-0.08831351,1935.6874,2358.3416,60.37917,0.0,0.0,0.0,2819.521,2288.7358,-75.826454
228439105,407.35583,337.90622,-9.921373,0.0,0.0,0.0,0.0,0.0,0.0,277.63705,195.97188,-11.666453,0.0,0.0,0.0,0.0,0.0,0.0
228622106,358.07788,NaN,NaN,0.0,0.0,0.0,0.0,0.0,0.0,809.38354,NaN,NaN,0.0,0.0,0.0,0.0,0.0,0.0
229070107,NaN,184.52979,NaN,1.0228531,NaN,NaN,0.0,0.0,0.0,NaN,15.39604,NaN,12.926764,NaN,NaN,0.0,0.0,0.0
229241104,373.60852,324.763,-6.10569,0.0,0.0,0.0,57.065655,39.754585,-2.4730098,129.14981,145.2663,2.0145607,0.0,0.0,0.0,150.71223,143.74933,-0.99470085
126419100,113.11532,268.74896,22.233377,0.0,0.0,0.0,0.0,0.0,0.0,407.90707,341.71692,-9.455736,0.0,0.0,0.0,0.0,0.0,0.0
23380G106,50.304207,175.3688,17.866371,0.0,0.0,0.0,0.0,0.0,0.0,54.263412,78.96226,3.5284064,0.0,0.0,0.0,0.0,0.0,0.0
234050102,4.361609,79.778465,10.773836,0.0,0.0,0.0,0.0,0.0,0.0,113.03513,114.42761,0.19892557,0.0,0.0,0.0,0.0,0.0,0.0
234053106,57.7272,137.54163,11.4020605,0.0,0.0,0.0,0.0,0.0,0.0,309.2384,387.20303,11.137804,0.0,0.0,0.0,0.0,0.0,0.0
235774106,164.45389,149.37529,-2.1540854,0.0,0.0,0.0,0.0,0.0,0.0,37.09386,32.229256,-0.69494355,0.0,0.0,0.0,0.0,0.0,0.0
235825205,1563.4564,1287.9242,-39.361748,0.0,0.0,0.0,0.0,0.0,0.0,256.50232,318.02423,8.788844,0.0,0.0,0.0,0.0,0.0,0.0
240028308,168.21167,221.56982,7.6225934,0.0,0.0,0.0,0.0,0.0,0.0,100.97055,146.59296,6.5174866,0.0,0.0,0.0,0.0,0.0,0.0
233162502,158.35963,176.70483,2.6207428,0.0,0.0,0.0,46.224636,15.220024,-4.42923,152.47855,183.47957,4.4287176,0.0,0.0,0.0,194.73997,171.58871,-3.307323
241209105,69.48583,149.32176,11.405133,0.0,0.0,0.0,0.0,0.0,0.0,101.45085,146.83116,6.4829016,0.0,0.0,0.0,0.0,0.0,0.0
243458106,464.18076,490.85464,3.8105557,0.0,0.0,0.0,0.0,0.0,0.0,225.11089,165.80045,-8.47292,0.0,0.0,0.0,0.0,0.0,0.0
247361702,6830.3306,7326.3047,70.85345,0.0,0.0,0.0,4346.985,7578.777,461.68457,1835.8304,1864.0312,4.0286865,0.0,0.0,0.0,1431.005,1315.223,-16.540283
255374100,138.02116,127.52425,-1.4995596,0.0,0.0,0.0,0.0,0.0,0.0,113.78249,95.96327,-2.545603,0.0,0.0,0.0,0.0,0.0,0.0
255402406,28.431631,49.94719,3.073651,0.0,0.0,0.0,0.0,0.0,0.0,91.39515,110.79456,2.771345,0.0,0.0,0.0,0.0,0.0,0.0
344822101,87.50946,228.26247,20.107573,114.880646,48.950264,-10.988397,114.507355,93.42962,-3.011105,26.357492,15.457038,-1.5572078,16.019104,14.179344,-0.30662665,12.492695,12.040032,-0.06466607
261528301,NaN,75.70083,NaN,0.0,0.0,0.0,0.0,0.0,0.0,NaN,127.618324,NaN,0.0,0.0,0.0,0.0,0.0,0.0
262175102,62.04731,104.57003,6.074674,0.0,0.0,0.0,0.0,0.0,0.0,270.19464,190.08495,-11.4442425,0.0,0.0,0.0,0.0,0.0,0.0
262497308,118.69513,131.191,1.7851236,0.0,0.0,0.0,0.0,0.0,0.0,274.17978,307.4617,4.75456,0.0,0.0,0.0,0.0,0.0,0.0
265903104,641.5034,693.801,7.471087,0.0,0.0,0.0,0.0,0.0,0.0,298.90417,287.54843,-1.622249,0.0,0.0,0.0,0.0,0.0,0.0
267575108,124.01105,129.9992,0.8554513,0.0,0.0,0.0,0.0,0.0,0.0,44.201225,39.276283,-0.70356315,0.0,0.0,0.0,0.0,0.0,0.0
269514204,81.66113,93.2006,1.6484953,0.0,0.0,0.0,71.998245,NaN,NaN,601.9188,550.73346,-7.312195,0.0,0.0,0.0,784.77203,NaN,NaN
269524104,7.666519,NaN,NaN,0.0,0.0,0.0,0.0,0.0,0.0,194.38705,NaN,NaN,0.0,0.0,0.0,0.0,0.0,0.0
269803102,86.1741,96.557686,1.483369,27.752968,NaN,NaN,0.0,0.0,0.0,435.2338,451.33676,2.3004239,337.1255,NaN,NaN,0.0,0.0,0.0
071625107,154.17705,126.280235,-3.9852588,0.0,0.0,0.0,0.0,0.0,0.0,55.035698,42.662766,-1.7675618,0.0,0.0,0.0,0.0,0.0,0.0
279862106,119.191,125.741684,0.81883526,0.0,0.0,0.0,0.0,0.0,0.0,676.1871,771.1644,11.8721695,0.0,0.0,0.0,0.0,0.0,0.0
280875303,181.03345,223.69641,6.094709,0.13114753,NaN,NaN,82.60214,NaN,NaN,6.1369553,8.837849,0.3858419,50.61245,NaN,NaN,32.518932,NaN,NaN
281067306,148.075,135.59442,-1.7829393,32.23823,NaN,NaN,21.288557,0.37567568,-2.9875546,173.02522,185.52203,1.7852587,180.89156,NaN,NaN,172.07567,191.71823,2.8060803
26874E107,95.22482,100.774796,0.79285324,0.0,0.0,0.0,0.0,0.0,0.0,378.094,134.83737,-34.750946,0.0,0.0,0.0,0.0,0.0,0.0
291087203,151.54922,156.93224,0.76900154,0.0,0.0,0.0,21.40608,28.91082,1.0721056,992.8999,1142.245,21.335012,0.0,0.0,0.0,961.2678,764.46106,-28.115252
29255U104,552.9424,504.26044,-6.9545636,0.0,0.0,0.0,0.0,0.0,0.0,38.97935,1.4865882,-5.356109,0.0,0.0,0.0,0.0,0.0,0.0
535763106,135.97084,242.01543,15.149226,0.0,0.0,0.0,0.0,0.0,0.0,199.86673,351.35324,21.64093,0.0,0.0,0.0,0.0,0.0,0.0
57685E200,117.57351,141.1466,3.3675854,0.0,0.0,0.0,0.0,0.0,0.0,111.779854,162.93622,7.308052,0.0,0.0,0.0,0.0,0.0,0.0
295866107,60.062317,92.2052,4.5918403,82.91385,NaN,NaN,0.0,0.0,0.0,102.88806,146.72858,6.262931,142.11134,NaN,NaN,0.0,0.0,0.0
297862104,4.235875,105.362724,14.446692,0.0,0.0,0.0,0.0,0.0,0.0,54.914238,43.575073,-1.6198807,0.0,0.0,0.0,0.0,0.0,0.0
299209106,491.13504,398.359,-13.253718,56.420914,NaN,NaN,0.0,0.0,0.0,18.89288,21.425417,0.36179107,47.250538,NaN,NaN,0.0,0.0,0.0
300072105,31.493275,46.319416,2.1180203,0.0,0.0,0.0,0.0,0.0,0.0,53.22913,50.298817,-0.41861615,0.0,0.0,0.0,0.0,0.0,0.0
302051206,765.3344,775.5315,1.4567261,0.0,0.0,0.0,318.48047,354.57507,5.156372,29.915798,27.265486,-0.37861606,0.0,0.0,0.0,52.515102,46.8644,-0.80724335
302088109,724.8162,1918.6791,170.55183,0.0,0.0,0.0,0.0,0.0,0.0,143.47566,101.98249,-5.927596,0.0,0.0,0.0,0.0,0.0,0.0
302723101,105.27156,124.93514,2.8090832,56.862404,NaN,NaN,0.0,0.0,0.0,352.3178,513.477,23.02274,353.46255,NaN,NaN,0.0,0.0,0.0
303698104,39.363636,49.43598,1.4389066,0.0,0.0,0.0,0.0,0.0,0.0,54.622513,70.28191,2.2370572,0.0,0.0,0.0,0.0,0.0,0.0
305560302,806.1628,1234.058,61.127888,0.0,0.0,0.0,0.0,0.0,0.0,4137.159,3906.028,-33.01873,0.0,0.0,0.0,0.0,0.0,0.0
306075102,88.00936,152.20882,9.1713505,0.0,0.0,0.0,0.0,0.0,0.0,132.04596,231.19812,14.164595,0.0,0.0,0.0,0.0,0.0,0.0
30701A106,135.26624,187.69678,7.4900775,0.0,0.0,0.0,0.0,0.0,0.0,214.34615,335.90842,17.36604,0.0,0.0,0.0,0.0,0.0,0.0
313549404,2277.8582,NaN,NaN,147.59222,NaN,NaN,1384.5977,1326.9155,-8.240304,317.9463,NaN,NaN,234.86137,NaN,NaN,342.21664,364.9757,3.2512949
315646109,194.50928,209.36253,2.1218936,0.0,0.0,0.0,0.0,0.0,0.0,1267.6687,1170.5643,-13.872053,0.0,0.0,0.0,0.0,0.0,0.0
317832103,7.7378373,119.268196,15.932908,0.0,0.0,0.0,0.0,0.0,0.0,87.46708,126.12034,5.521894,0.0,0.0,0.0,0.0,0.0,0.0
317884203,180.83453,NaN,NaN,0.0,0.0,0.0,0.0,0.0,0.0,104.993774,NaN,NaN,0.0,0.0,0.0,0.0,0.0,0.0
G3529X106,663.26044,715.7258,7.495056,0.0,0.0,0.0,0.0,0.0,0.0,2249.9827,2529.2454,39.894672,0.0,0.0,0.0,0.0,0.0,0.0
339099103,140.87613,195.80461,7.846926,0.0,0.0,0.0,0.0,0.0,0.0,1.7622429,NaN,NaN,0.0,0.0,0.0,0.0,0.0,0.0
339130106,1002.2094,1500.4625,71.179016,0.0,0.0,0.0,0.0,0.0,0.0,156.46576,214.45332,8.283937,0.0,0.0,0.0,0.0,0.0,0.0
339756108,123.39775,93.299,-4.299821,0.0,0.0,0.0,0.0,0.0,0.0,81.64179,48.915955,-4.67512,0.0,0.0,0.0,0.0,0.0,0.0
34407T104,125.86791,155.32265,4.2078195,0.0,0.0,0.0,0.0,0.0,0.0,1797.2103,1879.8575,11.806746,0.0,0.0,0.0,0.0,0.0,0.0
344123203,409.10968,NaN,NaN,0.0,0.0,0.0,0.0,0.0,0.0,8.650909,NaN,NaN,0.0,0.0,0.0,0.0,0.0,0.0
344155205,337.49927,280.06332,-8.205134,0.0,0.0,0.0,0.0,0.0,0.0,2367.829,2871.6543,71.97503,0.0,0.0,0.0,0.0,0.0,0.0
345206205,250.82227,396.27924,20.779568,0.0,0.0,0.0,152.75409,NaN,NaN,208.43967,276.37134,9.704524,0.0,0.0,0.0,288.98132,NaN,NaN
34659D104,103.40083,110.57239,1.0245078,0.0,0.0,0.0,0.0,0.0,0.0,52.5583,51.374947,-0.16905048,0.0,0.0,0.0,0.0,0.0,0.0
349841304,222.28267,280.29272,8.28715,109.4321,191.20662,16.354904,168.98282,137.46918,-4.501949,0.24835552,NaN,NaN,NaN,NaN,NaN,19.387716,16.281061,-0.44380787
302543103,159.9547,221.70168,8.820997,0.0,0.0,0.0,0.0,0.0,0.0,12.179236,20.81347,1.2334621,0.0,0.0,0.0,0.0,0.0,0.0
358321206,48.665794,70.69521,3.14706,45.9145,NaN,NaN,0.0,0.0,0.0,65.86896,83.66706,2.542586,106.16659,NaN,NaN,0.0,0.0,0.0
358430106,90.74314,145.73503,7.855984,0.0,0.0,0.0,0.0,0.0,0.0,72.86817,71.66259,-0.17222595,0.0,0.0,0.0,0.0,0.0,0.0
359059102,225.05554,339.21994,16.3092,0.0,0.0,0.0,0.0,0.0,0.0,1690.1472,1460.1456,-32.85737,0.0,0.0,0.0,0.0,0.0,0.0
359076106,191.74577,NaN,NaN,0.0,0.0,0.0,0.0,0.0,0.0,214.11806,NaN,NaN,0.0,0.0,0.0,0.0,0.0,0.0
G3682L105,827.61005,781.5188,-6.584464,940.555,NaN,NaN,0.0,0.0,0.0,26.232624,11.386349,-2.1208966,0.23091377,NaN,NaN,0.0,0.0,0.0
36352K103,398.62015,396.46753,-0.3075169,0.0,0.0,0.0,0.0,0.0,0.0,54.41234,45.10509,-1.3296068,0.0,0.0,0.0,0.0,0.0,0.0
368145108,615.3068,605.1374,-1.4527762,0.0,0.0,0.0,459.24918,487.68173,4.061794,158.84274,125.54651,-4.7566047,0.0,0.0,0.0,81.77183,78.770195,-0.42880467
36155Q109,12.497397,24.020388,1.6461414,3.6731994,NaN,NaN,0.0,0.0,0.0,41.862965,34.43318,-1.0613976,56.50369,NaN,NaN,0.0,0.0,0.0
370054207,345.50745,377.29047,4.5404315,0.0,0.0,0.0,0.0,0.0,0.0,329.7157,354.01837,3.4718106,0.0,0.0,0.0,0.0,0.0,0.0
37045V100,21280.814,21269.11,-1.6721541,NaN,12871.965,NaN,5061.3735,6110.926,149.93604,25846.238,21631.8,-602.0625,NaN,22420.936,NaN,1581.2229,1394.1516,-26.72447
64015Y104,822.71783,1211.8624,55.592083,0.0,0.0,0.0,387.6408,345.68948,-5.9930463,231.47502,190.90685,-5.7954535,0.0,0.0,0.0,234.35402,221.46613,-1.8411276
372257105,254.31645,238.10106,-2.3164847,0.0,0.0,0.0,80.93505,NaN,NaN,209.03264,281.95892,10.41804,0.0,0.0,0.0,293.95212,NaN,NaN
372282103,65.663246,85.18242,2.7884533,0.0,0.0,0.0,0.0,0.0,0.0,36.49371,44.99553,1.2145456,0.0,0.0,0.0,0.0,0.0,0.0
37245X203,487.19022,522.84204,5.0931177,0.0,0.0,0.0,0.0,0.0,0.0,317.88388,381.61694,9.104723,0.0,0.0,0.0,0.0,0.0,0.0
37248E202,240.29901,1477.1177,176.68837,0.0,0.0,0.0,0.0,0.0,0.0,83.5233,108.278145,3.5364063,0.0,0.0,0.0,0.0,0.0,0.0
373654102,133.72308,175.23314,5.930008,0.0,0.0,0.0,0.0,0.0,0.0,894.1688,1270.119,53.707172,0.0,0.0,0.0,0.0,0.0,0.0
G3930E101,963.0874,1053.435,12.906808,NaN,379.2373,NaN,362.12354,347.74353,-2.0542865,91.80726,108.97778,2.4529321,NaN,104.274666,NaN,74.64401,69.03209,-0.80170333
37941P306,37.32681,NaN,NaN,0.0,0.0,0.0,0.0,0.0,0.0,152.52199,NaN,NaN,0.0,0.0,0.0,0.0,0.0,0.0
37936U104,1515.3412,1294.3037,-31.576782,0.0,0.0,0.0,0.0,0.0,0.0,1963.9521,2367.8284,57.6966,0.0,0.0,0.0,0.0,0.0,0.0
64050T101,370.76486,353.77646,-2.4269147,0.0,0.0,0.0,0.0,0.0,0.0,140.24709,91.39515,-6.978848,0.0,0.0,0.0,0.0,0.0,0.0
380804203,164.68921,209.70256,6.4304786,0.0,0.0,0.0,0.0,0.0,0.0,194.25194,244.00566,7.1076746,0.0,0.0,0.0,0.0,0.0,0.0
383485109,58.260227,NaN,NaN,0.0,0.0,0.0,0.0,0.0,0.0,1507.2804,NaN,NaN,0.0,0.0,0.0,0.0,0.0,0.0
384632105,93.40444,NaN,NaN,0.0,0.0,0.0,0.0,0.0,0.0,77.94034,NaN,NaN,0.0,0.0,0.0,0.0,0.0,0.0
386532402,570.757,595.20917,3.493164,0.0,0.0,0.0,237.82782,259.7638,3.1337106,429.46274,503.81458,10.621691,0.0,0.0,0.0,618.96405,666.39044,6.775199
390064103,646.576,683.272,5.2422833,0.0,0.0,0.0,368.2535,298.05212,-10.0287695,1160.8767,979.36847,-25.929749,0.0,0.0,0.0,211.3043,169.07721,-6.0324426
36191C205,NaN,98.7948,NaN,0.0,0.0,0.0,0.0,0.0,0.0,NaN,88.584526,NaN,0.0,0.0,0.0,0.0,0.0,0.0
361942105,690.24786,760.4367,10.026978,0.0,0.0,0.0,0.0,0.0,0.0,1735.0215,1977.6433,34.66026,0.0,0.0,0.0,0.0,0.0,0.0
401794201,160.21613,168.33655,1.1600603,0.0,0.0,0.0,0.0,0.0,0.0,0.2295495,0.19376269,-0.005112401,0.0,0.0,0.0,0.0,0.0,0.0
047620109,2.9324129,27.342615,3.4871716,88.80452,NaN,NaN,0.0,0.0,0.0,109.52009,98.054825,-1.6378947,119.246376,NaN,NaN,0.0,0.0,0.0
404429102,14.579816,43.294083,4.1020384,0.0,0.0,0.0,0.0,0.0,0.0,28.546906,34.660583,0.87338257,0.0,0.0,0.0,0.0,0.0,0.0
409900107,27.273005,NaN,NaN,0.0,0.0,0.0,0.0,0.0,0.0,109.1166,NaN,NaN,0.0,0.0,0.0,0.0,0.0,0.0
481165108,556.0684,687.2937,18.74647,184.8841,NaN,NaN,168.73929,121.66227,-6.7252884,NaN,NaN,NaN,NaN,NaN,NaN,NaN,NaN,NaN
417119104,62.812267,89.580124,3.8239796,0.0,0.0,0.0,100.56962,120.59129,2.8602393,54.622513,70.28191,2.2370572,0.0,0.0,0.0,32.58643,27.11524,-0.7815985
417434503,214.53171,231.60117,2.438494,0.0,0.0,0.0,47.676594,NaN,NaN,14.600373,21.371864,0.96735585,0.0,0.0,0.0,26.20544,NaN,NaN
419879101,15.85432,4.571639,-1.6118115,0.0,0.0,0.0,61.678192,127.49507,9.402411,1249.7684,1815.9447,80.882324,0.0,0.0,0.0,1822.9684,1613.4381,-29.932896
420781304,284.86157,295.9966,1.59072,0.0,0.0,0.0,423.46216,338.53455,-12.132516,266.67706,362.06134,13.626326,0.0,0.0,0.0,207.02486,277.9364,10.13022
670198100,194.17192,192.64662,-0.21789987,0.0,0.0,0.0,8.945455,8.844295,-0.014451436,1424.0422,1344.4285,-11.373396,0.0,0.0,0.0,1333.4553,1260.6632,-10.398873
422660936,364.40317,NaN,NaN,0.0,0.0,0.0,0.0,0.0,0.0,240.59547,NaN,NaN,0.0,0.0,0.0,0.0,0.0,0.0
422893107,575.13525,425.99634,-21.30556,0.0,0.0,0.0,0.0,0.0,0.0,66.99645,62.856415,-0.59143394,0.0,0.0,0.0,0.0,0.0,0.0
428291108,51.32608,47.2482,-0.5825544,17.948753,19.408108,0.2918709,59.11082,198.4786,19.909683,417.36734,728.0328,44.380775,558.6915,459.55478,-19.82735,408.96274,440.07825,4.4450727
430771105,104.82534,105.110016,0.040667944,0.0,0.0,0.0,0.0,0.0,0.0,34.19791,40.319225,0.8744736,0.0,0.0,0.0,0.0,0.0,0.0
431692102,621.8718,660.0213,5.449925,132.20987,97.68576,-3.452411,214.88776,236.51717,3.0899158,121.21021,153.38405,4.5962625,248.24057,335.8347,8.759412,513.477,353.46262,-22.859196
433245107,123.78662,NaN,NaN,0.0,0.0,0.0,0.0,0.0,0.0,44.257442,NaN,NaN,0.0,0.0,0.0,0.0,0.0,0.0
441759107,81.26215,98.785286,2.5033047,NaN,0.6514658,NaN,29.60606,NaN,NaN,20.283813,34.756023,2.0674586,NaN,70.853905,NaN,73.61587,NaN,NaN
404269201,NaN,115.20135,NaN,72.30824,63.82347,-1.6969544,89.24227,NaN,NaN,NaN,314.5169,NaN,129.18991,133.74437,0.9108917,116.55477,NaN,NaN
444356109,40.22989,NaN,NaN,0.0,0.0,0.0,0.0,0.0,0.0,76.064835,NaN,NaN,0.0,0.0,0.0,0.0,0.0,0.0
81169P101,236.0417,462.22827,32.312366,0.0,0.0,0.0,NaN,323.9627,NaN,316.9429,281.75894,-5.02628,0.0,0.0,0.0,NaN,577.4999,NaN
868447103,4462.7227,4262.6455,-28.582449,0.0,0.0,0.0,NaN,1177.1875,NaN,1703.128,2888.0947,169.28096,0.0,0.0,0.0,NaN,525.85297,NaN
45255G101,39.359688,54.10389,2.1063144,0.0,0.0,0.0,0.0,0.0,0.0,127.49255,133.2669,0.8249076,0.0,0.0,0.0,0.0,0.0,0.0
453096208,343.8194,254.59756,-12.745976,0.0,0.0,0.0,NaN,23.356354,NaN,166.27834,217.4339,7.3079376,0.0,0.0,0.0,NaN,209.66827,NaN
45321T202,530.6715,571.4287,5.8224573,0.0,0.0,0.0,0.0,0.0,0.0,360.45102,396.4632,5.1445966,0.0,0.0,0.0,0.0,0.0,0.0
45772G105,8.149614,30.009369,3.122822,0.0,0.0,0.0,0.0,0.0,0.0,269.11206,236.02007,-4.727428,0.0,0.0,0.0,0.0,0.0,0.0
45811E301,120.61533,116.87889,-0.53377753,0.0,0.0,0.0,27.910412,NaN,NaN,248.07538,92.528595,-22.220968,0.0,0.0,0.0,74.557274,NaN,NaN
45812C106,2021.056,2415.4873,56.347324,0.0,0.0,0.0,0.0,0.0,0.0,137.26096,189.69594,7.4907117,0.0,0.0,0.0,0.0,0.0,0.0
45881K104,161.25484,159.79477,-0.2085811,0.0,0.0,0.0,0.0,0.0,0.0,NaN,NaN,NaN,0.0,0.0,0.0,0.0,0.0,0.0
459004404,91.054504,110.8591,2.829228,77.98158,NaN,NaN,0.0,0.0,0.0,290.77975,353.73618,8.993774,342.4537,NaN,NaN,0.0,0.0,0.0
45950T101,52.600563,93.28804,5.8124967,0.0,0.0,0.0,0.0,0.0,0.0,131.84682,101.136604,-4.387173,0.0,0.0,0.0,0.0,0.0,0.0
46072H108,327.75262,297.6532,-4.299918,0.0,0.0,0.0,0.0,0.0,0.0,45.133255,9.170472,-5.1375403,0.0,0.0,0.0,0.0,0.0,0.0
45031T872,405.82248,407.6351,0.258946,112.77361,NaN,NaN,NaN,159.24213,NaN,2249.9827,2529.2454,39.894672,2714.2837,NaN,NaN,NaN,2108.122,NaN
469834105,55.29297,112.41937,8.160914,0.0,0.0,0.0,0.0,0.0,0.0,2459.8318,2705.8425,35.14439,0.0,0.0,0.0,0.0,0.0,0.0
470737107,95.0196,88.989296,-0.861472,17.328358,11.772518,-1.1111679,0.0,0.0,0.0,255.28296,321.4304,9.449633,424.06656,617.63995,38.71468,0.0,0.0,0.0
46611Q403,160.49565,234.14972,10.52201,0.0,0.0,0.0,0.0,0.0,0.0,307.06067,409.52042,14.637107,0.0,0.0,0.0,0.0,0.0,0.0
477066203,144.92358,NaN,NaN,0.0,0.0,0.0,0.0,0.0,0.0,9.459792,NaN,NaN,0.0,0.0,0.0,0.0,0.0,0.0
481138105,318.93082,NaN,NaN,0.0,0.0,0.0,0.0,0.0,0.0,892.6703,NaN,NaN,0.0,0.0,0.0,0.0,0.0,0.0
481386100,189.30588,174.1855,-2.1600537,0.0,0.0,0.0,0.0,0.0,0.0,73.61587,95.83859,3.174675,0.0,0.0,0.0,0.0,0.0,0.0
48213P106,49.20118,192.73804,20.505266,0.0,0.0,0.0,0.0,0.0,0.0,92.278435,102.17491,1.4137824,0.0,0.0,0.0,0.0,0.0,0.0
29084Q100,453.5358,353.80795,-14.246835,0.0,0.0,0.0,NaN,60.266624,NaN,1.6069257,3.4267118,0.25996944,0.0,0.0,0.0,NaN,3.3603475,NaN
483007704,NaN,491.17975,NaN,0.0,0.0,0.0,24.642681,28.779852,0.5910244,NaN,991.23615,NaN,0.0,0.0,0.0,973.9626,1061.953,12.57006
485808109,116.74725,NaN,NaN,0.0,0.0,0.0,0.0,0.0,0.0,315.00723,NaN,NaN,0.0,0.0,0.0,0.0,0.0,0.0
482434206,241.49529,237.49495,-0.5714765,57.37097,NaN,NaN,116.39739,106.4614,-1.419427,276.3714,282.92313,0.93596107,261.5473,NaN,NaN,395.1146,516.1171,17.286076
482455102,NaN,164.84734,NaN,0.0,0.0,0.0,0.0,0.0,0.0,NaN,314.51694,NaN,0.0,0.0,0.0,0.0,0.0,0.0
488035106,187.9941,239.75502,7.394418,0.0,0.0,0.0,0.0,0.0,0.0,37.322937,37.95517,0.090318955,0.0,0.0,0.0,0.0,0.0,0.0
492716105,131.22571,125.38046,-0.835035,0.0,0.0,0.0,0.0,0.0,0.0,42.947525,36.052277,-0.9850355,0.0,0.0,0.0,0.0,0.0,0.0
494521305,307.88763,291.19724,-2.3843427,0.0,0.0,0.0,150.23665,113.71877,-5.2168393,1.9798694,2.2906415,0.044396024,0.0,0.0,0.0,4.2641606,5.8030972,0.21984808
498326206,282.08536,276.50586,-0.79707116,0.0,0.0,0.0,0.0,0.0,0.0,43.533398,59.06693,2.219076,0.0,0.0,0.0,0.0,0.0,0.0
812350106,2243.093,2864.8445,88.82164,1050.6564,NaN,NaN,277.563,207.84546,-9.959647,115.87692,138.48108,3.2291653,109.19773,NaN,NaN,481.76944,469.18002,-1.798488
500453204,169.59547,205.00452,5.0584345,0.0,0.0,0.0,78.69872,53.49701,-3.6002448,14.162868,11.72815,-0.34781674,0.0,0.0,0.0,2.2964616,NaN,NaN
505606103,65.33701,82.77233,2.4907596,0.0,0.0,0.0,0.0,0.0,0.0,199.98756,255.79501,7.9724927,0.0,0.0,0.0,0.0,0.0,0.0
51808R206,186.56123,NaN,NaN,0.0,0.0,0.0,0.0,0.0,0.0,141.84715,NaN,NaN,0.0,0.0,0.0,0.0,0.0,0.0
521863308,878.46124,1179.2994,42.976887,0.0,0.0,0.0,NaN,285.14728,NaN,3132.962,3098.9539,-4.858294,0.0,0.0,0.0,NaN,3312.0027,NaN
521865204,1178.1024,1611.7725,61.95286,0.0,0.0,0.0,NaN,511.1625,NaN,275.52026,437.32437,23.114872,0.0,0.0,0.0,NaN,271.59705,NaN
521098202,312.8447,NaN,NaN,0.0,0.0,0.0,0.0,0.0,0.0,17.974033,NaN,NaN,0.0,0.0,0.0,0.0,0.0,0.0
526262100,61.420406,97.59058,5.167168,0.0,0.0,0.0,0.0,0.0,0.0,NaN,NaN,NaN,0.0,0.0,0.0,0.0,0.0,0.0
B5628B104,112.56171,252.26129,19.957083,0.0,0.0,0.0,0.0,0.0,0.0,28.901548,28.990614,0.01272365,0.0,0.0,0.0,0.0,0.0,0.0
527016109,119.710686,178.18503,8.3534775,5.598076,NaN,NaN,0.13006914,2.3150308,0.3121374,111.166916,90.65339,-2.9305038,65.32726,NaN,NaN,88.883255,115.61804,3.8192554
527482103,295.80194,580.14655,40.62066,0.0,0.0,0.0,0.0,0.0,0.0,50.79501,63.876694,1.868812,0.0,0.0,0.0,0.0,0.0,0.0
530129204,0.09563825,NaN,NaN,0.0,0.0,0.0,0.0,0.0,0.0,31.854551,NaN,NaN,0.0,0.0,0.0,0.0,0.0,0.0
536257108,83.51543,83.74441,0.032711573,22.995514,NaN,NaN,19.953949,43.856537,3.4146554,202.39981,316.417,16.288168,196.14835,NaN,NaN,70.03372,67.01555,-0.4311676
538032400,162.3796,111.14859,-7.3187146,0.0,0.0,0.0,84.483864,64.378395,-2.8722098,15.52542,13.965454,-0.2228523,0.0,0.0,0.0,4.707188,5.7426095,0.14791735
54021P403,543.4241,402.77567,-20.09263,0.0,0.0,0.0,257.9501,256.43036,-0.21710642,464.9585,399.58392,-9.339225,0.0,0.0,0.0,447.81335,481.03058,4.745318
014383103,1032.5424,1373.7206,48.739746,57.05528,NaN,NaN,445.62094,370.21304,-10.772557,189.38573,299.28183,15.699443,340.7966,NaN,NaN,173.60188,159.42094,-2.0258484
540423100,475.7924,610.44684,19.23635,0.0,0.0,0.0,0.0,0.0,0.0,39.1954,39.223324,0.003989083,0.0,0.0,0.0,0.0,0.0,0.0
542290408,415.73953,332.88126,-11.836897,2.1337297,2.1190543,-0.0011288753,NaN,73.900475,NaN,178.43477,247.23082,9.828008,310.8047,276.77277,-2.61784,NaN,110.53974,NaN
543881106,1323.6378,1221.993,-14.520682,0.0,0.0,0.0,65.41977,NaN,NaN,147.18202,182.45808,5.0394373,0.0,0.0,0.0,198.03056,NaN,NaN
501921100,185.04958,838.48627,93.3481,51.13487,10.518869,-1.5042962,131.68634,130.47296,-0.17333984,341.16083,386.68042,6.502799,104.71349,157.83597,1.967499,154.1627,200.54802,6.6264734
552078107,4010.6719,NaN,NaN,0.0,0.0,0.0,0.0,0.0,0.0,360.69727,NaN,NaN,0.0,0.0,0.0,0.0,0.0,0.0
559211305,262.2911,229.70663,-4.654925,0.0,0.0,0.0,0.0,0.0,0.0,113.72888,145.77397,4.57787,0.0,0.0,0.0,0.0,0.0,0.0
478129109,NaN,548.3991,NaN,10.121699,85.25093,4.419367,0.0,0.0,0.0,NaN,34.323986,NaN,66.23448,65.92016,-0.018489614,0.0,0.0,0.0
566244109,NaN,13.141939,NaN,0.0,0.0,0.0,0.0,0.0,0.0,NaN,15.478349,NaN,0.0,0.0,0.0,0.0,0.0,0.0
568695209,NaN,89.840935,NaN,65.988144,7.996689,-4.832621,0.0,0.0,0.0,NaN,118.2035,NaN,105.62877,138.45065,2.735157,0.0,0.0,0.0
573913100,297.42404,409.12094,15.9567,129.4831,NaN,NaN,181.21497,NaN,NaN,72.01876,102.0459,4.2895913,111.003914,NaN,NaN,146.61032,NaN,NaN
582266706,410.06363,509.70493,14.234471,0.0,0.0,0.0,0.0,0.0,0.0,2198.1301,2670.3738,67.46338,0.0,0.0,0.0,0.0,0.0,0.0
55270M108,77.26519,61.04698,-2.316887,0.0,0.0,0.0,0.0,0.0,0.0,63.891045,57.342003,-0.9355774,0.0,0.0,0.0,0.0,0.0,0.0
58461Q409,85.75266,NaN,NaN,0.0,0.0,0.0,0.0,0.0,0.0,45.98807,NaN,NaN,0.0,0.0,0.0,0.0,0.0,0.0
584951107,6.189079,89.07327,11.840599,0.0,0.0,0.0,0.0,0.0,0.0,518.1862,502.46716,-2.2455792,0.0,0.0,0.0,0.0,0.0,0.0
590436101,29.112707,67.60455,5.498835,7.585709,NaN,NaN,0.0,0.0,0.0,95.237144,65.843475,-4.1990957,44.615936,NaN,NaN,0.0,0.0,0.0
590479101,269.14725,432.90137,23.393446,0.0,0.0,0.0,0.0,0.0,0.0,1303.9662,1364.1451,8.596993,0.0,0.0,0.0,0.0,0.0,0.0
591324207,284.5818,312.45386,3.9817243,0.0,0.0,0.0,44.766945,101.004166,8.033889,142.15129,94.61168,-6.7913733,0.0,0.0,0.0,85.1643,113.72932,4.0807166
591596101,67.889496,161.92346,13.433424,0.0,0.0,0.0,0.0,0.0,0.0,6.581693,2.0936022,-0.64115584,0.0,0.0,0.0,0.0,0.0,0.0
00374N107,1566.0736,1503.702,-8.910226,0.0,0.0,0.0,0.0,0.0,0.0,360.45102,396.46326,5.144605,0.0,0.0,0.0,0.0,0.0,0.0
552813107,248.94954,278.0035,4.150567,0.0,0.0,0.0,0.0,0.0,0.0,108.98907,113.931335,0.70603836,0.0,0.0,0.0,0.0,0.0,0.0
594517104,126.323555,144.15526,2.5473862,0.0,0.0,0.0,0.0,0.0,0.0,52.252224,66.032776,1.9686502,0.0,0.0,0.0,0.0,0.0,0.0
598126100,65.249245,91.69806,3.778402,0.0,0.0,0.0,0.0,0.0,0.0,1231.916,1180.646,-7.3242884,0.0,0.0,0.0,0.0,0.0,0.0
598130102,83.57371,112.89626,4.1889367,6.7806005,NaN,NaN,0.0,0.0,0.0,435.87018,562.18256,18.044626,741.27277,NaN,NaN,0.0,0.0,0.0
598709301,130.17067,NaN,NaN,0.0,0.0,0.0,0.0,0.0,0.0,93.36379,NaN,NaN,0.0,0.0,0.0,0.0,0.0,0.0
603669102,86.64595,117.00571,3.7949696,0.0,0.0,0.0,0.0,0.0,0.0,35.069374,50.3816,1.9140282,0.0,0.0,0.0,0.0,0.0,0.0
605288208,212.81836,274.96478,8.87806,0.0,0.0,0.0,0.0,0.0,0.0,372.94754,353.58725,-2.765756,0.0,0.0,0.0,0.0,0.0,0.0
553100108,20.63771,40.674644,2.8624191,3.949814,NaN,NaN,0.0,0.0,0.0,32.497547,19.98567,-1.787411,1.1462882,NaN,NaN,0.0,0.0,0.0
607415106,201.13223,681.59265,68.6372,0.0,0.0,0.0,0.0,0.0,0.0,986.3075,880.49536,-15.116019,0.0,0.0,0.0,0.0,0.0,0.0
60886R103,15.676166,46.317287,4.377303,0.0,0.0,0.0,0.0,0.0,0.0,26714.924,22671.635,-577.61273,0.0,0.0,0.0,0.0,0.0,0.0
618447106,145.95598,192.30928,6.6219,0.0,0.0,0.0,0.0,0.0,0.0,29.173903,29.101238,-0.010380609,0.0,0.0,0.0,0.0,0.0,0.0
624581203,571.35645,651.9097,11.507612,0.0,0.0,0.0,0.0,0.0,0.0,537.5704,437.79727,-14.253301,0.0,0.0,0.0,0.0,0.0,0.0
553166109,15.444882,30.560474,2.1593702,0.0,0.0,0.0,0.0,0.0,0.0,36.510696,45.08208,1.2244835,0.0,0.0,0.0,0.0,0.0,0.0
62473L309,288.55588,240.24596,-6.9014173,0.0,0.0,0.0,NaN,0.035637148,NaN,2249.9827,2529.2454,39.894672,0.0,0.0,0.0,NaN,2198.1309,NaN
635570500,186.22328,155.84486,-4.339774,19.377205,NaN,NaN,96.94715,78.217316,-2.675691,146.541,332.9888,26.6354,355.38602,NaN,NaN,1147.9917,390.663,-108.18982
635812209,70.63877,160.57054,12.847396,0.0,0.0,0.0,0.0,0.0,0.0,193.26537,264.7425,10.211019,0.0,0.0,0.0,0.0,0.0,0.0
640820106,478.772,477.27823,-0.21339634,0.0,0.0,0.0,0.0,0.0,0.0,685.7141,940.07385,36.337105,0.0,0.0,0.0,0.0,0.0,0.0
638588103,625.2982,645.4318,2.8762295,0.0,0.0,0.0,0.0,0.0,0.0,554.1773,622.1585,9.7116,0.0,0.0,0.0,0.0,0.0,0.0
64122D506,28.651876,106.85445,11.171796,0.0,0.0,0.0,0.0,0.0,0.0,2175.314,2503.12,46.82945,0.0,0.0,0.0,0.0,0.0,0.0
641881107,60.986504,63.131214,0.30638722,0.0,0.0,0.0,0.0,0.0,0.0,156.50583,197.62538,5.874222,0.0,0.0,0.0,0.0,0.0,0.0
655053106,119.75653,155.42438,5.0954065,0.0,0.0,0.0,0.0,0.0,0.0,16.856127,27.107756,1.4645184,0.0,0.0,0.0,0.0,0.0,0.0
656568508,2572.0906,3082.1094,72.859825,0.0,0.0,0.0,348.38657,249.27652,-14.158578,315.80026,284.55508,-4.463597,0.0,0.0,0.0,16.415197,12.191682,-0.60335934
666610100,33.954426,296.55487,37.514347,0.0,0.0,0.0,0.0,0.0,0.0,232.64455,332.69534,14.292971,0.0,0.0,0.0,0.0,0.0,0.0
667280408,4561.986,4503.744,-8.320243,0.0,0.0,0.0,3415.8552,NaN,NaN,1835.8304,1864.0306,4.0285993,0.0,0.0,0.0,1431.005,NaN,NaN
668367204,71.337654,NaN,NaN,0.0,0.0,0.0,0.0,0.0,0.0,341.16092,NaN,NaN,0.0,0.0,0.0,0.0,0.0,0.0
67019U101,352.12878,455.8317,14.814702,0.0,0.0,0.0,0.0,0.0,0.0,3034.9614,3113.7964,11.262137,0.0,0.0,0.0,0.0,0.0,0.0
69367F108,8260.235,10925.0,380.68066,0.0,0.0,0.0,0.0,0.0,0.0,2249.9827,2529.245,39.894634,0.0,0.0,0.0,0.0,0.0,0.0
669935108,84.462524,93.22762,1.252157,0.0,0.0,0.0,0.0,0.0,0.0,151.15797,200.91107,7.1075854,0.0,0.0,0.0,0.0,0.0,0.0
62944T105,1213.6212,714.11945,-71.3574,427.56482,371.80502,-11.151959,296.7061,211.07947,-12.232374,342.1884,339.9655,-0.31755283,322.9066,234.41286,-17.698746,157.41519,151.10558,-0.90137374
674098207,229.08049,251.88667,3.2580261,0.0,0.0,0.0,0.0,0.0,0.0,62.137928,33.760746,-4.053883,0.0,0.0,0.0,0.0,0.0,0.0
67083Q101,58.310715,NaN,NaN,0.0,0.0,0.0,0.0,0.0,0.0,2.2477067,NaN,NaN,0.0,0.0,0.0,0.0,0.0,0.0
677007205,228.39339,315.46375,12.438622,0.0,0.0,0.0,0.0,0.0,0.0,154.10286,185.79823,4.5279107,0.0,0.0,0.0,0.0,0.0,0.0
682505102,252.07831,NaN,NaN,0.0,0.0,0.0,0.0,0.0,0.0,11.822893,NaN,NaN,0.0,0.0,0.0,0.0,0.0,0.0
686285503,291.47607,387.0787,13.657518,0.0,0.0,0.0,208.14026,168.16875,-5.710216,572.5291,495.80838,-10.960105,0.0,0.0,0.0,688.90936,514.95575,-24.850515
686588104,238.43849,NaN,NaN,0.0,0.0,0.0,0.0,0.0,0.0,797.878,NaN,NaN,0.0,0.0,0.0,0.0,0.0,0.0
690020102,NaN,264.35754,NaN,0.0,0.0,0.0,0.0,0.0,0.0,NaN,233.44737,NaN,0.0,0.0,0.0,0.0,0.0,0.0
690742101,1324.9811,1759.8134,62.118896,69.50412,NaN,NaN,1136.6847,1027.4944,-15.598616,41.311153,21.748796,-2.7946224,14.389398,NaN,NaN,25.545504,24.152037,-0.19906671
694327107,5.665644,40.848476,5.0261188,0.0,0.0,0.0,0.0,0.0,0.0,1878.13,1963.9521,12.260306,0.0,0.0,0.0,0.0,0.0,0.0
695542100,1116.9498,1299.1246,26.024973,0.0,0.0,0.0,0.0,0.0,0.0,1552.4194,2126.724,82.043526,0.0,0.0,0.0,0.0,0.0,0.0
696639103,113.68928,120.591125,0.98597825,0.0,0.0,0.0,0.0,0.0,0.0,74.33929,138.70778,9.195498,0.0,0.0,0.0,0.0,0.0,0.0
697757102,780.6548,893.82086,16.166582,107.775215,NaN,NaN,0.0,0.0,0.0,435.87018,562.18256,18.044626,741.27277,NaN,NaN,0.0,0.0,0.0
698891108,331.13684,203.28902,-18.263975,0.0,0.0,0.0,0.0,0.0,0.0,902.6919,779.8483,-17.549082,0.0,0.0,0.0,0.0,0.0,0.0
69912K206,41.876488,53.54913,1.6675203,2.0036652,NaN,NaN,0.0,0.0,0.0,97.729706,120.57948,3.2642539,205.5456,NaN,NaN,0.0,0.0,0.0
704378405,425.39908,526.9132,14.502019,0.0,0.0,0.0,0.0,0.0,0.0,142.12917,202.08954,8.565767,0.0,0.0,0.0,0.0,0.0,0.0
70556K106,105.14968,183.90907,11.251342,0.0,0.0,0.0,0.0,0.0,0.0,52.783245,76.20448,3.3458912,0.0,0.0,0.0,0.0,0.0,0.0
707832309,183.17711,191.86255,1.2407771,0.0,0.0,0.0,194.22887,185.04536,-1.3119289,810.68884,789.3193,-3.0527954,0.0,0.0,0.0,598.9044,792.7355,27.690151
709620108,96.03384,99.2907,0.46526664,0.0,0.0,0.0,0.0,0.0,0.0,71.56645,75.22185,0.52219933,0.0,0.0,0.0,0.0,0.0,0.0
71366Q200,152.90283,221.57893,9.810872,0.0,0.0,0.0,0.0,0.0,0.0,25.687458,29.688356,0.5715569,0.0,0.0,0.0,0.0,0.0,0.0
716769203,136.80806,120.92948,-2.2683682,0.007434944,NaN,NaN,24.462349,22.531864,-0.27578354,107.775856,101.312065,-0.9233987,91.84965,NaN,NaN,105.91559,117.89831,1.711817
717113203,107.78693,102.7546,-0.71890366,0.0,0.0,0.0,0.0,0.0,0.0,188.979,195.15916,0.8828801,0.0,0.0,0.0,0.0,0.0,0.0
719151102,114.3136,98.38674,-2.2752652,0.0,0.0,0.0,0.0,0.0,0.0,384.23615,430.06165,6.5465,0.0,0.0,0.0,0.0,0.0,0.0
72147K108,696.1609,804.5642,15.486189,0.0,0.0,0.0,NaN,732.63086,NaN,29.330667,34.75539,0.7749604,0.0,0.0,0.0,NaN,49.383484,NaN
721506103,616.72174,682.39764,9.382272,0.0,0.0,0.0,0.0,0.0,0.0,0.9782607,1.2159971,0.033962343,0.0,0.0,0.0,0.0,0.0,0.0
723643300,362.6329,317.23828,-6.4849463,0.0,0.0,0.0,0.0,0.0,0.0,391.3646,333.0818,-8.326116,0.0,0.0,0.0,0.0,0.0,0.0
72702Q102,15.445194,174.01514,22.65285,0.0,0.0,0.0,0.0,0.0,0.0,121.40761,140.55455,2.7352774,0.0,0.0,0.0,0.0,0.0,0.0
731095105,517.1079,777.118,37.144295,0.0,0.0,0.0,0.0,0.0,0.0,334.53992,371.5222,5.283181,0.0,0.0,0.0,0.0,0.0,0.0
731745204,605.93744,651.6719,6.5334907,0.0,0.0,0.0,0.0,0.0,0.0,118.73281,88.17165,-4.3658795,0.0,0.0,0.0,0.0,0.0,0.0
732827100,178.00117,283.77057,15.109914,0.0,0.0,0.0,0.0,0.0,0.0,397.42035,389.6023,-1.1168649,0.0,0.0,0.0,0.0,0.0,0.0
741016307,166.95003,NaN,NaN,0.0,0.0,0.0,0.0,0.0,0.0,191.7182,NaN,NaN,0.0,0.0,0.0,0.0,0.0,0.0
741917108,378.46518,585.6438,29.596945,NaN,8.815441,NaN,137.34023,128.56891,-1.2530452,203.47467,113.782486,-12.8131695,NaN,125.4987,NaN,96.267006,106.76881,1.5002573
74342L105,94.91198,100.04914,0.73388016,0.0,0.0,0.0,0.0,0.0,0.0,24.237928,20.638811,-0.5141596,0.0,0.0,0.0,0.0,0.0,0.0
74437C101,1414.0013,2463.253,149.89308,0.0,0.0,0.0,0.0,0.0,0.0,151.2874,120.71922,-4.3668823,0.0,0.0,0.0,0.0,0.0,0.0
747275105,29.908997,90.16675,8.608251,115.350426,NaN,NaN,0.0,0.0,0.0,160.93396,268.3748,15.348689,549.87024,NaN,NaN,0.0,0.0,0.0
749361200,969.7712,879.7046,-12.866655,0.0,0.0,0.0,258.2474,NaN,NaN,1729.7544,2084.885,50.732944,0.0,0.0,0.0,1883.9099,NaN,NaN
749412102,211.23677,83.82784,-18.201275,0.0,0.0,0.0,0.0,0.0,0.0,47.012745,75.6438,4.0901504,0.0,0.0,0.0,0.0,0.0,0.0
756268108,136.77098,224.5319,12.537275,0.0,0.0,0.0,0.0,0.0,0.0,569.1387,698.2991,18.451487,0.0,0.0,0.0,0.0,0.0,0.0
756285102,16.869644,139.70564,17.548,0.0,0.0,0.0,0.0,0.0,0.0,42.77248,87.12856,6.336583,0.0,0.0,0.0,0.0,0.0,0.0
757209507,277.23398,274.98032,-0.32195172,0.0,0.0,0.0,0.010887316,1.2521863,0.17732844,128.96832,170.02904,5.8658166,0.0,0.0,0.0,238.9965,215.06339,-3.4190173
398189100,306.18997,364.71548,8.360787,0.0,0.0,0.0,146.29759,143.21115,-0.44092014,139.49774,118.154396,-3.0490494,0.0,0.0,0.0,104.69819,106.92838,0.31859916
761406107,NaN,195.06172,NaN,6.980272,2.7099442,-0.3882116,97.84924,NaN,NaN,NaN,730.75006,NaN,513.18787,568.64264,5.041343,611.55896,NaN,NaN
74957T104,264.67603,292.3759,3.9571228,0.0,0.0,0.0,0.0,0.0,0.0,229.81326,254.65508,3.5488303,0.0,0.0,0.0,0.0,0.0,0.0
762430205,365.4802,498.85535,19.053593,0.0,0.0,0.0,0.0,0.0,0.0,143.47566,101.98255,-5.927587,0.0,0.0,0.0,0.0,0.0,0.0
779088103,87.56155,NaN,NaN,0.0,0.0,0.0,0.0,0.0,0.0,388.95828,NaN,NaN,0.0,0.0,0.0,0.0,0.0,0.0
G7702U102,751.0706,942.192,27.303057,0.0,0.0,0.0,0.0,0.0,0.0,1943.2241,2175.314,33.155693,0.0,0.0,0.0,0.0,0.0,0.0
794004200,87.702065,130.21507,6.073287,NaN,17.172842,NaN,90.31356,109.673416,2.7656937,11.597911,21.2466,1.378384,NaN,15.083856,NaN,12.874032,18.444853,0.79583156
795872100,NaN,350.35764,NaN,0.0,0.0,0.0,0.0,0.0,0.0,NaN,121.56817,NaN,0.0,0.0,0.0,0.0,0.0,0.0
811371707,776.20404,NaN,NaN,0.0,0.0,0.0,0.0,0.0,0.0,2175.7761,NaN,NaN,0.0,0.0,0.0,0.0,0.0,0.0
816074405,147.9019,300.2881,21.769455,0.0,0.0,0.0,0.0,0.0,0.0,470.80048,311.89578,-22.70067,0.0,0.0,0.0,0.0,0.0,0.0
817587108,514.8851,513.29736,-0.22681536,201.09846,NaN,NaN,0.0,0.0,0.0,298.22928,185.34132,-16.12685,150.88092,NaN,NaN,0.0,0.0,0.0
G80550109,64.80168,86.10506,3.0433393,0.0,0.0,0.0,0.0,0.0,0.0,322.6612,479.6025,22.420187,0.0,0.0,0.0,0.0,0.0,0.0
82967Y104,283.04758,301.834,2.6837769,0.0,0.0,0.0,0.0,0.0,0.0,110.81994,120.52397,1.3862904,0.0,0.0,0.0,0.0,0.0,0.0
83001A102,1098.1249,1049.4628,-6.95173,0.0,0.0,0.0,NaN,660.63837,NaN,874.3531,827.47125,-6.6974053,0.0,0.0,0.0,NaN,312.2512,NaN
78442T108,215.8315,279.7939,9.137488,0.0,0.0,0.0,0.0,0.0,0.0,90.35503,83.35335,-1.0002397,0.0,0.0,0.0,0.0,0.0,0.0
434149100,66.35249,NaN,NaN,0.0,0.0,0.0,0.0,0.0,0.0,18.206387,NaN,NaN,0.0,0.0,0.0,0.0,0.0,0.0
83169A100,55.753677,100.414246,6.380081,0.0,0.0,0.0,0.0,0.0,0.0,141.00133,140.66307,-0.048322406,0.0,0.0,0.0,0.0,0.0,0.0
832110100,342.7776,189.9424,-21.8336,21.729486,6.969347,-2.1085913,141.11406,142.32494,0.17298235,71.10229,108.16906,5.2952533,134.57721,114.497116,-2.8685849,111.36031,130.51796,2.7368066
83272A104,1780.5702,1702.3984,-11.167394,0.0,0.0,0.0,NaN,907.7371,NaN,1679.8292,1652.4467,-3.9117954,0.0,0.0,0.0,NaN,2174.7478,NaN
83546Q109,91.72761,103.42629,1.6712407,0.0,0.0,0.0,0.0,0.0,0.0,32.929203,64.70249,4.539041,0.0,0.0,0.0,0.0,0.0,0.0
836151209,274.1718,801.9193,75.3925,0.0,0.0,0.0,0.0,0.0,0.0,26.502653,12.900053,-1.9432286,0.0,0.0,0.0,0.0,0.0,0.0
84649R200,596.3029,731.30963,19.286673,36.717464,NaN,NaN,NaN,221.82509,NaN,221.05489,250.8637,4.258401,236.82968,NaN,NaN,NaN,175.55202,NaN
84741Y103,197.32866,173.75955,-3.3670154,0.0,0.0,0.0,0.0,0.0,0.0,1004.2395,991.23615,-1.8576224,0.0,0.0,0.0,0.0,0.0,0.0
84761M104,1120.0685,1373.9932,36.274956,0.0,0.0,0.0,348.1519,396.1112,6.851331,407.90707,341.71686,-9.455745,0.0,0.0,0.0,357.97525,303.77118,-7.7434387
847607108,310.69543,402.31534,13.088557,0.0,0.0,0.0,0.0,0.0,0.0,563.42444,667.282,14.836792,0.0,0.0,0.0,0.0,0.0,0.0
84763R101,1272.442,1216.8164,-7.9465156,0.0,0.0,0.0,NaN,870.9652,NaN,62.47795,112.39518,7.1310325,0.0,0.0,0.0,NaN,53.142952,NaN
848457107,627.02496,NaN,NaN,0.0,0.0,0.0,0.0,0.0,0.0,42.00074,NaN,NaN,0.0,0.0,0.0,0.0,0.0,0.0
85254C305,NaN,308.45587,NaN,0.0,0.0,0.0,0.5478977,0.4146906,-0.019029584,NaN,129.66405,NaN,0.0,0.0,0.0,216.54349,221.26091,0.6739175
853156206,127.72267,113.37863,-2.0491486,87.203354,82.77516,-0.8856384,83.631546,73.539566,-1.4417114,49.49092,62.280327,1.827058,91.73648,97.35483,1.1236694,58.839043,102.88806,6.292717
854923109,NaN,100.80089,NaN,0.0,0.0,0.0,0.0,0.0,0.0,NaN,2175.314,NaN,0.0,0.0,0.0,0.0,0.0,0.0
85569E103,126.76043,145.82375,2.723331,0.0,0.0,0.0,0.0,0.0,0.0,141.84715,83.52333,-8.331975,0.0,0.0,0.0,0.0,0.0,0.0
857689103,2657.8125,NaN,NaN,0.0,0.0,0.0,0.0,0.0,0.0,1017.5811,NaN,NaN,0.0,0.0,0.0,0.0,0.0,0.0
861572105,46.10789,56.54222,1.4906186,0.0,0.0,0.0,0.0,0.0,0.0,27.280909,32.62637,0.76363724,0.0,0.0,0.0,0.0,0.0,0.0
862111200,384.52023,475.95724,13.06243,37.44703,17.429504,-2.0017524,328.25296,318.5805,-1.3817793,3.6369488,6.208623,0.36738202,8.342561,13.6466,0.5304039,32.41702,41.295307,1.2683269
86677E100,1099.6901,1108.9553,1.3236084,0.0,0.0,0.0,0.0,0.0,0.0,120.11659,183.68098,9.080627,0.0,0.0,0.0,0.0,0.0,0.0
866881105,46.485664,45.02899,-0.2080961,0.0,0.0,0.0,0.0,0.0,0.0,108.71504,90.83818,-2.5538373,0.0,0.0,0.0,0.0,0.0,0.0
86688Q100,3.1074085,NaN,NaN,0.0,0.0,0.0,0.0,0.0,0.0,892.6703,NaN,NaN,0.0,0.0,0.0,0.0,0.0,0.0
87163L103,35.014324,NaN,NaN,0.0,0.0,0.0,0.0,0.0,0.0,992.07776,NaN,NaN,0.0,0.0,0.0,0.0,0.0,0.0
871839205,97.43098,112.24018,2.1156006,0.0,0.0,0.0,0.0,0.0,0.0,20.28738,32.868523,1.7973061,0.0,0.0,0.0,0.0,0.0,0.0
873452304,49.82007,95.46218,6.520302,3.6917293,0.19211976,-0.43745118,8.732677,9.9377575,0.17215429,171.35272,318.08237,20.961378,517.2017,337.15497,-22.505844,264.0561,265.36063,0.18636213
878415108,NaN,103.97586,NaN,0.0,0.0,0.0,0.0,0.0,0.0,NaN,14.478934,NaN,0.0,0.0,0.0,0.0,0.0,0.0
879908101,32.048725,111.734764,11.383719,0.0,0.0,0.0,0.0,0.0,0.0,1764.6843,1866.7012,14.573835,0.0,0.0,0.0,0.0,0.0,0.0
87959Y103,485.25854,803.3668,45.44404,0.0,0.0,0.0,0.0,0.0,0.0,1906.9847,2759.967,121.854614,0.0,0.0,0.0,0.0,0.0,0.0
87971Q104,19.55117,57.53106,5.4256983,0.0,0.0,0.0,0.0,0.0,0.0,261.31796,360.451,14.16186,0.0,0.0,0.0,0.0,0.0,0.0
881694103,10213.458,8631.51,-225.9926,1540.8348,NaN,NaN,7741.2734,4886.1855,-407.8697,2374.314,2374.5789,0.037841797,2091.0017,NaN,NaN,2145.7087,2100.581,-6.446812
882445109,16.390192,94.45047,11.151468,89.0794,NaN,NaN,37.53524,96.00563,8.352913,257.48898,118.2035,-19.897928,151.0856,NaN,NaN,204.8411,111.84899,-13.284586
872424106,90.61505,85.60429,-0.7158236,84.496796,78.79385,-0.71286774,120.197876,NaN,NaN,145.84196,139.9199,-0.8460083,152.25647,187.26126,4.375599,177.69073,NaN,NaN
885184101,99.98653,127.0059,3.8599102,0.0,0.0,0.0,0.0,0.0,0.0,458.62952,538.7423,11.444685,0.0,0.0,0.0,0.0,0.0,0.0
889039103,111.65331,138.54077,3.8410656,NaN,0.9222369,NaN,0.5638685,0.3374013,-0.03235246,556.643,349.7382,-29.55783,NaN,221.26318,NaN,188.43143,162.20894,-3.7460697
889073201,205.95543,359.91345,21.994003,0.0,0.0,0.0,0.0,0.0,0.0,62.598278,9.395588,-7.600384,0.0,0.0,0.0,0.0,0.0,0.0
872962105,565.73676,825.65674,37.131428,0.0,0.0,0.0,0.0,0.0,0.0,NaN,116.99347,NaN,0.0,0.0,0.0,0.0,0.0,0.0
891697104,84.60143,125.84427,5.891834,0.0,0.0,0.0,0.0,0.0,0.0,875.5612,1191.7516,45.17005,0.0,0.0,0.0,0.0,0.0,0.0
891707101,710.18146,799.6377,12.779463,0.0,0.0,0.0,0.0,0.0,0.0,31.235672,27.575964,-0.5228154,0.0,0.0,0.0,0.0,0.0,0.0
89299Y009,162.16324,114.63317,-6.7900095,63.835358,45.086494,-3.1248105,0.0,0.0,0.0,NaN,NaN,NaN,NaN,NaN,NaN,0.0,0.0,0.0
892149105,111.14829,129.79564,2.6639066,0.0,0.0,0.0,0.0,0.0,0.0,110.30874,112.29616,0.283917,0.0,0.0,0.0,0.0,0.0,0.0
89376N108,132.80217,144.99649,1.7420458,0.0,0.0,0.0,0.0,0.0,0.0,654.71405,708.5228,7.6869683,0.0,0.0,0.0,0.0,0.0,0.0
893878108,37.95285,43.87087,0.8454312,0.0,0.0,0.0,0.0,0.0,0.0,8.485811,7.2016463,-0.18345213,0.0,0.0,0.0,0.0,0.0,0.0
894859107,43.418476,59.59847,2.3114276,0.0,0.0,0.0,0.0,0.0,0.0,248.86168,24.956064,-31.986515,0.0,0.0,0.0,0.0,0.0,0.0
896106200,216.35999,212.51984,-0.5485927,0.0,0.0,0.0,23.926992,6.5986757,-2.4754736,792.73865,757.19244,-5.078029,0.0,0.0,0.0,245.31345,256.671,1.6225063
896925203,98.75027,105.93393,1.0262375,0.0,0.0,0.0,0.0,0.0,0.0,41.31277,49.942257,1.2327837,0.0,0.0,0.0,0.0,0.0,0.0
89816T103,742.6595,928.81445,26.593567,0.0,0.0,0.0,745.9991,692.44086,-7.6511755,1099.3629,846.67847,-36.09778,0.0,0.0,0.0,786.39716,970.3032,26.272295
872918107,40.17793,61.646374,3.0669208,0.0,0.0,0.0,0.0,0.0,0.0,53.229115,50.29882,-0.41861343,0.0,0.0,0.0,0.0,0.0,0.0
899900104,201.29146,193.77637,-1.0735844,0.0,0.0,0.0,0.0,0.0,0.0,43.326046,41.305073,-0.28871045,0.0,0.0,0.0,0.0,0.0,0.0
901167106,35.737278,30.994684,-0.6775134,0.0,0.0,0.0,0.0,0.0,0.0,128.38281,173.42325,6.434348,0.0,0.0,0.0,0.0,0.0,0.0
87311M102,61.477276,140.55052,11.296178,0.0,0.0,0.0,0.0,0.0,0.0,656.3905,737.9096,11.645586,0.0,0.0,0.0,0.0,0.0,0.0
90334D109,116.202705,56.95536,-8.463906,0.0,0.0,0.0,0.0,0.0,0.0,91.86603,118.0186,3.7360818,0.0,0.0,0.0,0.0,0.0,0.0
90333L201,141.72667,155.53517,1.9726431,0.0,0.0,0.0,0.0,0.0,0.0,102.70146,62.52635,-5.739302,0.0,0.0,0.0,0.0,0.0,0.0
911920106,458.2028,347.95963,-15.749023,96.26625,55.388733,-5.1096897,219.14754,221.64021,0.35609654,353.73618,342.1884,-1.6496843,341.1148,273.62872,-8.4357605,175.22179,148.96077,-3.7515738
90331T107,118.60471,NaN,NaN,0.0,0.0,0.0,0.0,0.0,0.0,89.458786,NaN,NaN,0.0,0.0,0.0,0.0,0.0,0.0
910047109,4364.278,5893.0386,218.3944,398.1515,NaN,NaN,5303.5376,4250.3467,-150.45584,1226.9022,1741.4822,73.51142,1795.7449,NaN,NaN,1690.1472,1460.1459,-32.857334
902646108,269.83536,319.6104,7.110722,0.0,0.0,0.0,0.0,0.0,0.0,193.51863,147.3047,-6.6019897,0.0,0.0,0.0,0.0,0.0,0.0
903849107,5.4841576,41.547832,5.1519537,0.0,0.0,0.0,0.0,0.0,0.0,95.75125,110.96738,2.1737323,0.0,0.0,0.0,0.0,0.0,0.0
910858109,224.06929,212.49294,-1.653765,204.82063,NaN,NaN,NaN,92.5953,NaN,16.68019,12.790407,-0.55568314,12.455119,NaN,NaN,NaN,12.297493,NaN
35241Q107,NaN,96.28527,NaN,11.517222,10.553261,-0.03570228,8.415108,6.902232,-0.21612509,NaN,44.015293,NaN,13.37588,19.73887,0.2356663,28.881636,27.43688,-0.20639364
903293405,1986.2211,1945.626,-5.799299,0.0,0.0,0.0,961.2188,725.67566,-33.64902,72.17282,140.04024,9.695345,0.0,0.0,0.0,89.424286,59.23775,-4.312362
917311805,137.1277,142.91843,0.82724655,0.0,0.0,0.0,0.0,0.0,0.0,27.389105,26.889267,-0.07140541,0.0,0.0,0.0,0.0,0.0,0.0
91972C106,110.85998,82.60881,-4.035881,0.0,0.0,0.0,0.0,0.0,0.0,NaN,NaN,NaN,0.0,0.0,0.0,0.0,0.0,0.0
919902106,44.55175,58.84914,2.0424843,0.0,0.0,0.0,0.0,0.0,0.0,261.67566,352.31784,12.948883,0.0,0.0,0.0,0.0,0.0,0.0
494580103,1206.5974,477.8825,-104.10213,0.0,0.0,0.0,119.48708,90.50582,-4.14018,109.56676,169.44029,8.553362,0.0,0.0,0.0,211.21443,166.70494,-6.3584986
923275101,186.50276,249.77419,9.0387745,0.0,0.0,0.0,0.0,0.0,0.0,59.93565,67.3134,1.0539644,0.0,0.0,0.0,0.0,0.0,0.0
92335X100,189.57063,198.08098,1.2157637,0.0,0.0,0.0,0.0,0.0,0.0,2175.3132,2503.1204,46.82959,0.0,0.0,0.0,0.0,0.0,0.0
92336G106,176.5456,633.471,65.27506,0.0,0.0,0.0,0.0,0.0,0.0,361.7507,381.60727,2.8366525,0.0,0.0,0.0,0.0,0.0,0.0
925492100,133.8983,128.27249,-0.803687,0.0,0.0,0.0,0.0,0.0,0.0,14.262587,13.118177,-0.16348703,0.0,0.0,0.0,0.0,0.0,0.0
92553H803,594.15137,512.1993,-10.244011,0.0,0.0,0.0,0.0,0.0,0.0,79.68859,159.7825,10.011739,0.0,0.0,0.0,0.0,0.0,0.0
925529208,886.5117,1286.8013,57.184223,0.0,0.0,0.0,0.0,0.0,0.0,1977.6433,2249.983,38.90566,0.0,0.0,0.0,0.0,0.0,0.0
63845P101,44.95213,87.7594,6.1153245,0.0,0.0,0.0,67.35551,60.46248,-0.9847183,19.94884,21.227364,0.18264635,0.0,0.0,0.0,20.580278,34.105354,1.9321537
92839U206,1339.131,1437.1702,14.005598,0.0,0.0,0.0,0.0,0.0,0.0,266.6771,362.06128,13.626312,0.0,0.0,0.0,0.0,0.0,0.0
928559103,331.87894,291.9563,-5.703234,0.0,0.0,0.0,0.0,0.0,0.0,541.0544,562.06134,3.000994,0.0,0.0,0.0,0.0,0.0,0.0
38388F108,82.18194,212.25565,21.67895,9.543801,7.741527,-0.04742827,1676.306,1643.5194,-4.683803,410.31332,370.669,-6.607386,333.12732,335.35355,0.058584917,189.37924,189.15147,-0.032538276
93369N109,433.64746,398.0808,-5.0809503,63.679924,NaN,NaN,4.425896,17.992645,1.9381071,8.866262,7.0978727,-0.2526271,7.0030475,NaN,NaN,6.9776726,7.870504,0.12754734
934390402,668.6905,1011.9536,49.03759,0.0,0.0,0.0,115.71346,111.95256,-0.5372718,73.37039,78.23525,0.6949801,0.0,0.0,0.0,99.08679,94.89892,-0.5982677
938862208,60.914524,402.94116,48.86095,0.0,0.0,0.0,0.0,0.0,0.0,32.62637,37.642727,0.7166225,0.0,0.0,0.0,0.0,0.0,0.0
94769A101,316.92642,319.07535,0.3069894,0.0,0.0,0.0,0.0,0.0,0.0,1906.9847,2759.9678,121.85472,0.0,0.0,0.0,0.0,0.0,0.0
94845V103,9.765644,17.435444,1.0956857,0.0,0.0,0.0,0.0,0.0,0.0,44.533623,47.980164,0.49236298,0.0,0.0,0.0,0.0,0.0,0.0
948462106,91.174805,114.21292,3.2911594,0.0,0.0,0.0,0.0,0.0,0.0,306.0884,404.8288,14.105769,0.0,0.0,0.0,0.0,0.0,0.0
948774104,308.81357,NaN,NaN,0.0,0.0,0.0,0.0,0.0,0.0,328.8513,NaN,NaN,0.0,0.0,0.0,0.0,0.0,0.0
955465109,508.0901,345.661,-23.204153,0.0,0.0,0.0,239.61198,NaN,NaN,151.78793,140.35292,-1.6335733,0.0,0.0,0.0,137.59042,NaN,NaN
958043408,532.19403,498.58475,-4.8013263,0.0,0.0,0.0,165.57996,145.81493,-2.8235757,181.50183,128.7454,-7.536632,0.0,0.0,0.0,122.07201,93.58543,-4.0695114
960878106,36.225323,38.25195,0.2895181,0.0,0.0,0.0,9.4863825,2.09377,-1.0560875,83.87847,77.97055,-0.8439887,0.0,0.0,0.0,162.61401,310.5631,21.135586
961238102,975.9419,1032.0789,8.019567,0.0,0.0,0.0,0.0,0.0,0.0,0.9768804,0.90215534,-0.010675005,0.0,0.0,0.0,0.0,0.0,0.0
410315105,802.12225,742.4341,-8.526881,289.55606,164.70436,-12.48517,124.953926,107.739494,-2.4592044,458.2653,595.7895,19.646315,861.8374,1235.2516,37.34142,912.15106,985.6712,10.502877
194831004,NaN,1101.3099,NaN,158.14159,174.85306,1.8568301,166.52728,NaN,NaN,NaN,181.17633,NaN,25.879837,24.391275,-0.16539574,25.217241,NaN,NaN
972218101,110.9266,96.87201,-2.0077984,26.187946,31.139698,1.6505839,98.78943,105.66482,0.9821984,77.08145,62.181454,-2.128571,66.54431,62.951115,-1.1977323,81.12484,84.71717,0.51319015
974280307,180.71313,191.35986,1.5209612,0.0,0.0,0.0,9.471415,12.938454,0.4952913,960.46783,1152.4705,27.428946,0.0,0.0,0.0,1443.3104,1316.7206,-18.084263
975515107,1340.8344,2617.1846,182.33574,0.0,0.0,0.0,0.0,0.0,0.0,1977.6433,2249.983,38.90566,0.0,0.0,0.0,0.0,0.0,0.0
97652H109,196.74048,216.2762,2.7908173,0.0,0.0,0.0,0.0,0.0,0.0,1447.6105,1250.8961,-28.10205,0.0,0.0,0.0,0.0,0.0,0.0
98141A101,296.1342,352.04822,7.987719,0.0,0.0,0.0,0.0,0.0,0.0,1977.6428,2249.9832,38.90576,0.0,0.0,0.0,0.0,0.0,0.0
981902109,NaN,106.40674,NaN,146.35826,NaN,NaN,0.0,0.0,0.0,NaN,159.618,NaN,315.63367,NaN,NaN,0.0,0.0,0.0
981579105,67.212425,50.36419,-2.4068909,0.0,0.0,0.0,0.0,0.0,0.0,236.01993,246.03978,1.4314073,0.0,0.0,0.0,0.0,0.0,0.0
981907108,126.85229,148.16081,3.044075,0.0,0.0,0.0,0.0,0.0,0.0,79.70963,108.57691,4.123897,0.0,0.0,0.0,0.0,0.0,0.0
894688100,87.55514,105.80929,2.6077359,36.919296,1.0303692,-5.12699,46.776184,41.71529,-0.72298485,207.15355,211.70831,0.65068054,263.4465,455.15567,27.387024,382.28397,465.64487,11.9087
98416J118,NaN,296.7741,NaN,0.0,0.0,0.0,NaN,234.8138,NaN,NaN,13.930968,NaN,0.0,0.0,0.0,NaN,7.561262,NaN
98417K106,2573.04,3253.436,97.199425,0.0,0.0,0.0,0.0,0.0,0.0,2249.9827,2529.2446,39.894566,0.0,0.0,0.0,0.0,0.0,0.0
989349105,177.40416,NaN,NaN,0.0,0.0,0.0,0.0,0.0,0.0,405.21625,NaN,NaN,0.0,0.0,0.0,0.0,0.0,0.0
20557T101,0.0,0.0,0.0,264.68918,NaN,NaN,245.98346,245.3912,-0.0846078,0.0,0.0,0.0,6.6655965,NaN,NaN,7.2405167,6.592392,-0.092589244
212072102,0.0,0.0,0.0,11.227925,NaN,NaN,10.191979,11.270684,0.15410069,0.0,0.0,0.0,376.7014,NaN,NaN,418.9093,403.37665,-2.2189505
086553104,0.0,0.0,0.0,0.0,0.0,0.0,NaN,166.4103,NaN,0.0,0.0,0.0,0.0,0.0,0.0,NaN,450.8894,NaN
G3921A175,0.0,0.0,0.0,0.0,0.0,0.0,NaN,210.21405,NaN,0.0,0.0,0.0,0.0,0.0,0.0,NaN,2108.122,NaN
172936106,0.0,0.0,0.0,0.0,0.0,0.0,241.99089,85.38133,-22.372793,0.0,0.0,0.0,0.0,0.0,0.0,65.95591,97.67377,4.5311227
457661106,0.0,0.0,0.0,0.0,0.0,0.0,NaN,164.60582,NaN,0.0,0.0,0.0,0.0,0.0,0.0,NaN,36.074295,NaN
44980Y305,0.0,0.0,0.0,0.0,0.0,0.0,NaN,154.23627,NaN,0.0,0.0,0.0,0.0,0.0,0.0,NaN,269.11206,NaN
46624E405,0.0,0.0,0.0,0.0,0.0,0.0,79.375046,56.623753,-3.2501848,0.0,0.0,0.0,0.0,0.0,0.0,23.16319,25.519953,0.33668026
48577P106,0.0,0.0,0.0,0.0,0.0,0.0,NaN,160.68378,NaN,0.0,0.0,0.0,0.0,0.0,0.0,NaN,445.3293,NaN
578349102,0.0,0.0,0.0,0.0,0.0,0.0,71.48859,76.89374,0.77216446,0.0,0.0,0.0,0.0,0.0,0.0,102.075386,108.138985,0.8662284
586014102,0.0,0.0,0.0,0.0,0.0,0.0,66.072014,59.772125,-0.89998406,0.0,0.0,0.0,0.0,0.0,0.0,2.1694117,2.1009243,-0.009783915
636317109,0.0,0.0,0.0,0.0,0.0,0.0,73.476456,3.3254185,-10.021577,0.0,0.0,0.0,0.0,0.0,0.0,105.11169,64.66211,-5.778511
70322A101,0.0,0.0,0.0,0.0,0.0,0.0,375.96912,363.23947,-1.8185207,0.0,0.0,0.0,0.0,0.0,0.0,784.772,807.72626,3.2791836
98387T103,0.0,0.0,0.0,0.0,0.0,0.0,4.1424165,NaN,NaN,0.0,0.0,0.0,0.0,0.0,0.0,581.3527,NaN,NaN
71654J108,0.0,0.0,0.0,0.0,0.0,0.0,448.35422,449.77423,0.20285906,0.0,0.0,0.0,0.0,0.0,0.0,60.798744,112.1865,7.341108
746276104,0.0,0.0,0.0,0.0,0.0,0.0,87.269226,NaN,NaN,0.0,0.0,0.0,0.0,0.0,0.0,465.0133,NaN,NaN
686857103,0.0,0.0,0.0,0.0,0.0,0.0,281.96515,NaN,NaN,0.0,0.0,0.0,0.0,0.0,0.0,328.89542,NaN,NaN
761339100,0.0,0.0,0.0,0.0,0.0,0.0,314.6333,176.17815,-19.779308,0.0,0.0,0.0,0.0,0.0,0.0,87.17761,100.84813,1.952931
827056300,0.0,0.0,0.0,0.0,0.0,0.0,42.126907,NaN,NaN,0.0,0.0,0.0,0.0,0.0,0.0,105.15565,NaN,NaN
834376501,0.0,0.0,0.0,0.0,0.0,0.0,805.1716,553.7929,-35.911236,0.0,0.0,0.0,0.0,0.0,0.0,1625.2244,1925.4733,42.8927
817826209,0.0,0.0,0.0,0.0,0.0,0.0,2326.6116,1900.2368,-60.91068,0.0,0.0,0.0,0.0,0.0,0.0,498.2197,608.9417,15.8174305
849416201,0.0,0.0,0.0,0.0,0.0,0.0,66.47521,73.2686,0.9704841,0.0,0.0,0.0,0.0,0.0,0.0,73.93235,75.91603,0.28338295
893349837,0.0,0.0,0.0,0.0,0.0,0.0,723.04315,609.64453,-16.199802,0.0,0.0,0.0,0.0,0.0,0.0,904.941,762.88794,-20.293291
988858106,0.0,0.0,0.0,0.0,0.0,0.0,245.20927,300.74942,7.9343066,0.0,0.0,0.0,0.0,0.0,0.0,64.23775,95.164474,4.4181037
