00252W104,86.29842,5927.7485,834.49286,0.0,0.0,0.0,0.0,0.0,0.0,106.721695,150.9136,6.31313,0.0,0.0,0.0,0.0,0.0,0.0
,0.0,0.0,0.0,0.0,0.0,0.0,0.0,0.0,0.0,0.0,0.0,0.0,0.0,0.0,0.0,0.0,0.0,0.0
00439T206,3.3768814,NaN,NaN,0.0,0.0,0.0,0.0,0.0,0.0,4427.6055,NaN,NaN,0.0,0.0,0.0,0.0,0.0,0.0
004724100,NaN,11.401128,NaN,0.0,0.0,0.0,0.0,0.0,0.0,NaN,8399.617,NaN,0.0,0.0,0.0,0.0,0.0,0.0
000973107,32.69958,330.4963,42.54239,0.0,0.0,0.0,0.0,0.0,0.0,826.52795,5645.5728,688.435,0.0,0.0,0.0,0.0,0.0,0.0
00503U105,3400.2175,3870.0515,67.11914,0.0,0.0,0.0,0.0,0.0,0.0,228.8834,324.6832,13.685684,0.0,0.0,0.0,0.0,0.0,0.0
006848105,24053.598,NaN,NaN,0.0,0.0,0.0,0.0,0.0,0.0,47740.984,NaN,NaN,0.0,0.0,0.0,0.0,0.0,0.0
31865X106,420.99512,92.12891,-46.98089,0.0,0.0,0.0,0.0,0.0,0.0,623477.1,1792614.9,167019.67,0.0,0.0,0.0,0.0,0.0,0.0
008494106,1474.5697,2301.9587,118.19843,0.0,0.0,0.0,0.0,0.0,0.0,946.65924,973.9382,3.89699,0.0,0.0,0.0,0.0,0.0,0.0
009114109,949.7752,2355.4297,200.80779,0.0,0.0,0.0,0.0,0.0,0.0,387.05283,419.58792,4.6478705,0.0,0.0,0.0,0.0,0.0,0.0
867071102,NaN,2335.3516,NaN,23.07887,30.553392,0.74745214,0.0,0.0,0.0,NaN,4.2493253,NaN,3.561709,1.6742901,-0.1887419,0.0,0.0,0.0
018593103,2054.49,2706.9082,93.2026,0.0,0.0,0.0,0.0,0.0,0.0,NaN,NaN,NaN,0.0,0.0,0.0,0.0,0.0,0.0
019223106,105.5286,368.52197,37.570484,0.0,0.0,0.0,0.0,0.0,0.0,832.8514,1148.1696,45.045452,0.0,0.0,0.0,0.0,0.0,0.0
019411107,888.6899,164.56577,-103.446304,0.0,0.0,0.0,0.0,0.0,0.0,8908.532,13847.38,705.5497,0.0,0.0,0.0,0.0,0.0,0.0
019645506,1196.927,2786.3696,227.06323,51.9527,NaN,NaN,0.0,0.0,0.0,748.3032,1036.603,41.185688,1860.4421,NaN,NaN,0.0,0.0,0.0
02146C104,13552.317,11330.347,-317.42438,0.0,0.0,0.0,0.0,0.0,0.0,704.07556,519.1064,-26.424168,0.0,0.0,0.0,0.0,0.0,0.0
625440102,1024.7451,2113.1372,155.48459,NaN,391.4272,NaN,49.267857,70.43143,2.6454463,1805.1411,465.85724,-191.32628,NaN,446.38373,NaN,831.67505,1453.8834,77.77605
023006109,NaN,1092.6038,NaN,2105.1091,NaN,NaN,0.0,0.0,0.0,NaN,8354.106,NaN,3048.3306,NaN,NaN,0.0,0.0,0.0
023395106,1342.245,NaN,NaN,0.0,0.0,0.0,0.0,0.0,0.0,1670.833,NaN,NaN,0.0,0.0,0.0,0.0,0.0,0.0
023426703,66.91245,1432.3864,195.0677,15.384918,16.335615,0.19013938,477.937,53.785988,-60.593006,4318.864,3089.374,-175.64139,4597.4517,9279.581,936.4259,9858.955,10539.155,97.171455
023586100,NaN,11768.012,NaN,0.0,0.0,0.0,0.0,0.0,0.0,NaN,604236.75,NaN,0.0,0.0,0.0,0.0,0.0,0.0
90341W108,343.5612,624.50714,40.135136,1037.6948,2457.017,109.178635,1961.3407,1556.4069,-57.84769,3081.7812,5170.221,298.34857,11407.512,45774.99,2643.652,37680.91,25616.76,-1723.4501
024490302,310.37088,NaN,NaN,0.0,0.0,0.0,0.0,0.0,0.0,461.90225,NaN,NaN,0.0,0.0,0.0,0.0,0.0,0.0
024928103,245.03362,3698.978,493.42062,0.0,0.0,0.0,0.0,0.0,0.0,7723.2964,15276.758,1079.0659,0.0,0.0,0.0,0.0,0.0,0.0
02553G101,7.432198,342.7115,47.89704,0.0,0.0,0.0,0.0,0.0,0.0,21755.365,16.666134,-3105.5286,0.0,0.0,0.0,0.0,0.0,0.0
026496208,94.329025,3638.0686,506.2485,352.86444,302.58984,-5.5860662,185.63855,85.791565,-14.263855,1126.7201,1807.9857,97.32366,2455.7642,328.23242,-236.39241,2092.1792,1091.3312,-142.97829
026652107,906.2337,989.99255,11.96555,0.0,0.0,0.0,0.0,0.0,0.0,55.51891,81.385445,3.6952193,0.0,0.0,0.0,0.0,0.0,0.0
028816106,1664.437,NaN,NaN,0.0,0.0,0.0,0.0,0.0,0.0,7593.598,NaN,NaN,0.0,0.0,0.0,0.0,0.0,0.0
029318300,104.42634,210.42201,15.14224,0.0,0.0,0.0,0.0,0.0,0.0,289.4949,1141.9069,121.77314,0.0,0.0,0.0,0.0,0.0,0.0
030789507,1298.0381,13016.676,1674.0911,491.84064,94.161705,-39.76789,7.610237,10.607574,0.42819104,12787.761,12005.041,-111.8171,23088.502,75811.38,5272.288,234.5367,59.920826,-24.945126
03113V109,1506.6302,NaN,NaN,0.0,0.0,0.0,0.0,0.0,0.0,74.29096,NaN,NaN,0.0,0.0,0.0,0.0,0.0,0.0
03237E108,1350.703,11748.448,1485.3922,0.0,0.0,0.0,198.40717,71.23467,-18.1675,96880.21,86371.21,-1501.2858,0.0,0.0,0.0,86858.57,97366.92,1501.1931
03304B300,213.39873,1315.4381,157.4342,0.0,0.0,0.0,NaN,360.7694,NaN,11573.568,17205.49,804.56024,0.0,0.0,0.0,NaN,17230.314,NaN
G6359F103,327.08286,485.3566,22.610535,3.2644622,1.4431105,-0.20237242,0.5655586,7.967543,1.0574263,518.60474,254.0429,-37.794548,374.86548,737.13715,40.252407,1036.603,1860.4421,117.6913
035250109,3.1335993,NaN,NaN,0.0,0.0,0.0,0.0,0.0,0.0,1753.4569,NaN,NaN,0.0,0.0,0.0,0.0,0.0,0.0
381119106,226.52962,10391.498,1452.1384,0.0,0.0,0.0,0.0,0.0,0.0,18869.988,22538.568,524.0829,0.0,0.0,0.0,0.0,0.0,0.0
038196101,52.01017,2136.917,297.8438,0.0,0.0,0.0,0.0,0.0,0.0,386.4974,122.346924,-37.735783,0.0,0.0,0.0,0.0,0.0,0.0
038213104,797.08496,1880.2173,154.73318,0.0,0.0,0.0,0.0,0.0,0.0,125.38156,665.5865,77.172134,0.0,0.0,0.0,0.0,0.0,0.0
001937101,205.09535,1433.9321,175.54811,0.0,0.0,0.0,0.0,0.0,0.0,159.57123,801.4345,91.694756,0.0,0.0,0.0,0.0,0.0,0.0
G04397108,74.82995,14446.465,2053.0906,0.0,0.0,0.0,0.0,0.0,0.0,301.88626,192.55226,-15.619143,0.0,0.0,0.0,0.0,0.0,0.0
90341G103,346.87292,3476.8962,447.1462,0.0,0.0,0.0,NaN,326.6195,NaN,1217917.1,1901258.9,97620.25,0.0,0.0,0.0,NaN,857287.25,NaN
042384107,4070.7246,3410.671,-94.29339,685.6775,NaN,NaN,0.0,0.0,0.0,1868.8607,2780.8308,130.28145,4693.002,NaN,NaN,0.0,0.0,0.0
G05330108,14749.042,NaN,NaN,0.0,0.0,0.0,0.0,0.0,0.0,1451216.4,NaN,NaN,0.0,0.0,0.0,0.0,0.0,0.0
04544X300,15.875014,106.50152,11.328313,0.0,0.0,0.0,0.0,0.0,0.0,185.37778,621.49274,54.51437,0.0,0.0,0.0,0.0,0.0,0.0
04648X107,1008.03516,3551.417,363.34027,0.0,0.0,0.0,0.0,0.0,0.0,7819.5015,2206.7275,-801.8248,0.0,0.0,0.0,0.0,0.0,0.0
045919107,7222.918,25064.275,2548.7654,0.0,0.0,0.0,0.0,0.0,0.0,97617.055,38080.504,-8505.222,0.0,0.0,0.0,0.0,0.0,0.0
04649A106,18820.09,14434.729,-626.48016,0.0,0.0,0.0,0.0,0.0,0.0,1046378.5,897710.56,-21238.277,0.0,0.0,0.0,0.0,0.0,0.0
37990V204,169.90175,725.28296,79.34017,0.0,0.0,0.0,0.0,0.0,0.0,19862.781,28612.393,1249.9445,0.0,0.0,0.0,0.0,0.0,0.0
046613105,507.60046,NaN,NaN,0.0,0.0,0.0,0.0,0.0,0.0,NaN,NaN,NaN,0.0,0.0,0.0,0.0,0.0,0.0
050727106,413.29614,NaN,NaN,0.0,0.0,0.0,0.0,0.0,0.0,314.96692,NaN,NaN,0.0,0.0,0.0,0.0,0.0,0.0
05164B106,1634.8995,26850.467,3602.2239,0.0,0.0,0.0,0.0,0.0,0.0,330296.66,607358.7,39580.29,0.0,0.0,0.0,0.0,0.0,0.0
05873K108,229.28357,18683.436,2636.3074,0.0,0.0,0.0,0.0,0.0,0.0,3428.3394,4504.3813,153.72029,0.0,0.0,0.0,0.0,0.0,0.0
074002205,434.16937,22088.688,3093.5024,0.0,0.0,0.0,0.0,0.0,0.0,1102.0148,539.2565,-80.39404,0.0,0.0,0.0,0.0,0.0,0.0
077266104,132.54126,156.56119,3.4314182,0.0,0.0,0.0,0.0,0.0,0.0,474.33282,919.8741,63.64875,0.0,0.0,0.0,0.0,0.0,0.0
087509105,9909.599,18864.812,1279.3163,2128.3328,NaN,NaN,0.0,0.0,0.0,18301.8,9588.088,-1244.8162,12018.234,NaN,NaN,0.0,0.0,0.0
091250100,2.3839173,8466.37,1209.1409,0.0,0.0,0.0,0.0,0.0,0.0,13361.031,5136.978,-1174.8646,0.0,0.0,0.0,0.0,0.0,0.0
055607105,700.3497,NaN,NaN,0.0,0.0,0.0,0.0,0.0,0.0,57.07416,NaN,NaN,0.0,0.0,0.0,0.0,0.0,0.0
098904204,369.897,742.0985,53.171642,0.0,0.0,0.0,0.0,0.0,0.0,46.221634,84.276146,5.436359,0.0,0.0,0.0,0.0,0.0,0.0
100578103,0.25463054,2138.2332,305.4255,0.0,0.0,0.0,0.0,0.0,0.0,4294.405,4791.761,71.05092,0.0,0.0,0.0,0.0,0.0,0.0
104499207,843.57623,1006.8996,23.33191,54.452255,NaN,NaN,0.0,0.0,0.0,2985.0547,4453.2993,209.74924,849.6056,NaN,NaN,0.0,0.0,0.0
105423404,NaN,239.16847,NaN,0.0,0.0,0.0,0.0,0.0,0.0,NaN,3383.7043,NaN,0.0,0.0,0.0,0.0,0.0,0.0
105425102,NaN,2498.4739,NaN,0.0,0.0,0.0,0.0,0.0,0.0,NaN,21309.346,NaN,0.0,0.0,0.0,0.0,0.0,0.0
106702103,NaN,14311.109,NaN,0.0,0.0,0.0,0.0,0.0,0.0,NaN,12223.606,NaN,0.0,0.0,0.0,0.0,0.0,0.0
119003101,29221.21,38646.76,1346.5072,0.0,0.0,0.0,0.0,0.0,0.0,110014.83,502574.62,56079.973,0.0,0.0,0.0,0.0,0.0,0.0
120084108,123.64276,591.07446,66.775955,0.0,0.0,0.0,0.0,0.0,0.0,136.4609,84.00195,-7.4941363,0.0,0.0,0.0,0.0,0.0,0.0
120113105,69.754425,1383.1445,187.62717,0.0,0.0,0.0,0.0,0.0,0.0,465473.72,523704.75,8318.719,0.0,0.0,0.0,0.0,0.0,0.0
121693105,6757.181,9224.763,352.51166,0.0,0.0,0.0,0.0,0.0,0.0,1027.774,192.99068,-119.25477,0.0,0.0,0.0,0.0,0.0,0.0
123164105,3.514177,915.15106,130.23384,0.0,0.0,0.0,0.0,0.0,0.0,53.006626,58.06283,0.72231513,0.0,0.0,0.0,0.0,0.0,0.0
12476P203,13.731367,NaN,NaN,0.0,0.0,0.0,0.0,0.0,0.0,40958.336,NaN,NaN,0.0,0.0,0.0,0.0,0.0,0.0
128787108,1077.4257,2195.243,159.68819,1965.2961,NaN,NaN,0.0,0.0,0.0,173523.58,216235.53,6101.7075,1087.28,NaN,NaN,0.0,0.0,0.0
129915203,243.39037,42.00086,-28.76993,0.0,0.0,0.0,0.0,0.0,0.0,11959.751,8796.688,-451.86606,0.0,0.0,0.0,0.0,0.0,0.0
140909102,116.569664,2950.6687,404.8713,0.0,0.0,0.0,0.0,0.0,0.0,26606.754,27286.924,97.16713,0.0,0.0,0.0,0.0,0.0,0.0
140777103,NaN,12.406613,NaN,0.0,0.0,0.0,0.0,0.0,0.0,NaN,3887.439,NaN,0.0,0.0,0.0,0.0,0.0,0.0
141602300,330.9799,784.52545,64.79222,0.0,0.0,0.0,0.0,0.0,0.0,10.468105,11.571192,0.15758379,0.0,0.0,0.0,0.0,0.0,0.0
141649301,83.56144,284.17163,28.6586,0.0,0.0,0.0,52.18473,56.607697,0.63185227,116.80556,1564.5818,206.82518,0.0,0.0,0.0,199.7064,159.49843,-5.7439966
141706309,10.89753,191.9355,25.862566,0.0,0.0,0.0,0.0,0.0,0.0,90.16824,231.14453,20.13947,0.0,0.0,0.0,0.0,0.0,0.0
143436400,82.04479,620.89453,76.97853,17.774227,NaN,NaN,128.03235,88.03293,-5.714203,77.840096,86.08299,1.1775568,97.93945,NaN,NaN,612.6581,1454.4653,120.25818
111572103,64.72975,845.33997,111.51575,451.5171,1355.3942,150.64618,2130.4053,109.139824,-288.75223,601586.25,632342.56,4393.759,534199.8,79135.945,-75843.98,120268.03,149153.12,4126.442
148710106,93.922516,75.54986,-2.6246655,0.0,0.0,0.0,0.0,0.0,0.0,1976.3915,14340.21,1766.2598,0.0,0.0,0.0,0.0,0.0,0.0
15115M101,14.325523,14.229686,-0.013691084,0.0,0.0,0.0,0.0,0.0,0.0,257.89902,1078.9691,117.29572,0.0,0.0,0.0,0.0,0.0,0.0
125185108,6.5809913,9.634903,0.4362731,0.0,0.0,0.0,0.0,0.0,0.0,415.2629,488.45972,10.456687,0.0,0.0,0.0,0.0,0.0,0.0
158496109,790.0332,7905.329,1016.4708,0.0,0.0,0.0,19.844381,52.536865,4.6703544,14.0536,6.243268,-1.1157618,0.0,0.0,0.0,5.786577,12.0854645,0.899841
16115Q308,178.95494,3661.8425,497.5554,0.0,0.0,0.0,0.0,0.0,0.0,64.73061,8.069886,-8.09439,0.0,0.0,0.0,0.0,0.0,0.0
847807104,2581.3215,3607.6074,146.61227,795.9826,3.6329129,-79.23497,67.0333,22.242846,-6.398637,213.75533,61.698555,-21.722395,141.26352,569.87427,42.861076,453.17532,1074.3116,88.733765
559079207,246.61601,9993.135,1392.3597,0.0,0.0,0.0,1173.4331,395.39636,-111.14811,20.993277,8.845051,-1.7354609,0.0,0.0,0.0,5.904257,40.353405,4.921307
163893209,NaN,132511.05,NaN,0.0,0.0,0.0,NaN,738.4106,NaN,NaN,448966.47,NaN,0.0,0.0,0.0,NaN,752287.56,NaN
165159104,84.17486,2906.9753,403.25723,0.0,0.0,0.0,19.916115,18.112923,-0.25759888,44306.117,27258.023,-2435.442,0.0,0.0,0.0,1591.1697,781.1089,-115.72297
168710101,1166.3485,460.51956,-100.83271,0.0,0.0,0.0,0.0,0.0,0.0,63254.938,39804.152,-3350.112,0.0,0.0,0.0,0.0,0.0,0.0
170032809,8719.159,38764.402,4292.1772,0.0,0.0,0.0,2434.322,1457.1697,-139.59319,1291.6602,22043.148,2964.4983,0.0,0.0,0.0,8288.471,372.7857,-1130.8121
12542A206,17027.178,NaN,NaN,0.0,0.0,0.0,0.0,0.0,0.0,883.14374,NaN,NaN,0.0,0.0,0.0,0.0,0.0,0.0
172585101,3984.02,2588.2114,-199.40123,106.15057,171.07462,5.410337,NaN,289.8878,NaN,1893.0532,2420.5828,75.36137,3230.5393,6797.131,297.21597,NaN,5184.127,NaN
172737108,4550.141,15915.031,1623.5558,0.0,0.0,0.0,0.0,0.0,0.0,29215.248,35416.47,885.8887,0.0,0.0,0.0,0.0,0.0,0.0
180461105,244.47995,NaN,NaN,0.0,0.0,0.0,0.0,0.0,0.0,114676.266,NaN,NaN,0.0,0.0,0.0,0.0,0.0,0.0
192481208,0.54066885,7409.7437,1058.4576,0.0,0.0,0.0,0.0,0.0,0.0,4486.5503,4492.3003,0.8214286,0.0,0.0,0.0,0.0,0.0,0.0
194830204,1813.6963,1909.2432,13.649553,0.0,0.0,0.0,0.0,0.0,0.0,1892.5831,2301.4033,58.402885,0.0,0.0,0.0,0.0,0.0,0.0
200334100,232633.27,NaN,NaN,0.0,0.0,0.0,0.0,0.0,0.0,1610.5688,NaN,NaN,0.0,0.0,0.0,0.0,0.0,0.0
20452C104,94.66184,NaN,NaN,0.0,0.0,0.0,0.0,0.0,0.0,40.561413,NaN,NaN,0.0,0.0,0.0,0.0,0.0,0.0
206814105,423.03296,864.62726,63.0849,0.0,0.0,0.0,0.0,0.0,0.0,16.430147,92.64093,10.887255,0.0,0.0,0.0,0.0,0.0,0.0
209232107,354.3689,658.6552,43.469475,0.0,0.0,0.0,0.0,0.0,0.0,329.0364,762.642,61.94366,0.0,0.0,0.0,0.0,0.0,0.0
21036U206,13.451296,91.98946,11.219739,1380.0726,NaN,NaN,NaN,12.237371,NaN,87.87254,10.459263,-11.059041,283.79312,NaN,NaN,NaN,1352.6724,NaN
21099Y004,2680.3596,1788.1055,-127.46488,2824.9236,799.5647,-168.7799,0.0,0.0,0.0,473.17258,387.05273,-12.3028345,492.46057,615.8194,10.279902,0.0,0.0,0.0
211496104,709.4749,NaN,NaN,0.0,0.0,0.0,0.0,0.0,0.0,123.40451,NaN,NaN,0.0,0.0,0.0,0.0,0.0,0.0
211914403,124.43659,346.02774,31.65588,0.0,0.0,0.0,0.0,0.0,0.0,24618.525,66192.82,5939.185,0.0,0.0,0.0,0.0,0.0,0.0
216245100,54.06895,91.30268,4.6542163,16.31192,100.7594,12.063926,28.92846,NaN,NaN,68.24414,115.960236,5.964512,90.00193,169.0252,11.28904,7508.327,NaN,NaN
218103109,9.640968,12.06855,0.3467974,0.0,0.0,0.0,0.0,0.0,0.0,49.35879,85.37056,5.1445384,0.0,0.0,0.0,0.0,0.0,0.0
22161G103,11.706267,240.34752,32.663036,0.0,0.0,0.0,0.0,0.0,0.0,4486.5503,4492.3003,0.8214286,0.0,0.0,0.0,0.0,0.0,0.0
222814204,11.925952,47298.594,6755.2383,0.0,0.0,0.0,NaN,6.640881,NaN,1115553.1,1589152.6,67657.07,0.0,0.0,0.0,NaN,735860.5,NaN
228439105,1523.494,777.55237,-106.563095,0.0,0.0,0.0,0.0,0.0,0.0,712.5809,286.08902,-60.927406,0.0,0.0,0.0,0.0,0.0,0.0
228622106,5.749761,NaN,NaN,0.0,0.0,0.0,0.0,0.0,0.0,17769.7,NaN,NaN,0.0,0.0,0.0,0.0,0.0,0.0
229070107,NaN,1682.358,NaN,9.326375,NaN,NaN,0.0,0.0,0.0,NaN,49.722237,NaN,61.66107,NaN,NaN,0.0,0.0,0.0
229241104,1200.7456,16727.244,1940.8123,0.0,0.0,0.0,12893.988,7.5841975,-1840.9149,1979.8665,1265.2751,-89.32391,0.0,0.0,0.0,948.6573,1518.6613,81.42914
126419100,438.72354,4661.6885,603.2807,0.0,0.0,0.0,0.0,0.0,0.0,3517.5627,54947.035,7347.0674,0.0,0.0,0.0,0.0,0.0,0.0
23380G106,2.0183666,7.1301336,0.7302524,0.0,0.0,0.0,0.0,0.0,0.0,253.03722,387.98248,19.277895,0.0,0.0,0.0,0.0,0.0,0.0
234050102,17.959501,1101.6006,154.80588,0.0,0.0,0.0,0.0,0.0,0.0,11863.106,12222.784,51.382534,0.0,0.0,0.0,0.0,0.0,0.0
234053106,54.72461,460.30585,57.940178,0.0,0.0,0.0,0.0,0.0,0.0,3865.6677,2166.871,-242.68523,0.0,0.0,0.0,0.0,0.0,0.0
235774106,446.31674,2260.5955,259.18268,0.0,0.0,0.0,0.0,0.0,0.0,49.67185,114.95824,9.326628,0.0,0.0,0.0,0.0,0.0,0.0
235825205,28238.834,178227.89,21427.01,0.0,0.0,0.0,0.0,0.0,0.0,2249.21,3108.784,122.79628,0.0,0.0,0.0,0.0,0.0,0.0
240028308,837.5464,4112.4795,467.8476,0.0,0.0,0.0,0.0,0.0,0.0,400.39224,451.34344,7.2787433,0.0,0.0,0.0,0.0,0.0,0.0
233162502,537.1434,7481.5317,992.0555,0.0,0.0,0.0,334.43658,308.41772,-3.71698,10463.259,6764.53,-528.38983,0.0,0.0,0.0,10662.505,3817.584,-977.8458
243458106,98.43444,6168.1904,867.108,0.0,0.0,0.0,0.0,0.0,0.0,90096.336,112808.98,3244.6628,0.0,0.0,0.0,0.0,0.0,0.0
247361702,63457.938,59799.93,-522.5726,0.0,0.0,0.0,205574.19,473369.06,38256.41,25132.07,32214.893,1011.8317,0.0,0.0,0.0,38747.047,34643.066,-586.2829
255374100,74.27815,730.5864,93.75832,0.0,0.0,0.0,0.0,0.0,0.0,381.56506,876.30634,70.67732,0.0,0.0,0.0,0.0,0.0,0.0
255402406,512.89154,218.38147,-42.07287,0.0,0.0,0.0,0.0,0.0,0.0,24011.361,17914.723,-870.94836,0.0,0.0,0.0,0.0,0.0,0.0
344822101,17.498106,815.72656,114.03264,585.8301,242.45293,-57.229523,83.10494,30.594624,-7.501474,12.449409,5.058714,-1.0558136,9.165067,9.931105,0.12767299,10.5039625,17.27319,0.96703243
261528301,NaN,541.0657,NaN,0.0,0.0,0.0,0.0,0.0,0.0,NaN,1513.656,NaN,0.0,0.0,0.0,0.0,0.0,0.0
262175102,416.90625,831.4017,59.21363,0.0,0.0,0.0,0.0,0.0,0.0,13699.503,24644.06,1563.5082,0.0,0.0,0.0,0.0,0.0,0.0
262497308,475.15903,355.8364,-17.046091,0.0,0.0,0.0,0.0,0.0,0.0,9066.006,11031.749,280.82047,0.0,0.0,0.0,0.0,0.0,0.0
265903104,28.957165,5276.7896,749.69037,0.0,0.0,0.0,0.0,0.0,0.0,2699.5654,3101.832,57.466656,0.0,0.0,0.0,0.0,0.0,0.0
267575108,231.01825,336.84167,15.117632,0.0,0.0,0.0,0.0,0.0,0.0,55.567364,11.560257,-6.2867293,0.0,0.0,0.0,0.0,0.0,0.0
269514204,17.734041,451.33975,61.943672,0.0,0.0,0.0,39.802402,NaN,NaN,30125.281,27527.717,-371.08063,0.0,0.0,0.0,35027.21,NaN,NaN
269524104,10.2000675,NaN,NaN,0.0,0.0,0.0,0.0,0.0,0.0,2032.2883,NaN,NaN,0.0,0.0,0.0,0.0,0.0,0.0
269803102,45.80618,364.65128,45.549297,135.30064,NaN,NaN,0.0,0.0,0.0,16261.181,18873.646,373.2094,11021.4375,NaN,NaN,0.0,0.0,0.0
071625107,452.38675,479.8986,3.930263,0.0,0.0,0.0,0.0,0.0,0.0,880.5934,205.57231,-96.43158,0.0,0.0,0.0,0.0,0.0,0.0
279862106,NaN,3627.8357,NaN,0.0,0.0,0.0,0.0,0.0,0.0,NaN,27592.5,NaN,0.0,0.0,0.0,0.0,0.0,0.0
280875303,1566.2705,2965.2493,199.85411,2.894426,NaN,NaN,46.263054,NaN,NaN,12.987609,8.477623,-0.6442837,1272.0939,NaN,NaN,51.697983,NaN,NaN
281067306,322.5801,1688.5065,195.13234,47.155148,NaN,NaN,57.567936,1.8485311,-7.959915,1601.014,2362.721,108.81527,1579.8866,NaN,NaN,982.8158,1226.5177,34.814556
26874E107,121.80062,1811.826,241.4322,0.0,0.0,0.0,0.0,0.0,0.0,697.98047,37.41921,-94.3659,0.0,0.0,0.0,0.0,0.0,0.0
291087203,5739.059,5988.138,35.58273,0.0,0.0,0.0,990.2996,611.0405,-54.17987,235625.45,220806.69,-2116.9666,0.0,0.0,0.0,136108.8,156248.1,2877.0425
29255U104,189.48187,18571.52,2626.0054,0.0,0.0,0.0,0.0,0.0,0.0,464.774,6.480517,-65.4705,0.0,0.0,0.0,0.0,0.0,0.0
535763106,NaN,2734.5437,NaN,0.0,0.0,0.0,0.0,0.0,0.0,NaN,1841.9052,NaN,0.0,0.0,0.0,0.0,0.0,0.0
57685E200,251.02162,395.6496,20.661139,0.0,0.0,0.0,0.0,0.0,0.0,376.4315,1260.0692,126.233955,0.0,0.0,0.0,0.0,0.0,0.0
295866107,54.935886,468.0785,59.020374,544.3976,NaN,NaN,0.0,0.0,0.0,2553.0854,3702.6345,164.2213,3902.6848,NaN,NaN,0.0,0.0,0.0
297862104,110.39244,903.9263,113.36198,0.0,0.0,0.0,0.0,0.0,0.0,376.73843,181.38441,-27.907717,0.0,0.0,0.0,0.0,0.0,0.0
299209106,1331.5675,4914.6484,511.8687,229.16138,NaN,NaN,0.0,0.0,0.0,30.105286,39.780308,1.382146,73.987526,NaN,NaN,0.0,0.0,0.0
300072105,606.3212,960.8181,50.642414,0.0,0.0,0.0,0.0,0.0,0.0,1317.8617,2326.078,144.03088,0.0,0.0,0.0,0.0,0.0,0.0
302051206,708.92896,9942.707,1319.1112,0.0,0.0,0.0,2964.8167,360.52698,-372.04135,111.24029,78.18021,-4.722869,0.0,0.0,0.0,425.28336,324.7199,-14.366206
302088109,2359.5217,36490.43,4875.8438,0.0,0.0,0.0,0.0,0.0,0.0,97617.055,38080.504,-8505.222,0.0,0.0,0.0,0.0,0.0,0.0
302723101,26.063824,36.140423,1.4395142,546.56146,NaN,NaN,0.0,0.0,0.0,129981.875,223069.73,13298.266,145472.02,NaN,NaN,0.0,0.0,0.0
303698104,648.5536,624.9143,-3.3770404,0.0,0.0,0.0,0.0,0.0,0.0,240.17735,480.5706,34.341892,0.0,0.0,0.0,0.0,0.0,0.0
305560302,138.8636,76309.25,10881.483,0.0,0.0,0.0,0.0,0.0,0.0,1721753.4,1497409.4,-32049.143,0.0,0.0,0.0,0.0,0.0,0.0
306075102,41.40348,635.4674,84.86627,0.0,0.0,0.0,0.0,0.0,0.0,NaN,363.17932,NaN,0.0,0.0,0.0,0.0,0.0,0.0
30701A106,169.01949,3344.163,453.59195,0.0,0.0,0.0,0.0,0.0,0.0,511.19855,666.0724,22.124834,0.0,0.0,0.0,0.0,0.0,0.0
313549404,8013.141,NaN,NaN,825.2344,NaN,NaN,6251.2188,4631.692,-231.36098,8783.098,NaN,NaN,2902.7092,NaN,NaN,6166.146,6136.047,-4.2998743
315646109,9.754894,28.127146,2.6246073,0.0,0.0,0.0,0.0,0.0,0.0,101888.9,115562.445,1953.3639,0.0,0.0,0.0,0.0,0.0,0.0
317832103,12.301686,18.26438,0.8518133,0.0,0.0,0.0,0.0,0.0,0.0,5538.898,3834.8728,-243.43216,0.0,0.0,0.0,0.0,0.0,0.0
317884203,765.51953,NaN,NaN,0.0,0.0,0.0,0.0,0.0,0.0,2326.0137,NaN,NaN,0.0,0.0,0.0,0.0,0.0,0.0
G3529X106,NaN,70683.85,NaN,0.0,0.0,0.0,0.0,0.0,0.0,NaN,1046378.56,NaN,0.0,0.0,0.0,0.0,0.0,0.0
339099103,192.92712,4949.025,679.4425,0.0,0.0,0.0,0.0,0.0,0.0,17.606716,NaN,NaN,0.0,0.0,0.0,0.0,0.0,0.0
339130106,1371.0995,1218.9525,-21.735281,0.0,0.0,0.0,0.0,0.0,0.0,421.10184,756.17334,47.86736,0.0,0.0,0.0,0.0,0.0,0.0
339756108,600.351,1557.9186,136.79536,0.0,0.0,0.0,0.0,0.0,0.0,2313.416,995.3332,-188.29753,0.0,0.0,0.0,0.0,0.0,0.0
34407T104,461.00406,385.10062,-10.8433485,0.0,0.0,0.0,0.0,0.0,0.0,28612.393,28611.219,-0.16768973,0.0,0.0,0.0,0.0,0.0,0.0
344123203,1454.2207,NaN,NaN,0.0,0.0,0.0,0.0,0.0,0.0,19.984207,NaN,NaN,0.0,0.0,0.0,0.0,0.0,0.0
344155205,352.74057,485.10245,18.90884,0.0,0.0,0.0,0.0,0.0,0.0,1451216.4,933485.8,-73961.51,0.0,0.0,0.0,0.0,0.0,0.0
345206205,NaN,317.9969,NaN,0.0,0.0,0.0,96.0443,NaN,NaN,NaN,6695.146,NaN,0.0,0.0,0.0,3652.891,NaN,NaN
34659D104,11.257507,22.209206,1.5645283,0.0,0.0,0.0,0.0,0.0,0.0,77.17969,48.06431,-4.15934,0.0,0.0,0.0,0.0,0.0,0.0
349841304,166.69713,2948.2542,397.3653,NaN,1421.7253,NaN,322.30237,68.69522,-36.22959,0.5183968,NaN,NaN,NaN,NaN,NaN,67.776184,79.9586,1.7403456
302543103,1702.4243,284.35034,-202.582,0.0,0.0,0.0,0.0,0.0,0.0,39.406925,125.043106,12.233741,0.0,0.0,0.0,0.0,0.0,0.0
358321206,3.4766123,197.26636,27.68425,476.34836,NaN,NaN,0.0,0.0,0.0,1413.2605,2109.013,99.3932,3045.1755,NaN,NaN,0.0,0.0,0.0
358430106,315.0379,3462.6006,449.65182,0.0,0.0,0.0,0.0,0.0,0.0,475.1264,682.5398,29.630484,0.0,0.0,0.0,0.0,0.0,0.0
359059102,445.8451,990.3862,77.79159,0.0,0.0,0.0,0.0,0.0,0.0,44779.23,39705.16,-724.8672,0.0,0.0,0.0,0.0,0.0,0.0
359076106,106.927315,NaN,NaN,0.0,0.0,0.0,0.0,0.0,0.0,578.3943,NaN,NaN,0.0,0.0,0.0,0.0,0.0,0.0
G3682L105,1181.4451,13768.929,1798.2119,32619.96,NaN,NaN,0.0,0.0,0.0,380.57126,4.555071,-53.716595,0.08958915,NaN,NaN,0.0,0.0,0.0
36352K103,21.710108,35.143272,1.9190235,0.0,0.0,0.0,0.0,0.0,0.0,120.7693,83.09257,-5.3823905,0.0,0.0,0.0,0.0,0.0,0.0
368145108,433.8237,9053.121,1231.3282,0.0,0.0,0.0,582.7556,363.73267,-31.288992,721.8923,534.3958,-26.785208,0.0,0.0,0.0,388.6834,423.5565,4.9818683
36155Q109,2.8664849,71.16137,9.756412,28.522236,NaN,NaN,0.0,0.0,0.0,85.5244,83.05356,-0.35297722,109.25587,NaN,NaN,0.0,0.0,0.0
37045V100,1642701.9,4168620.2,360845.5,NaN,8461920.0,NaN,569670.4,374742.78,-27846.799,1.554775E7,1.3696293E7,-264493.84,NaN,2.1012468E7,NaN,51148.51,96288.3,6448.5405
64015Y104,839.2231,19558.85,2674.2324,0.0,0.0,0.0,228.54639,1149.8015,131.60788,6877.7744,11970.331,727.5081,0.0,0.0,0.0,27488.293,2128.0896,-3622.8862
372257105,NaN,3699.479,NaN,0.0,0.0,0.0,229.69774,NaN,NaN,NaN,10081.443,NaN,0.0,0.0,0.0,3403.6685,NaN,NaN
372282103,34.171482,991.3186,136.7353,0.0,0.0,0.0,0.0,0.0,0.0,13157.856,13549.957,56.01437,0.0,0.0,0.0,0.0,0.0,0.0
37245X203,368.91357,10570.708,1457.3993,0.0,0.0,0.0,0.0,0.0,0.0,7829.4644,8084.662,36.45682,0.0,0.0,0.0,0.0,0.0,0.0
37248E202,40014.57,16793.393,-3317.311,0.0,0.0,0.0,0.0,0.0,0.0,20726.717,29870.21,1306.2135,0.0,0.0,0.0,0.0,0.0,0.0
373654102,477.74252,1529.6782,150.27652,0.0,0.0,0.0,0.0,0.0,0.0,75775.41,161692.39,12273.8545,0.0,0.0,0.0,0.0,0.0,0.0
G3930E101,NaN,23990.705,NaN,NaN,302.29315,NaN,1037.2059,738.427,-42.682705,NaN,742.9561,NaN,NaN,1790.8508,NaN,636.7851,397.3794,-34.200813
37941P306,362.28708,NaN,NaN,0.0,0.0,0.0,0.0,0.0,0.0,441.3167,NaN,NaN,0.0,0.0,0.0,0.0,0.0,0.0
37936U104,8225.562,4733.996,-498.79507,0.0,0.0,0.0,0.0,0.0,0.0,1282873.1,1451215.8,24048.947,0.0,0.0,0.0,0.0,0.0,0.0
64050T101,43.97745,128.28096,12.043359,0.0,0.0,0.0,0.0,0.0,0.0,78203.16,24011.361,-7741.685,0.0,0.0,0.0,0.0,0.0,0.0
380804203,NaN,3641.8545,NaN,0.0,0.0,0.0,0.0,0.0,0.0,NaN,8897.057,NaN,0.0,0.0,0.0,0.0,0.0,0.0
383485109,11.091833,NaN,NaN,0.0,0.0,0.0,0.0,0.0,0.0,47221.957,NaN,NaN,0.0,0.0,0.0,0.0,0.0,0.0
384632105,673.3837,NaN,NaN,0.0,0.0,0.0,0.0,0.0,0.0,21.064373,NaN,NaN,0.0,0.0,0.0,0.0,0.0,0.0
386532402,55.991375,1713.8695,236.83974,0.0,0.0,0.0,110.46622,88.661964,-3.1148932,20988.15,23413.426,346.46793,0.0,0.0,0.0,30254.46,44719.363,2066.4146
390064103,425.51288,3152.3662,389.55048,0.0,0.0,0.0,607.3422,708.4316,14.441337,50520.168,39116.348,-1629.1172,0.0,0.0,0.0,491.50128,462.41675,-4.1549335
36191C205,NaN,4709.0264,NaN,0.0,0.0,0.0,0.0,0.0,0.0,NaN,1042.5536,NaN,0.0,0.0,0.0,0.0,0.0,0.0
361942105,306.74908,567.0698,37.18868,0.0,0.0,0.0,0.0,0.0,0.0,486279.47,1052590.2,80901.54,0.0,0.0,0.0,0.0,0.0,0.0
401794201,126.3429,3175.2358,435.55612,0.0,0.0,0.0,0.0,0.0,0.0,0.08728738,0.08355504,-5.331912E-4,0.0,0.0,0.0,0.0,0.0,0.0
047620109,14.76472,242.49443,32.532814,791.77014,NaN,NaN,0.0,0.0,0.0,1458.5369,1024.212,-62.046406,1976.1615,NaN,NaN,0.0,0.0,0.0
404429102,117.447296,2750.2593,376.116,0.0,0.0,0.0,0.0,0.0,0.0,28.769657,116.948654,12.597,0.0,0.0,0.0,0.0,0.0,0.0
481165108,4583.835,4303.2725,-40.080357,4215.1504,NaN,NaN,55.473366,219.16563,23.38461,NaN,NaN,NaN,NaN,NaN,NaN,NaN,NaN,NaN
417119104,420.76236,121.01468,-42.8211,0.0,0.0,0.0,314.17154,311.06326,-0.4440395,240.17735,480.57053,34.34188,0.0,0.0,0.0,34.826946,26.191006,-1.2337058
417434503,12.754355,6.6843376,-0.8671454,0.0,0.0,0.0,22.190643,NaN,NaN,151.7787,361.83765,30.00842,0.0,0.0,0.0,111.28182,NaN,NaN
419879101,281.0159,76.5364,-29.211355,0.0,0.0,0.0,288.2784,536.3218,35.434765,49309.19,33269.066,-2291.4465,0.0,0.0,0.0,43597.83,42534.902,-151.84654
420781304,1157.052,12084.046,1560.9991,0.0,0.0,0.0,416.59256,220.0398,-28.078966,3324.1008,6228.3164,414.88794,0.0,0.0,0.0,2221.176,2328.046,15.267125
670198100,17.152353,1473.2787,208.01805,0.0,0.0,0.0,10.856046,11.786102,0.13286522,51783.484,39117.477,-1809.4297,0.0,0.0,0.0,58386.33,47740.984,-1520.7634
422660936,2877.6174,NaN,NaN,0.0,0.0,0.0,0.0,0.0,0.0,2069.1777,NaN,NaN,0.0,0.0,0.0,0.0,0.0,0.0
422893107,13168.948,2083.057,-1583.6989,0.0,0.0,0.0,0.0,0.0,0.0,43.375187,195.06044,21.669323,0.0,0.0,0.0,0.0,0.0,0.0
428291108,156.2877,331.86484,25.082447,118.294914,62.82649,-11.093685,18.601366,507.2885,69.81245,11739.157,33023.676,3040.6458,27775.994,22424.781,-1070.2426,20856.12,27056.283,885.73773
430771105,403.96875,1543.4307,162.78027,0.0,0.0,0.0,0.0,0.0,0.0,473.0038,751.26843,39.752087,0.0,0.0,0.0,0.0,0.0,0.0
431692102,2757.4678,3601.0676,120.51427,548.01807,91.41688,-45.66012,195.07544,293.79367,14.102605,10379.41,22819.822,1777.2018,35848.766,120804.195,8495.543,223069.73,145471.97,-11085.3955
433245107,694.4347,NaN,NaN,0.0,0.0,0.0,0.0,0.0,0.0,134.55177,NaN,NaN,0.0,0.0,0.0,0.0,0.0,0.0
441759107,967.4397,1334.0109,52.36731,NaN,8.923126,NaN,137.86932,NaN,NaN,16.294203,113.6801,13.912271,NaN,800.00214,NaN,919.63684,NaN,NaN
404269201,NaN,53.904793,NaN,16.024689,16.205143,0.03609085,55.152573,NaN,NaN,NaN,67086.62,NaN,71.653496,136.77968,13.025236,100.191185,NaN,NaN
444356109,475.36246,NaN,NaN,0.0,0.0,0.0,0.0,0.0,0.0,753.77734,NaN,NaN,0.0,0.0,0.0,0.0,0.0,0.0
81169P101,83.87385,2552.604,352.67575,0.0,0.0,0.0,NaN,240.29071,NaN,2172.264,3294.2322,160.28117,0.0,0.0,0.0,NaN,13448.142,NaN
868447103,3432.2854,6495.9795,437.6706,0.0,0.0,0.0,NaN,198.18947,NaN,195799.55,187494.28,-1186.4666,0.0,0.0,0.0,NaN,39836.074,NaN
45255G101,136.70642,184.65088,6.8492084,0.0,0.0,0.0,0.0,0.0,0.0,856.718,776.1347,-11.511902,0.0,0.0,0.0,0.0,0.0,0.0
453096208,263.7945,7862.9517,1085.5939,0.0,0.0,0.0,NaN,170.6428,NaN,18290.69,37188.527,2699.6912,0.0,0.0,0.0,NaN,22356.734,NaN
45321T202,1967.9313,35646.234,4811.1865,0.0,0.0,0.0,0.0,0.0,0.0,3266.357,21136.195,2552.834,0.0,0.0,0.0,0.0,0.0,0.0
45772G105,6.6712527,4.94637,-0.2464118,0.0,0.0,0.0,0.0,0.0,0.0,7785.427,3000.885,-683.506,0.0,0.0,0.0,0.0,0.0,0.0
45811E301,589.5423,2265.7644,239.46031,0.0,0.0,0.0,0.15735285,NaN,NaN,376.20142,137.90454,-34.04241,0.0,0.0,0.0,403.89957,NaN,NaN
45812C106,1124.0441,64871.887,9106.835,0.0,0.0,0.0,0.0,0.0,0.0,1096.8358,3177.637,297.25732,0.0,0.0,0.0,0.0,0.0,0.0
45881K104,22.365686,199.0639,25.242601,0.0,0.0,0.0,0.0,0.0,0.0,NaN,NaN,NaN,0.0,0.0,0.0,0.0,0.0,0.0
45950T101,106.54274,2346.754,320.03018,0.0,0.0,0.0,0.0,0.0,0.0,263.39612,406.9876,20.513071,0.0,0.0,0.0,0.0,0.0,0.0
46072H108,1213.7026,5397.2817,597.6542,0.0,0.0,0.0,0.0,0.0,0.0,483.9232,57.961044,-60.851738,0.0,0.0,0.0,0.0,0.0,0.0
45031T872,76.43367,233.95525,22.503082,6667.5024,NaN,NaN,NaN,544.2677,NaN,1578138.9,1046378.5,-75965.766,915315.94,NaN,NaN,NaN,617630.2,NaN
469834105,10.415465,325.51724,45.014538,0.0,0.0,0.0,0.0,0.0,0.0,174483.38,167839.95,-949.06024,0.0,0.0,0.0,0.0,0.0,0.0
470737107,252.83205,360.85962,15.43251,19.531706,18.77921,-0.15049934,0.0,0.0,0.0,40935.39,119095.86,11165.781,155698.77,304535.12,29767.271,0.0,0.0,0.0
46611Q403,15.8284855,655.8876,91.43701,0.0,0.0,0.0,0.0,0.0,0.0,670.0236,1733.1632,151.87709,0.0,0.0,0.0,0.0,0.0,0.0
477066203,58.18613,NaN,NaN,0.0,0.0,0.0,0.0,0.0,0.0,7.97642,NaN,NaN,0.0,0.0,0.0,0.0,0.0,0.0
481386100,1.8759997,32.99248,4.445212,0.0,0.0,0.0,0.0,0.0,0.0,919.63684,2519.907,228.61002,0.0,0.0,0.0,0.0,0.0,0.0
48213P106,1148.5862,134.57747,-144.85838,0.0,0.0,0.0,0.0,0.0,0.0,217.608,3403.4268,455.11697,0.0,0.0,0.0,0.0,0.0,0.0
29084Q100,6388.1953,14433.776,1149.3688,0.0,0.0,0.0,NaN,129.66739,NaN,2.6730003,5.986147,0.47330666,0.0,0.0,0.0,NaN,17.400581,NaN
483007704,NaN,7820.6587,NaN,0.0,0.0,0.0,NaN,88.67262,NaN,NaN,83008.78,NaN,0.0,0.0,0.0,NaN,153087.7,NaN
485808109,859.9617,NaN,NaN,0.0,0.0,0.0,0.0,0.0,0.0,194357.83,NaN,NaN,0.0,0.0,0.0,0.0,0.0,0.0
482434206,NaN,6949.4087,NaN,1679.0488,NaN,NaN,NaN,1396.5419,NaN,NaN,1795.4552,NaN,2384.0671,NaN,NaN,NaN,12784.391,NaN
482455102,NaN,214.83138,NaN,0.0,0.0,0.0,0.0,0.0,0.0,NaN,67087.01,NaN,0.0,0.0,0.0,0.0,0.0,0.0
488035106,740.60034,1737.5709,142.42436,0.0,0.0,0.0,0.0,0.0,0.0,107.75086,124.7651,2.4306052,0.0,0.0,0.0,0.0,0.0,0.0
492716105,30.466034,93.42731,8.994468,0.0,0.0,0.0,0.0,0.0,0.0,4.5696926,2.1727371,-0.34242222,0.0,0.0,0.0,0.0,0.0,0.0
494521305,15321.864,14679.147,-91.81669,0.0,0.0,0.0,62.2323,20.85492,-5.911054,1.5599967,0.66306657,-0.12813288,0.0,0.0,0.0,2.0451267,3.2947075,0.17851155
498326206,145.99385,136.91956,-1.2963278,0.0,0.0,0.0,0.0,0.0,0.0,257.51883,273.46567,2.2781198,0.0,0.0,0.0,0.0,0.0,0.0
812350106,16536.854,84935.88,9771.29,23317.078,NaN,NaN,2909.127,1154.5834,-250.64908,4027.1753,4230.2397,29.009207,5604.242,NaN,NaN,356793.2,15143.14,-48807.152
500453204,9899.509,11927.6875,289.7398,0.0,0.0,0.0,197.05972,259.0558,8.856581,502.63425,410.2618,-13.196062,0.0,0.0,0.0,80.75211,NaN,NaN
505606103,6.41461,219.7726,30.479712,0.0,0.0,0.0,0.0,0.0,0.0,11961.725,8833.121,-446.94336,0.0,0.0,0.0,0.0,0.0,0.0
51808R206,2413.4714,NaN,NaN,0.0,0.0,0.0,0.0,0.0,0.0,87167.61,NaN,NaN,0.0,0.0,0.0,0.0,0.0,0.0
521863308,862.00977,33669.05,4686.7197,0.0,0.0,0.0,NaN,173.9979,NaN,1777288.0,1175882.2,-85915.11,0.0,0.0,0.0,NaN,1606298.8,NaN
521865204,4056.1023,78500.445,10634.906,0.0,0.0,0.0,NaN,441.21185,NaN,12436.051,23064.664,1518.3733,0.0,0.0,0.0,NaN,7621.384,NaN
521098202,1560.5161,NaN,NaN,0.0,0.0,0.0,0.0,0.0,0.0,31.821545,NaN,NaN,0.0,0.0,0.0,0.0,0.0,0.0
526262100,421.90967,381.81326,-5.728058,0.0,0.0,0.0,0.0,0.0,0.0,NaN,NaN,NaN,0.0,0.0,0.0,0.0,0.0,0.0
B5628B104,562.4739,10941.203,1482.6757,0.0,0.0,0.0,0.0,0.0,0.0,1502.0938,1956.6261,64.93319,0.0,0.0,0.0,0.0,0.0,0.0
527016109,865.0737,2763.5857,271.216,2.383084,NaN,NaN,0.27043045,14.136593,1.9808804,3165.9014,2608.1106,-79.684395,3685.9038,NaN,NaN,13421.401,19105.436,812.0049
527482103,1015.76166,2569.9058,222.02058,0.0,0.0,0.0,0.0,0.0,0.0,146.24713,240.71417,13.495292,0.0,0.0,0.0,0.0,0.0,0.0
530129204,9.936685,NaN,NaN,0.0,0.0,0.0,0.0,0.0,0.0,3447.1184,NaN,NaN,0.0,0.0,0.0,0.0,0.0,0.0
536257108,353.18277,380.52518,3.906058,295.7676,NaN,NaN,18.957796,2.6936786,-2.3234456,23980.205,63254.94,5610.6763,27627.625,NaN,NaN,3779.343,3622.1719,-22.45302
538032400,742.2459,978.99677,33.821552,0.0,0.0,0.0,361.7618,341.63083,-2.8758545,803.9981,958.4513,22.064741,0.0,0.0,0.0,21.133091,25.849234,0.67373466
54021P403,829.195,4437.5703,515.4822,0.0,0.0,0.0,62.86147,141.9811,11.302804,13247.026,8991.362,-607.952,0.0,0.0,0.0,9041.094,9451.792,58.671177
014383103,2535.1096,28022.484,3641.0535,1578.1588,NaN,NaN,964.4178,572.4401,-55.996807,1730.2733,1750.356,2.8689487,6609.538,NaN,NaN,3096.0999,1997.52,-156.93997
540423100,137.55533,16297.609,2308.579,0.0,0.0,0.0,0.0,0.0,0.0,83.69094,93.935814,1.4635533,0.0,0.0,0.0,0.0,0.0,0.0
542290408,515.50745,1014.3911,71.2691,30.619925,35.265263,0.3573337,0.0,0.0,0.0,1721.0227,3570.913,264.27005,1130.7981,1311.3298,13.887056,0.0,0.0,0.0
543881106,27849.195,37705.715,1408.0742,0.0,0.0,0.0,0.0,0.0,0.0,109431.63,79946.66,-4212.1396,0.0,0.0,0.0,0.0,0.0,0.0
501921100,NaN,2007.2816,NaN,848.4195,333.21072,-19.081804,208.98686,266.77298,8.255159,NaN,18301.8,NaN,597.00183,980.51324,14.204126,980.72345,11261.348,1468.6605
552078107,52346.0,NaN,NaN,0.0,0.0,0.0,0.0,0.0,0.0,3610.1792,NaN,NaN,0.0,0.0,0.0,0.0,0.0,0.0
559211305,3809.161,1427.0576,-340.30048,0.0,0.0,0.0,0.0,0.0,0.0,29.94408,920.4316,127.2125,0.0,0.0,0.0,0.0,0.0,0.0
478129109,NaN,703.02844,NaN,0.0,0.0,0.0,0.0,0.0,0.0,NaN,139.77048,NaN,0.0,0.0,0.0,0.0,0.0,0.0
566244109,NaN,1302.0043,NaN,0.0,0.0,0.0,0.0,0.0,0.0,NaN,34.712807,NaN,0.0,0.0,0.0,0.0,0.0,0.0
568695209,NaN,26.605743,NaN,852.3887,96.997856,-62.949234,0.0,0.0,0.0,NaN,3723.144,NaN,2930.9368,1527.1821,-116.97955,0.0,0.0,0.0
573913100,704.4548,14745.394,2005.8484,3761.4678,NaN,NaN,17860.207,NaN,NaN,241.86815,307.7452,9.411009,205.46,NaN,NaN,461.9024,NaN,NaN
582266706,4558.174,157193.0,21804.975,0.0,0.0,0.0,0.0,0.0,0.0,683246.75,1209621.2,75196.36,0.0,0.0,0.0,0.0,0.0,0.0
55270M108,64.61468,2.4960525,-8.874089,0.0,0.0,0.0,0.0,0.0,0.0,1971.7172,1069.6241,-128.87044,0.0,0.0,0.0,0.0,0.0,0.0
58461Q409,625.2862,NaN,NaN,0.0,0.0,0.0,0.0,0.0,0.0,172.4983,NaN,NaN,0.0,0.0,0.0,0.0,0.0,0.0
584951107,8.660914,31.066717,3.200829,0.0,0.0,0.0,0.0,0.0,0.0,5729.918,11537.907,829.71277,0.0,0.0,0.0,0.0,0.0,0.0
590436101,14.422141,1908.9845,270.65176,155.00421,NaN,NaN,0.0,0.0,0.0,1398.5024,1126.9603,-38.79173,871.12714,NaN,NaN,0.0,0.0,0.0
590479101,1824.559,3114.7258,184.30956,0.0,0.0,0.0,0.0,0.0,0.0,35249.66,34308.31,-134.47879,0.0,0.0,0.0,0.0,0.0,0.0
591324207,150.19044,3550.8672,485.81097,0.0,0.0,0.0,4.4253125,40.11949,5.0991683,380.44916,221.62698,-22.688883,0.0,0.0,0.0,188.42079,565.01447,53.7991
591596101,99.928314,17.259003,-11.809901,0.0,0.0,0.0,0.0,0.0,0.0,2.4326513,5.6050963,0.45320645,0.0,0.0,0.0,0.0,0.0,0.0
00374N107,2609.271,919.86536,-241.34366,0.0,0.0,0.0,0.0,0.0,0.0,3266.357,21136.19,2552.8333,0.0,0.0,0.0,0.0,0.0,0.0
552813107,3929.1484,7524.133,513.5692,0.0,0.0,0.0,0.0,0.0,0.0,3163.615,2854.154,-44.208706,0.0,0.0,0.0,0.0,0.0,0.0
594517104,466.3967,1426.8615,137.20924,0.0,0.0,0.0,0.0,0.0,0.0,79.96638,98.93042,2.709149,0.0,0.0,0.0,0.0,0.0,0.0
598126100,43.208984,525.87787,68.9527,0.0,0.0,0.0,0.0,0.0,0.0,44116.836,43896.88,-31.422434,0.0,0.0,0.0,0.0,0.0,0.0
598130102,210.95177,526.91376,45.137424,72.8779,NaN,NaN,0.0,0.0,0.0,2351.9763,5081.4707,389.92776,5024.8535,NaN,NaN,0.0,0.0,0.0
598709301,311.20325,NaN,NaN,0.0,0.0,0.0,0.0,0.0,0.0,10250.559,NaN,NaN,0.0,0.0,0.0,0.0,0.0,0.0
603669102,41.85242,3722.1982,460.0432,0.0,0.0,0.0,0.0,0.0,0.0,102.14377,222.5979,15.0567665,0.0,0.0,0.0,0.0,0.0,0.0
605288208,2312.447,2764.6614,64.60205,0.0,0.0,0.0,0.0,0.0,0.0,30341.906,17196.732,-1877.882,0.0,0.0,0.0,0.0,0.0,0.0
553100108,71.07388,147.70955,10.947952,22.423094,NaN,NaN,0.0,0.0,0.0,24.395203,18.308775,-0.86948967,1.7279344,NaN,NaN,0.0,0.0,0.0
607415106,811.3065,20404.135,2798.9753,0.0,0.0,0.0,0.0,0.0,0.0,61693.07,75891.664,2028.3705,0.0,0.0,0.0,0.0,0.0,0.0
60886R103,83.80329,1380.5581,185.25069,0.0,0.0,0.0,0.0,0.0,0.0,1.5953089E7,1.27888E7,-452041.28,0.0,0.0,0.0,0.0,0.0,0.0
618447106,4184.495,6366.9624,311.78104,0.0,0.0,0.0,0.0,0.0,0.0,21.066072,11.152074,-1.4162855,0.0,0.0,0.0,0.0,0.0,0.0
624581203,8769.286,15116.173,906.6981,0.0,0.0,0.0,0.0,0.0,0.0,3282.6296,4441.3853,165.53651,0.0,0.0,0.0,0.0,0.0,0.0
553166109,193.04517,1042.9985,121.42191,0.0,0.0,0.0,0.0,0.0,0.0,4718.4155,8673.593,565.0253,0.0,0.0,0.0,0.0,0.0,0.0
62473L309,198.14961,253.55255,7.9147058,0.0,0.0,0.0,NaN,2.7928834,NaN,1578138.9,1046378.5,-75965.766,0.0,0.0,0.0,NaN,683246.9,NaN
635570500,242.97845,190.04742,-7.561576,415.8348,NaN,NaN,52.650974,50.27217,-0.33982903,3028.417,3953.8147,132.19968,3273.4016,NaN,NaN,14871.071,4751.471,-1445.6571
635812209,NaN,1117.3014,NaN,0.0,0.0,0.0,0.0,0.0,0.0,NaN,5334.761,NaN,0.0,0.0,0.0,0.0,0.0,0.0
640820106,68.44929,37.00489,-4.492057,0.0,0.0,0.0,0.0,0.0,0.0,1881.1874,3872.2048,284.43106,0.0,0.0,0.0,0.0,0.0,0.0
64122D506,465.22137,3363.847,414.08936,0.0,0.0,0.0,0.0,0.0,0.0,1540039.1,1228320.9,-44531.18,0.0,0.0,0.0,0.0,0.0,0.0
641881107,4.036005,542.16296,76.87528,0.0,0.0,0.0,0.0,0.0,0.0,1747.2369,3244.6216,213.9121,0.0,0.0,0.0,0.0,0.0,0.0
655053106,308.84705,468.4027,22.793667,0.0,0.0,0.0,0.0,0.0,0.0,325.51904,592.06885,38.078545,0.0,0.0,0.0,0.0,0.0,0.0
656568508,57417.207,6708.09,-7244.1597,0.0,0.0,0.0,3697.8,897.07465,-400.1036,62816.1,178536.53,16531.49,0.0,0.0,0.0,16.144567,19.892101,0.53536195
666610100,40.514977,174.8337,19.188389,0.0,0.0,0.0,0.0,0.0,0.0,557.14307,3037.179,354.29083,0.0,0.0,0.0,0.0,0.0,0.0
667280408,36066.434,31791.1,-610.762,0.0,0.0,0.0,65570.055,NaN,NaN,25132.07,32214.889,1011.8312,0.0,0.0,0.0,38747.047,NaN,NaN
668367204,9.130556,NaN,NaN,0.0,0.0,0.0,0.0,0.0,0.0,11512.202,NaN,NaN,0.0,0.0,0.0,0.0,0.0,0.0
67019U101,NaN,11162.124,NaN,0.0,0.0,0.0,0.0,0.0,0.0,NaN,1296945.6,NaN,0.0,0.0,0.0,0.0,0.0,0.0
69367F108,1569.0089,1647659.1,235155.73,0.0,0.0,0.0,0.0,0.0,0.0,1578138.9,1046378.56,-75965.76,0.0,0.0,0.0,0.0,0.0,0.0
669935108,14.809957,2019.1475,286.33392,0.0,0.0,0.0,0.0,0.0,0.0,33419.27,49269.55,2264.326,0.0,0.0,0.0,0.0,0.0,0.0
674098207,1504.6621,331.74268,-167.55992,0.0,0.0,0.0,0.0,0.0,0.0,3872.8586,61.278862,-544.5114,0.0,0.0,0.0,0.0,0.0,0.0
67083Q101,376.11038,NaN,NaN,0.0,0.0,0.0,0.0,0.0,0.0,26.55416,NaN,NaN,0.0,0.0,0.0,0.0,0.0,0.0
677007205,6.7452316,1226.3889,174.23482,0.0,0.0,0.0,0.0,0.0,0.0,606.05304,2187.0354,225.85463,0.0,0.0,0.0,0.0,0.0,0.0
682505102,4219.791,NaN,NaN,0.0,0.0,0.0,0.0,0.0,0.0,126.54109,NaN,NaN,0.0,0.0,0.0,0.0,0.0,0.0
686285503,191.33278,172.47258,-2.6943142,0.0,0.0,0.0,0.0,0.0,0.0,823.44165,635.92346,-26.788313,0.0,0.0,0.0,0.0,0.0,0.0
686588104,7.9637523,NaN,NaN,0.0,0.0,0.0,0.0,0.0,0.0,10868.874,NaN,NaN,0.0,0.0,0.0,0.0,0.0,0.0
690020102,NaN,1288.4875,NaN,0.0,0.0,0.0,0.0,0.0,0.0,NaN,4150.85,NaN,0.0,0.0,0.0,0.0,0.0,0.0
690742101,4378.7344,33908.004,4218.4673,3433.432,NaN,NaN,31882.951,2966.2427,-4130.9585,353.70502,30.811178,-46.12769,7.315069,NaN,NaN,6.943753,11.505609,0.6516937
694327107,106.8912,739.3525,90.351616,0.0,0.0,0.0,0.0,0.0,0.0,731402.1,1282873.1,78781.57,0.0,0.0,0.0,0.0,0.0,0.0
695542100,NaN,131122.11,NaN,0.0,0.0,0.0,0.0,0.0,0.0,NaN,959929.9,NaN,0.0,0.0,0.0,0.0,0.0,0.0
696639103,606.3413,555.8791,-7.2088885,0.0,0.0,0.0,0.0,0.0,0.0,14.524171,0.8715499,-1.9503745,0.0,0.0,0.0,0.0,0.0,0.0
697757102,10267.62,59261.926,6999.1865,17517.137,NaN,NaN,0.0,0.0,0.0,2351.9763,5081.4707,389.92776,5024.8535,NaN,NaN,0.0,0.0,0.0
698891108,204.11171,11423.928,1602.8309,0.0,0.0,0.0,0.0,0.0,0.0,17183.762,14076.15,-443.9445,0.0,0.0,0.0,0.0,0.0,0.0
69912K206,124.53711,131.77217,1.0335802,23.906668,NaN,NaN,0.0,0.0,0.0,4817.6465,7700.0586,411.77316,6676.821,NaN,NaN,0.0,0.0,0.0
704378405,571.1158,598.74945,3.9476666,0.0,0.0,0.0,0.0,0.0,0.0,1186.9503,1523.4117,48.065918,0.0,0.0,0.0,0.0,0.0,0.0
70556K106,90.00582,3983.5117,556.21515,0.0,0.0,0.0,0.0,0.0,0.0,870.603,1056.8103,26.60104,0.0,0.0,0.0,0.0,0.0,0.0
707832309,161.42017,949.4435,112.57476,0.0,0.0,0.0,138.24265,157.11055,2.695415,31211.459,39890.695,1239.8909,0.0,0.0,0.0,39186.93,37243.01,-277.70258
709620108,627.24786,632.5081,0.75146484,0.0,0.0,0.0,0.0,0.0,0.0,4.240532,18.057383,1.9738358,0.0,0.0,0.0,0.0,0.0,0.0
71366Q200,139.00914,12256.138,1731.0184,0.0,0.0,0.0,0.0,0.0,0.0,1817.6362,2472.556,93.55995,0.0,0.0,0.0,0.0,0.0,0.0
716769203,3.2920206,278.0053,39.244755,0.020713754,NaN,NaN,34.815166,39.887268,0.72458595,18.545225,16.212442,-0.33325467,40.816677,NaN,NaN,144.98283,127.47949,-2.5004773
717113203,53.039215,49.481995,-0.50817436,0.0,0.0,0.0,0.0,0.0,0.0,16799.426,31052.82,2036.1992,0.0,0.0,0.0,0.0,0.0,0.0
719151102,243.71309,374.66846,18.70791,0.0,0.0,0.0,0.0,0.0,0.0,5510.0244,5965.4688,65.06348,0.0,0.0,0.0,0.0,0.0,0.0
72147K108,176.40019,20141.303,2852.129,0.0,0.0,0.0,NaN,7541.6953,NaN,19.754032,19.340921,-0.059015818,0.0,0.0,0.0,NaN,138.93301,NaN
721506103,126.5671,2961.8877,405.0458,0.0,0.0,0.0,0.0,0.0,0.0,0.18831937,0.19870758,0.00148403,0.0,0.0,0.0,0.0,0.0,0.0
723643300,54.97156,3634.498,511.3609,0.0,0.0,0.0,0.0,0.0,0.0,14302.929,9140.113,-737.54504,0.0,0.0,0.0,0.0,0.0,0.0
72702Q102,85.66869,10071.962,1426.6133,0.0,0.0,0.0,0.0,0.0,0.0,4791.758,8806.52,573.5374,0.0,0.0,0.0,0.0,0.0,0.0
731095105,7733.848,19805.523,1724.5251,0.0,0.0,0.0,0.0,0.0,0.0,72545.586,76758.01,601.77454,0.0,0.0,0.0,0.0,0.0,0.0
731745204,547.80023,14270.824,1960.432,0.0,0.0,0.0,0.0,0.0,0.0,1619.2502,246.76706,-196.06902,0.0,0.0,0.0,0.0,0.0,0.0
732827100,346.06943,2043.109,242.43422,0.0,0.0,0.0,0.0,0.0,0.0,1455.0444,773.59625,-97.34974,0.0,0.0,0.0,0.0,0.0,0.0
741016307,33.318775,NaN,NaN,0.0,0.0,0.0,0.0,0.0,0.0,1226.5177,NaN,NaN,0.0,0.0,0.0,0.0,0.0,0.0
741917108,374.91983,5365.4277,712.9297,NaN,67.27026,NaN,358.92798,324.743,-4.883567,198.60178,381.5651,26.137617,NaN,3611.7546,NaN,1167.6016,675.6237,-70.28255
74342L105,146.24915,2109.9885,280.5342,0.0,0.0,0.0,0.0,0.0,0.0,12.909238,51.31532,5.486583,0.0,0.0,0.0,0.0,0.0,0.0
74437C101,3442.456,428630.62,60741.164,0.0,0.0,0.0,0.0,0.0,0.0,112746.95,57045.473,-7957.3545,0.0,0.0,0.0,0.0,0.0,0.0
747275105,195.78502,NaN,NaN,0.0,0.0,0.0,0.0,0.0,0.0,847.4957,NaN,NaN,0.0,0.0,0.0,0.0,0.0,0.0
749361200,2065.2385,68120.664,9436.489,0.0,0.0,0.0,72.99799,NaN,NaN,152721.45,262428.97,15672.502,0.0,0.0,0.0,271582.94,NaN,NaN
749412102,2744.5566,1522.606,-174.56438,0.0,0.0,0.0,0.0,0.0,0.0,139.11143,76.94761,-8.880547,0.0,0.0,0.0,0.0,0.0,0.0
756268108,90.36597,285.61954,27.893368,0.0,0.0,0.0,0.0,0.0,0.0,237053.6,172648.19,-9200.772,0.0,0.0,0.0,0.0,0.0,0.0
756285102,42.61655,1845.7438,257.5896,0.0,0.0,0.0,0.0,0.0,0.0,104.49597,67.38208,-5.3019843,0.0,0.0,0.0,0.0,0.0,0.0
757209507,1140.7714,17238.307,2299.648,0.0,0.0,0.0,0.55931413,67.53883,9.568503,49251.51,73844.625,3513.302,0.0,0.0,0.0,107550.086,88757.49,-2684.6562
398189100,15.194523,6160.483,877.8984,0.0,0.0,0.0,0.10671927,3.3426423,0.46227473,250.27654,233.92717,-2.3356235,0.0,0.0,0.0,706.684,278.84402,-61.12
761406107,NaN,68.08936,NaN,11.517176,4.3092794,-0.6552633,64.417046,NaN,NaN,NaN,48988.676,NaN,4502.307,7974.7056,315.67258,6644.087,NaN,NaN
762430205,11.563889,3.0675218,-1.2137667,0.0,0.0,0.0,0.0,0.0,0.0,97617.055,38080.51,-8505.221,0.0,0.0,0.0,0.0,0.0,0.0
779088103,1947.8456,NaN,NaN,0.0,0.0,0.0,0.0,0.0,0.0,9858.91,NaN,NaN,0.0,0.0,0.0,0.0,0.0,0.0
G7702U102,874.43555,1226.3103,50.267822,0.0,0.0,0.0,0.0,0.0,0.0,944984.44,1540039.1,85007.81,0.0,0.0,0.0,0.0,0.0,0.0
794004200,311.29227,1975.3627,237.72435,NaN,67.95294,NaN,329.26178,543.05994,30.542593,89.99094,197.62299,15.376007,NaN,47.774338,NaN,59.81592,90.00664,4.312959
795872100,NaN,748.0914,NaN,0.0,0.0,0.0,0.0,0.0,0.0,NaN,4871.303,NaN,0.0,0.0,0.0,0.0,0.0,0.0
811371707,2099.5588,NaN,NaN,0.0,0.0,0.0,0.0,0.0,0.0,39087.094,NaN,NaN,0.0,0.0,0.0,0.0,0.0,0.0
817587108,7053.211,10429.656,482.34933,11412.55,NaN,NaN,0.0,0.0,0.0,1580.1638,1222.7179,-51.0637,769.4717,NaN,NaN,0.0,0.0,0.0
82967Y104,4864.731,7288.2847,346.22195,0.0,0.0,0.0,0.0,0.0,0.0,1881.723,1960.6416,11.274083,0.0,0.0,0.0,0.0,0.0,0.0
83001A102,595.2138,9915.522,1331.4727,0.0,0.0,0.0,NaN,603.81244,NaN,458.828,447.0425,-1.6836417,0.0,0.0,0.0,NaN,801.02075,NaN
78442T108,1076.9103,8896.145,1117.0334,0.0,0.0,0.0,0.0,0.0,0.0,655.8156,556.5452,-14.181483,0.0,0.0,0.0,0.0,0.0,0.0
434149100,1061.5443,NaN,NaN,0.0,0.0,0.0,0.0,0.0,0.0,38.411484,NaN,NaN,0.0,0.0,0.0,0.0,0.0,0.0
83169A100,0.7079875,103.23659,14.646943,0.0,0.0,0.0,0.0,0.0,0.0,457.50418,499.67963,6.0250635,0.0,0.0,0.0,0.0,0.0,0.0
832110100,2290.0532,1855.1273,-62.13227,493.9547,158.60446,-47.907177,508.3087,801.7717,41.92329,557.1954,707.724,21.50409,829.77295,626.9395,-28.976206,537.74164,1107.269,81.36106
83272A104,1592.1339,150177.55,21226.486,0.0,0.0,0.0,NaN,2433.9497,NaN,25548.855,30920.162,767.3295,0.0,0.0,0.0,NaN,66551.45,NaN
83546Q109,2734.1497,1333.1088,-200.1487,0.0,0.0,0.0,0.0,0.0,0.0,350.8094,1314.0094,137.6,0.0,0.0,0.0,0.0,0.0,0.0
836151209,316.507,450.62177,19.159254,0.0,0.0,0.0,0.0,0.0,0.0,646.5298,186.13875,-65.77015,0.0,0.0,0.0,0.0,0.0,0.0
84649R200,5220.3936,44650.984,5632.9414,5921.903,NaN,NaN,NaN,394.31604,NaN,36011.62,40738.445,675.2606,24856.236,NaN,NaN,NaN,33491.223,NaN
84741Y103,267.03482,2681.4846,344.9214,0.0,0.0,0.0,0.0,0.0,0.0,136868.66,83008.78,-7694.268,0.0,0.0,0.0,0.0,0.0,0.0
84761M104,23.529942,145423.64,20771.443,0.0,0.0,0.0,NaN,114.80122,NaN,3517.5627,54947.035,7347.0674,0.0,0.0,0.0,NaN,13260.311,NaN
84763R101,1183.9187,1234.7153,7.2566614,0.0,0.0,0.0,NaN,877.9641,NaN,650.64923,1413.4901,108.97727,0.0,0.0,0.0,NaN,500.72247,NaN
848457107,4453.684,NaN,NaN,0.0,0.0,0.0,0.0,0.0,0.0,182.27127,NaN,NaN,0.0,0.0,0.0,0.0,0.0,0.0
85254C305,NaN,3595.801,NaN,0.0,0.0,0.0,2.2810943,2.1521719,-0.018417494,NaN,21676.96,NaN,0.0,0.0,0.0,26393.852,14517.438,-1696.6305
853156206,43.4912,293.5084,35.716743,NaN,7.892428,NaN,93.31811,162.24165,9.846221,232.04646,1365.3099,161.89478,NaN,2727.6008,NaN,92.95224,2553.0854,351.4476
854923109,NaN,4162.1255,NaN,0.0,0.0,0.0,0.0,0.0,0.0,NaN,1540039.1,NaN,0.0,0.0,0.0,0.0,0.0,0.0
85569E103,122.58451,766.8787,92.04203,0.0,0.0,0.0,0.0,0.0,0.0,87167.61,20726.717,-9491.556,0.0,0.0,0.0,0.0,0.0,0.0
857689103,4.4198985,NaN,NaN,0.0,0.0,0.0,0.0,0.0,0.0,4160.8716,NaN,NaN,0.0,0.0,0.0,0.0,0.0,0.0
861572105,417.6414,553.8227,19.454472,0.0,0.0,0.0,0.0,0.0,0.0,76.48711,121.22352,6.390916,0.0,0.0,0.0,0.0,0.0,0.0
862111200,1859.4584,5126.6245,466.738,831.8849,793.12256,-3.8762329,8427.948,7563.2773,-123.524414,9.133708,33.662422,3.504102,61.6271,37.55588,-2.4071221,70.76381,159.1246,12.622971
86677E100,1981.5072,28324.627,3763.3027,0.0,0.0,0.0,0.0,0.0,0.0,607.50543,3064.9731,351.06683,0.0,0.0,0.0,0.0,0.0,0.0
866881105,253.40903,5.0369663,-35.481724,0.0,0.0,0.0,0.0,0.0,0.0,3235.669,3162.7773,-10.413086,0.0,0.0,0.0,0.0,0.0,0.0
86688Q100,169.59694,NaN,NaN,0.0,0.0,0.0,0.0,0.0,0.0,12777.919,NaN,NaN,0.0,0.0,0.0,0.0,0.0,0.0
87163L103,1771.6234,NaN,NaN,0.0,0.0,0.0,0.0,0.0,0.0,211174.48,NaN,NaN,0.0,0.0,0.0,0.0,0.0,0.0
871839205,1034.926,103.033104,-133.12756,0.0,0.0,0.0,0.0,0.0,0.0,577.1451,1919.1235,191.71121,0.0,0.0,0.0,0.0,0.0,0.0
873452304,99.64202,323.23392,31.941698,NaN,0.91092217,NaN,93.33199,76.32205,-2.4299915,571.4489,1988.5588,202.44426,NaN,4288.484,NaN,1801.5867,2323.033,74.492325
878415108,NaN,176.56656,NaN,0.0,0.0,0.0,0.0,0.0,0.0,NaN,10.738072,NaN,0.0,0.0,0.0,0.0,0.0,0.0
879908101,247.97981,1809.8627,223.12611,0.0,0.0,0.0,0.0,0.0,0.0,142680.66,254346.48,15952.261,0.0,0.0,0.0,0.0,0.0,0.0
87971Q104,62.6731,863.7654,114.44176,0.0,0.0,0.0,0.0,0.0,0.0,836.7932,3266.357,347.08054,0.0,0.0,0.0,0.0,0.0,0.0
881694103,278829.47,448060.1,24175.803,292227.78,NaN,NaN,356358.5,335892.38,-2923.7322,135247.53,142980.12,1104.6562,97380.56,NaN,NaN,199327.8,236333.4,5286.5156
882445109,19.261145,175.89833,22.376741,594.0705,NaN,NaN,19.093,262.3829,34.7557,2152.3606,3723.144,224.39763,1817.2063,NaN,NaN,3170.8022,3420.9895,35.741035
872424106,174.38496,873.23395,99.83557,2139.1836,1994.5875,-18.074509,2488.393,NaN,NaN,1391.0548,1507.0007,16.563704,1217.0592,1950.1548,91.63695,2210.1558,NaN,NaN
885184101,154.13403,469.77475,45.09153,0.0,0.0,0.0,0.0,0.0,0.0,6302.4404,7801.0757,214.09074,0.0,0.0,0.0,0.0,0.0,0.0
889039103,11.472092,394.1067,54.662083,0.0,0.0,0.0,0.0,0.0,0.0,4156.814,3935.2131,-31.65726,0.0,0.0,0.0,0.0,0.0,0.0
889073201,120.49704,2224.1902,300.5276,0.0,0.0,0.0,0.0,0.0,0.0,242.3303,25.672607,-30.9511,0.0,0.0,0.0,0.0,0.0,0.0
872962105,4282.012,1570.8274,-387.3121,0.0,0.0,0.0,0.0,0.0,0.0,NaN,943.0391,NaN,0.0,0.0,0.0,0.0,0.0,0.0
891697104,685.02954,854.92163,24.270298,0.0,0.0,0.0,0.0,0.0,0.0,29109.441,40816.49,1672.4353,0.0,0.0,0.0,0.0,0.0,0.0
891707101,5177.477,3774.8875,-200.36995,0.0,0.0,0.0,0.0,0.0,0.0,322.4017,65.35831,-36.720486,0.0,0.0,0.0,0.0,0.0,0.0
89299Y009,357.12717,223.54225,-19.083559,131.12479,77.53376,-8.931838,0.0,0.0,0.0,NaN,NaN,NaN,NaN,NaN,NaN,0.0,0.0,0.0
892149105,97.91485,1031.8824,133.42393,0.0,0.0,0.0,0.0,0.0,0.0,3328.5342,2823.5059,-72.146904,0.0,0.0,0.0,0.0,0.0,0.0
893878108,9.159015,5.5364943,-0.5175029,0.0,0.0,0.0,0.0,0.0,0.0,2.602339,75.785385,10.4547205,0.0,0.0,0.0,0.0,0.0,0.0
894859107,457.1576,633.1387,25.140154,0.0,0.0,0.0,0.0,0.0,0.0,9367.287,35.367493,-1333.1315,0.0,0.0,0.0,0.0,0.0,0.0
896106200,135.9532,4792.93,665.2824,0.0,0.0,0.0,212.16861,31.625168,-25.79192,18205.234,47739.605,4219.196,0.0,0.0,0.0,7201.6875,4066.5073,-447.88287
896925203,85.793785,270.05374,26.32285,0.0,0.0,0.0,0.0,0.0,0.0,95.65787,87.012535,-1.2350475,0.0,0.0,0.0,0.0,0.0,0.0
89816T103,95.99435,12330.776,1747.826,0.0,0.0,0.0,443.2961,142.91727,-42.911263,4115.052,3112.58,-143.21024,0.0,0.0,0.0,3428.3394,4504.3813,153.72029
872918107,2001.1797,3010.0427,144.12329,0.0,0.0,0.0,0.0,0.0,0.0,1317.8617,2326.078,144.03088,0.0,0.0,0.0,0.0,0.0,0.0
899900104,101.797035,5399.9346,756.87683,0.0,0.0,0.0,0.0,0.0,0.0,411.25903,590.23114,25.567444,0.0,0.0,0.0,0.0,0.0,0.0
901167106,174.50356,89.927216,-12.0823345,0.0,0.0,0.0,0.0,0.0,0.0,9267.761,28513.232,2749.3533,0.0,0.0,0.0,0.0,0.0,0.0
87311M102,3.844826,4461.078,636.7476,0.0,0.0,0.0,0.0,0.0,0.0,35244.875,19358.799,-2269.4395,0.0,0.0,0.0,0.0,0.0,0.0
90333L201,68.85967,169.4731,14.373346,0.0,0.0,0.0,0.0,0.0,0.0,1785.7625,2257.709,67.42094,0.0,0.0,0.0,0.0,0.0,0.0
911920106,7870.117,8296.305,60.88393,3435.1694,1894.2256,-192.61798,297.80545,278.31143,-2.78486,1624.8044,969.114,-93.67006,1400.1366,3090.847,211.33879,2564.8208,1460.0189,-157.82884
90331T107,667.7827,NaN,NaN,0.0,0.0,0.0,0.0,0.0,0.0,1081.7775,NaN,NaN,0.0,0.0,0.0,0.0,0.0,0.0
910047109,18105.959,48997.01,4413.0073,2930.5913,NaN,NaN,62766.824,53934.562,-1261.7517,41824.383,38181.2,-520.4548,22715.477,NaN,NaN,44779.23,39705.16,-724.8672
902646108,470.93356,1012.0616,77.30401,0.0,0.0,0.0,0.0,0.0,0.0,2777.358,1491.9238,-183.63344,0.0,0.0,0.0,0.0,0.0,0.0
903849107,0.95750195,1.1765819,0.03129713,0.0,0.0,0.0,0.0,0.0,0.0,1245.3342,4049.5242,400.59857,0.0,0.0,0.0,0.0,0.0,0.0
910858109,89.80375,113.8727,3.438422,0.05604927,NaN,NaN,NaN,1376.7327,NaN,69.50094,40.474346,-4.146656,57.0847,NaN,NaN,NaN,29.09732,NaN
35241Q107,NaN,229.04126,NaN,2.166064,3.4227993,0.04654575,55.656475,14.503483,-5.8789988,NaN,138.36258,NaN,9.953681,39.959015,1.1113086,148.16716,71.64607,-10.931584
903293405,107159.1,105662.055,-213.86385,0.0,0.0,0.0,3550.245,779.2645,-395.85434,341.10553,721.50305,54.342503,0.0,0.0,0.0,258.11215,253.94412,-0.5954328
917311805,2237.049,9773.349,1076.6143,0.0,0.0,0.0,0.0,0.0,0.0,1945.2018,2192.6902,35.355488,0.0,0.0,0.0,0.0,0.0,0.0
91972C106,898.4336,694.5588,-29.124973,0.0,0.0,0.0,0.0,0.0,0.0,NaN,NaN,NaN,0.0,0.0,0.0,0.0,0.0,0.0
919902106,184.01103,305.98776,17.425247,0.0,0.0,0.0,0.0,0.0,0.0,63094.59,129981.875,9555.326,0.0,0.0,0.0,0.0,0.0,0.0
494580103,1183.0024,31384.98,4314.5684,0.0,0.0,0.0,3.641062,2.9522343,-0.09840397,290.51544,2699.382,344.1238,0.0,0.0,0.0,962.30237,1894.411,133.15837
923275101,1235.7213,2112.0994,125.19686,0.0,0.0,0.0,0.0,0.0,0.0,655.72565,1009.67395,50.564045,0.0,0.0,0.0,0.0,0.0,0.0
92335X100,6.8476043,NaN,NaN,0.0,0.0,0.0,0.0,0.0,0.0,1540039.2,NaN,NaN,0.0,0.0,0.0,0.0,0.0,0.0
92336G106,NaN,35255.496,NaN,0.0,0.0,0.0,0.0,0.0,0.0,NaN,5035.6875,NaN,0.0,0.0,0.0,0.0,0.0,0.0
925492100,1366.5983,NaN,NaN,0.0,0.0,0.0,0.0,0.0,0.0,13.432713,NaN,NaN,0.0,0.0,0.0,0.0,0.0,0.0
92553H803,1684.5814,71828.17,8767.949,0.0,0.0,0.0,0.0,0.0,0.0,4487.2095,11586.222,887.3765,0.0,0.0,0.0,0.0,0.0,0.0
925529208,332.13873,33076.87,4677.819,0.0,0.0,0.0,0.0,0.0,0.0,1052590.2,1578139.4,75078.445,0.0,0.0,0.0,0.0,0.0,0.0
63845P101,14.508702,232.69125,31.168936,0.0,0.0,0.0,2.3125007,8.03224,0.8171056,48.738693,46.874146,-0.26636395,0.0,0.0,0.0,122.1021,179.59158,8.212784
92839U206,6378.7593,107932.92,14507.737,0.0,0.0,0.0,0.0,0.0,0.0,3324.0999,6228.317,414.88815,0.0,0.0,0.0,0.0,0.0,0.0
928559103,267.18604,7849.0815,1083.1279,0.0,0.0,0.0,0.0,0.0,0.0,64349.703,69826.836,782.4476,0.0,0.0,0.0,0.0,0.0,0.0
38388F108,3828.8972,9144.676,885.9631,370.37057,387.55826,0.45230746,10294.165,9264.264,-147.12877,15468.94,11147.328,-720.26874,8134.371,9584.571,38.163162,1302.9843,1364.2875,8.757604
93369N109,2378.0037,9145.281,966.7539,8180.808,NaN,NaN,79.14138,67.58332,-1.6511514,193.0995,195.86362,0.39487347,76.39484,NaN,NaN,76.298965,119.13363,6.1192374
934390402,4140.3296,33865.56,4246.4614,0.0,0.0,0.0,37.596172,NaN,NaN,2598.985,2209.7627,-55.603203,0.0,0.0,0.0,664.5771,NaN,NaN
938862208,NaN,126.423645,NaN,0.0,0.0,0.0,0.0,0.0,0.0,NaN,103.505974,NaN,0.0,0.0,0.0,0.0,0.0,0.0
94769A101,NaN,10341.41,NaN,0.0,0.0,0.0,0.0,0.0,0.0,NaN,1792614.4,NaN,0.0,0.0,0.0,0.0,0.0,0.0
94845V103,562.1372,3558.6438,428.07236,0.0,0.0,0.0,0.0,0.0,0.0,331.21243,208.06915,-17.591898,0.0,0.0,0.0,0.0,0.0,0.0
948462106,34.101906,104.040375,9.99121,0.0,0.0,0.0,0.0,0.0,0.0,5211.029,7811.6436,371.5164,0.0,0.0,0.0,0.0,0.0,0.0
955465109,13040.592,8339.055,-671.64813,0.0,0.0,0.0,5172.255,NaN,NaN,383.9806,431.5122,6.7902308,0.0,0.0,0.0,225.8669,NaN,NaN
958043408,22185.844,23255.924,152.86858,0.0,0.0,0.0,39.197575,173.69025,19.21324,24310.553,18370.266,-848.6124,0.0,0.0,0.0,10402.527,8096.7256,-329.40024
960878106,32.109524,198.70921,23.799955,0.0,0.0,0.0,31.733519,4.0752187,-3.9511857,167.03558,144.78163,-3.179136,0.0,0.0,0.0,170.44998,286.5435,16.584787
961238102,2871.1897,29523.887,3807.528,0.0,0.0,0.0,0.0,0.0,0.0,0.17037778,0.19180378,0.0030608582,0.0,0.0,0.0,0.0,0.0,0.0
410315105,4643.3613,3213.2742,-204.29817,213.16316,319.25433,10.6091175,118.83264,570.9578,64.58931,4086.1946,9853.847,823.9503,15942.862,26551.639,1060.8777,21347.271,34533.13,1883.694
194831004,NaN,6844.5996,NaN,171.95091,33.79149,-15.3510475,27.367954,NaN,NaN,NaN,1105.6356,NaN,11.477117,32.212925,2.303979,34.962933,NaN,NaN
972218101,20.541742,36.489857,2.278302,153.48755,170.09785,5.5367684,132.23311,276.8223,20.655598,111.014404,55.143066,-7.98162,69.69407,89.98539,6.7637734,145.21553,238.35944,13.3062725
974280307,286.3264,217.8539,-9.781784,0.0,0.0,0.0,142.2572,212.95148,10.099182,92955.03,161109.0,9736.281,0.0,0.0,0.0,148428.12,65785.734,-11806.056
975515107,4287.1797,8283.08,570.8429,0.0,0.0,0.0,0.0,0.0,0.0,1052590.2,1578139.4,75078.445,0.0,0.0,0.0,0.0,0.0,0.0
97652H109,26.502457,92.795,9.470363,0.0,0.0,0.0,0.0,0.0,0.0,51535.96,32662.922,-2696.1484,0.0,0.0,0.0,0.0,0.0,0.0
98141A101,1887.745,2677.4277,112.81182,0.0,0.0,0.0,0.0,0.0,0.0,1052590.5,1578139.5,75078.43,0.0,0.0,0.0,0.0,0.0,0.0
981902109,NaN,1319.396,NaN,1666.2408,NaN,NaN,0.0,0.0,0.0,NaN,2326.5347,NaN,4943.046,NaN,NaN,0.0,0.0,0.0
981579105,531.33685,987.6842,65.19248,0.0,0.0,0.0,0.0,0.0,0.0,3000.885,2002.2118,-142.6676,0.0,0.0,0.0,0.0,0.0,0.0
981907108,64.22054,45.169304,-2.7216055,0.0,0.0,0.0,0.0,0.0,0.0,66.033905,1346.7974,182.9662,0.0,0.0,0.0,0.0,0.0,0.0
894688100,72.73633,121.03515,6.8998313,11.13165,4.131094,-1.0000794,10.00444,16.164293,0.879979,171.85463,350.7883,25.561953,175.42752,81.614815,-13.401815,242.09013,735.4277,70.47679
98416J118,NaN,14402.842,NaN,0.0,0.0,0.0,NaN,48.52342,NaN,NaN,1.8368009,NaN,0.0,0.0,0.0,NaN,10.899728,NaN
98417K106,3075.169,5655.201,368.57602,0.0,0.0,0.0,0.0,0.0,0.0,1578138.9,1046378.7,-75965.74,0.0,0.0,0.0,0.0,0.0,0.0
989349105,4638.2065,NaN,NaN,0.0,0.0,0.0,0.0,0.0,0.0,45947.83,NaN,NaN,0.0,0.0,0.0,0.0,0.0,0.0
20557T101,0.0,0.0,0.0,211.94704,NaN,NaN,214.72192,564.90753,50.026516,0.0,0.0,0.0,48.431175,NaN,NaN,79.1274,116.36232,5.319274
212072102,0.0,0.0,0.0,59.148712,NaN,NaN,4.7500525,4.109854,-0.09145689,0.0,0.0,0.0,4783.9253,NaN,NaN,6181.1143,4287.862,-270.46463
086553104,0.0,0.0,0.0,0.0,0.0,0.0,NaN,844.96826,NaN,0.0,0.0,0.0,0.0,0.0,0.0,NaN,5360.679,NaN
G3921A175,0.0,0.0,0.0,0.0,0.0,0.0,NaN,707.1648,NaN,0.0,0.0,0.0,0.0,0.0,0.0,NaN,617630.2,NaN
172936106,0.0,0.0,0.0,0.0,0.0,0.0,202.75887,NaN,NaN,0.0,0.0,0.0,0.0,0.0,0.0,66.51768,NaN,NaN
457661106,0.0,0.0,0.0,0.0,0.0,0.0,NaN,24.890587,NaN,0.0,0.0,0.0,0.0,0.0,0.0,NaN,1117.3887,NaN
44980Y305,0.0,0.0,0.0,0.0,0.0,0.0,NaN,0.1060596,NaN,0.0,0.0,0.0,0.0,0.0,0.0,NaN,7785.425,NaN
46624E405,0.0,0.0,0.0,0.0,0.0,0.0,222.13168,6.1845937,-30.849583,0.0,0.0,0.0,0.0,0.0,0.0,351.41946,113.47207,-33.992485
48577P106,0.0,0.0,0.0,0.0,0.0,0.0,NaN,17.714037,NaN,0.0,0.0,0.0,0.0,0.0,0.0,NaN,23859.043,NaN
578349102,0.0,0.0,0.0,0.0,0.0,0.0,190.12296,51.77754,-19.76363,0.0,0.0,0.0,0.0,0.0,0.0,27.84802,172.07042,20.603199
586014102,0.0,0.0,0.0,0.0,0.0,0.0,262.22336,521.3317,37.01548,0.0,0.0,0.0,0.0,0.0,0.0,13.623177,8.842081,-0.6830136
636317109,0.0,0.0,0.0,0.0,0.0,0.0,726.56573,14.945967,-101.659966,0.0,0.0,0.0,0.0,0.0,0.0,349.6978,285.59586,-9.157423
70322A101,0.0,0.0,0.0,0.0,0.0,0.0,526.7819,367.65637,-22.732222,0.0,0.0,0.0,0.0,0.0,0.0,35027.22,32170.072,-408.1638
98387T103,0.0,0.0,0.0,0.0,0.0,0.0,1.4203455,NaN,NaN,0.0,0.0,0.0,0.0,0.0,0.0,91768.09,NaN,NaN
71654J108,0.0,0.0,0.0,0.0,0.0,0.0,264.74323,409.1451,20.628841,0.0,0.0,0.0,0.0,0.0,0.0,100.17843,50.112247,-7.152312
746276104,0.0,0.0,0.0,0.0,0.0,0.0,8.346868,NaN,NaN,0.0,0.0,0.0,0.0,0.0,0.0,40885.527,NaN,NaN
686857103,0.0,0.0,0.0,0.0,0.0,0.0,100.68796,NaN,NaN,0.0,0.0,0.0,0.0,0.0,0.0,1751.121,NaN,NaN
761339100,0.0,0.0,0.0,0.0,0.0,0.0,28.644348,562.7625,76.3026,0.0,0.0,0.0,0.0,0.0,0.0,2629.6555,2093.2454,-76.63002
827056300,0.0,0.0,0.0,0.0,0.0,0.0,2.6071649,NaN,NaN,0.0,0.0,0.0,0.0,0.0,0.0,38936.766,NaN,NaN
834376501,0.0,0.0,0.0,0.0,0.0,0.0,855.74347,1198.7555,49.001717,0.0,0.0,0.0,0.0,0.0,0.0,448966.5,329306.1,-17094.344
817826209,0.0,0.0,0.0,0.0,0.0,0.0,43300.69,72355.14,4150.6357,0.0,0.0,0.0,0.0,0.0,0.0,4710.6543,7334.1777,374.78906
849416201,0.0,0.0,0.0,0.0,0.0,0.0,66.51535,86.87364,2.9083273,0.0,0.0,0.0,0.0,0.0,0.0,94.12174,90.34437,-0.53962487
893349837,0.0,0.0,0.0,0.0,0.0,0.0,2925.0625,3717.5962,113.2191,0.0,0.0,0.0,0.0,0.0,0.0,25616.762,23772.742,-263.43137
988858106,0.0,0.0,0.0,0.0,0.0,0.0,1488.9769,95.57992,-199.05672,0.0,0.0,0.0,0.0,0.0,0.0,490.13113,5272.304,683.16754
