00252W104,0.6045986,0.9615364,0.050991118,0.0,0.0,0.0,0.0,0.0,0.0,0.17502442,0.18255024,0.0010751167,0.0,0.0,0.0,0.0,0.0,0.0
,0.0,0.0,0.0,0.0,0.0,0.0,0.0,0.0,0.0,0.0,0.0,0.0,0.0,0.0,0.0,0.0,0.0,0.0
00439T206,0.5187943,NaN,NaN,0.0,0.0,0.0,NaN,0.3455535,NaN,0.1847212,NaN,NaN,0.0,0.0,0.0,NaN,0.243406,NaN
004724100,0.3925523,0.51524,0.017526818,0.0,0.0,0.0,0.0,0.0,0.0,0.3261074,0.31346488,-0.001806076,0.0,0.0,0.0,0.0,0.0,0.0
000973107,0.23144715,0.42674136,0.027899174,0.0,0.0,0.0,0.0,0.0,0.0,0.29222175,0.32127216,0.0041500586,0.0,0.0,0.0,0.0,0.0,0.0
00503U105,0.8774378,1.9416958,0.15203688,0.0,0.0,0.0,0.0,0.0,0.0,0.093922794,0.09137582,-3.6385335E-4,0.0,0.0,0.0,0.0,0.0,0.0
006847107,0.6347581,0.64106876,9.0152025E-4,0.0,0.0,0.0,0.0,0.0,0.0,0.377059,0.4269128,0.007121972,0.0,0.0,0.0,0.0,0.0,0.0
006848105,0.5731746,0.60835636,0.0050259656,0.0,0.0,0.0,0.0,0.0,0.0,0.37496957,0.4036468,0.0040967464,0.0,0.0,0.0,0.0,0.0,0.0
31865X106,0.3978983,0.2425504,-0.022192555,0.0,0.0,0.0,0.0,0.0,0.0,0.57638484,0.515297,-0.008726835,0.0,0.0,0.0,0.0,0.0,0.0
008494106,0.264645,0.2516276,-0.0018596308,0.0,0.0,0.0,0.0,0.0,0.0,0.40190873,0.34947237,-0.0074909073,0.0,0.0,0.0,0.0,0.0,0.0
009114109,0.79354495,0.9560125,0.023209648,0.0,0.0,0.0,0.0,0.0,0.0,0.50768244,0.46168128,-0.006571595,0.0,0.0,0.0,0.0,0.0,0.0
867071102,NaN,0.6497211,NaN,0.015511188,0.014504992,-1.0061953E-4,0.0,0.0,0.0,NaN,0.23147893,NaN,0.410204,0.36655542,-0.004364857,0.0,0.0,0.0
018593103,0.50471336,0.6072151,0.014643108,0.0,0.0,0.0,0.0,0.0,0.0,NaN,NaN,NaN,0.0,0.0,0.0,0.0,0.0,0.0
019223106,0.5430412,0.67091423,0.018267572,0.0,0.0,0.0,0.0,0.0,0.0,0.2574243,0.24884434,-0.0012257078,0.0,0.0,0.0,0.0,0.0,0.0
019411107,0.4526663,0.13870719,-0.044851303,0.0,0.0,0.0,0.0,0.0,0.0,0.33022478,0.32250905,-0.0011022474,0.0,0.0,0.0,0.0,0.0,0.0
019645506,0.40685168,0.43837547,0.004503399,0.13006671,NaN,NaN,0.0,0.0,0.0,0.4391978,0.3435388,-0.013665574,0.40125006,NaN,NaN,0.0,0.0,0.0
02146C104,1.0554973,1.3995608,0.04915193,0.0,0.0,0.0,0.0,0.0,0.0,0.7185078,0.68883276,-0.004239295,0.0,0.0,0.0,0.0,0.0,0.0
625440102,0.20791954,0.28493178,0.011001749,NaN,0.040428516,NaN,0.12844661,0.13547286,8.782819E-4,0.4319312,0.30512854,-0.018114666,NaN,0.3391229,NaN,0.24875964,0.28577015,0.004626313
023006109,NaN,0.5982638,NaN,0.8790013,NaN,NaN,0.0,0.0,0.0,NaN,0.33427474,NaN,0.36315852,NaN,NaN,0.0,0.0,0.0
023395106,0.52619714,NaN,NaN,0.0,0.0,0.0,0.0,0.0,0.0,0.21994933,NaN,NaN,0.0,0.0,0.0,0.0,0.0,0.0
023426703,0.34500456,0.8512805,0.07232513,0.011441071,0.028265573,0.0033649006,0.39029768,0.23421705,-0.022297233,0.29402778,0.30654362,0.0017879775,0.27468526,0.2805377,0.0011704862,0.25579965,0.27090225,0.0021575135
023586100,0.38709944,0.405678,0.0026540798,0.17791559,NaN,NaN,0.25098217,0.2937957,0.00611622,0.53057766,0.52827996,-3.2824278E-4,0.5382734,NaN,NaN,0.5043484,0.5015642,-3.977418E-4
90341W108,0.6108601,0.5683779,-0.0060688853,0.4840311,0.49420643,7.827167E-4,0.32083058,0.24835163,-0.010354136,0.45325685,0.4239434,-0.004187635,0.4067957,0.35580125,-0.0039226506,0.39004496,0.30920094,-0.011549145
024490302,0.63910204,NaN,NaN,0.0,0.0,0.0,0.0,0.0,0.0,0.3310747,NaN,NaN,0.0,0.0,0.0,0.0,0.0,0.0
024928103,0.38049832,0.65393174,0.039061915,0.0,0.0,0.0,0.0,0.0,0.0,0.34584767,0.34842736,3.68527E-4,0.0,0.0,0.0,0.0,0.0,0.0
02553G101,0.4701376,0.5937443,0.017658098,0.0,0.0,0.0,0.0,0.0,0.0,0.36393714,0.43196025,0.009717588,0.0,0.0,0.0,0.0,0.0,0.0
026496208,0.7385588,0.832321,0.013394594,0.2300287,0.16715354,-0.0069861296,0.76200444,0.74900734,-0.0018567273,0.5085903,0.55593705,0.0067638243,0.5056778,0.4888799,-0.0018664367,0.51720685,0.47645274,-0.0058220155
026652107,0.48513854,0.58364224,0.014071958,0.0,0.0,0.0,0.0,0.0,0.0,0.18840426,0.17421672,-0.0020267921,0.0,0.0,0.0,0.0,0.0,0.0
028816106,0.7105885,NaN,NaN,0.0,0.0,0.0,0.0,0.0,0.0,0.34943056,NaN,NaN,0.0,0.0,0.0,0.0,0.0,0.0
029318300,0.57241035,0.65400845,0.011656872,0.0,0.0,0.0,0.0,0.0,0.0,0.23576714,0.2420816,9.020652E-4,0.0,0.0,0.0,0.0,0.0,0.0
030789507,0.27177987,0.3942354,0.017493648,0.062561944,0.04902791,-0.0013534036,0.2521372,0.20246983,-0.007095341,0.2599791,0.23663358,-0.0033350736,0.26178646,0.21100676,-0.00507797,0.30436638,0.32181212,0.002492249
03113V109,0.6670715,NaN,NaN,0.0,0.0,0.0,0.0,0.0,0.0,0.34528556,NaN,NaN,0.0,0.0,0.0,0.0,0.0,0.0
03237E108,0.64743376,0.88559055,0.0340224,0.0,0.0,0.0,0.59355444,0.72322047,0.01852372,0.2878868,0.22287622,-0.009287225,0.0,0.0,0.0,0.18683822,0.18572089,-1.5961911E-4
001813104,0.70805186,0.7109923,4.2005948E-4,0.0,0.0,0.0,0.0,0.0,0.0,0.515573,0.549483,0.0048442823,0.0,0.0,0.0,0.0,0.0,0.0
03304B300,0.6292054,0.73048055,0.014467878,0.0,0.0,0.0,NaN,0.629706,NaN,0.5146827,0.527339,0.0018080388,0.0,0.0,0.0,NaN,0.52284706,NaN
G6359F103,0.43510708,0.4233265,-0.0016829415,0.06679953,0.07227365,6.082356E-4,0.089679755,1.0321283,0.13463551,0.3700458,0.38995227,0.0028437802,0.39980513,0.4313756,0.0035078293,0.3435388,0.40124995,0.00824445
035250109,0.23302822,NaN,NaN,0.0,0.0,0.0,0.0,0.0,0.0,0.30411163,NaN,NaN,0.0,0.0,0.0,0.0,0.0,0.0
381119106,0.42150655,0.72870636,0.043885686,0.0,0.0,0.0,0.0,0.0,0.0,0.10442192,0.13759333,0.0047387728,0.0,0.0,0.0,0.0,0.0,0.0
038196101,0.6896684,0.8827637,0.027585039,0.0,0.0,0.0,0.0,0.0,0.0,0.39782423,0.36361766,-0.004886653,0.0,0.0,0.0,0.0,0.0,0.0
038213104,0.50767595,0.76667094,0.036999285,0.0,0.0,0.0,0.0,0.0,0.0,0.17931128,0.1961117,0.0024000597,0.0,0.0,0.0,0.0,0.0,0.0
001937101,0.5094046,0.57232,0.008987912,0.0,0.0,0.0,0.0,0.0,0.0,0.32761243,0.3463571,0.002677811,0.0,0.0,0.0,0.0,0.0,0.0
G04397108,0.21303213,0.6025863,0.0556506,0.0,0.0,0.0,0.0,0.0,0.0,0.2885204,0.2793938,-0.0013038005,0.0,0.0,0.0,0.0,0.0,0.0
90341G103,0.9296303,0.78474253,-0.02069825,0.0,0.0,0.0,NaN,0.10010485,NaN,0.53449064,0.52815807,-9.0465375E-4,0.0,0.0,0.0,NaN,0.48479676,NaN
042384107,0.43314657,0.39568272,-0.005351978,0.020128584,NaN,NaN,0.0,0.0,0.0,0.35394657,0.34776396,-8.832301E-4,0.30629408,NaN,NaN,0.0,0.0,0.0
G05330108,0.3092715,NaN,NaN,0.0,0.0,0.0,0.0,0.0,0.0,0.39779308,NaN,NaN,0.0,0.0,0.0,0.0,0.0,0.0
04544X300,0.67933047,0.5834973,-0.011979148,0.0,0.0,0.0,0.0,0.0,0.0,0.5364212,0.68944645,0.019128159,0.0,0.0,0.0,0.0,0.0,0.0
04648X107,0.3134808,0.5065448,0.027580576,0.0,0.0,0.0,0.0,0.0,0.0,0.16747583,0.17634018,0.0012663348,0.0,0.0,0.0,0.0,0.0,0.0
045919107,0.07772408,0.6597459,0.08314597,0.0,0.0,0.0,0.0,0.0,0.0,0.1177617,0.15193331,0.0048816586,0.0,0.0,0.0,0.0,0.0,0.0
04649A106,0.39787087,1.5388162,0.1629922,0.0,0.0,0.0,0.0,0.0,0.0,0.45634344,0.47423458,0.002555877,0.0,0.0,0.0,0.0,0.0,0.0
37990V204,0.5857684,0.5966905,0.0015602963,0.0,0.0,0.0,0.0,0.0,0.0,0.41313285,0.44263014,0.0042138994,0.0,0.0,0.0,0.0,0.0,0.0
046613105,0.43208864,NaN,NaN,0.0,0.0,0.0,0.0,0.0,0.0,NaN,NaN,NaN,0.0,0.0,0.0,0.0,0.0,0.0
050727106,0.7506855,NaN,NaN,0.0,0.0,0.0,0.0,0.0,0.0,0.45489216,NaN,NaN,0.0,0.0,0.0,0.0,0.0,0.0
05164B106,0.6456034,0.8813955,0.033684585,0.0,0.0,0.0,0.0,0.0,0.0,0.28851396,0.29206067,5.0667353E-4,0.0,0.0,0.0,0.0,0.0,0.0
05873K108,1.5877652,1.9188576,0.04729891,0.0,0.0,0.0,0.0,0.0,0.0,0.43062443,0.4607567,0.0043046093,0.0,0.0,0.0,0.0,0.0,0.0
069744100,0.54767007,0.79045445,0.034683485,0.0,0.0,0.0,0.0,0.0,0.0,0.24312302,0.2737277,0.0043720943,0.0,0.0,0.0,0.0,0.0,0.0
074002205,0.43917242,0.5273759,0.012600495,0.0,0.0,0.0,0.0,0.0,0.0,0.18953326,0.1758284,-0.001957838,0.0,0.0,0.0,0.0,0.0,0.0
077266104,0.40848383,0.45293784,0.0063505727,0.0,0.0,0.0,0.0,0.0,0.0,0.31568858,0.35170427,0.0051450985,0.0,0.0,0.0,0.0,0.0,0.0
087509105,0.15098129,0.20725171,0.008038632,0.15196224,NaN,NaN,0.0,0.0,0.0,0.31909078,0.32289556,5.43539E-4,0.3285041,NaN,NaN,0.0,0.0,0.0
091250100,0.6799305,0.85210294,0.024596062,0.0,0.0,0.0,0.0,0.0,0.0,0.33056387,0.31645,-0.0020162675,0.0,0.0,0.0,0.0,0.0,0.0
055607105,0.45614842,NaN,NaN,0.0,0.0,0.0,0.0,0.0,0.0,0.35053006,NaN,NaN,0.0,0.0,0.0,0.0,0.0,0.0
098904204,0.7217833,0.82245475,0.014381639,0.0,0.0,0.0,0.0,0.0,0.0,0.27056366,0.30672264,0.0051655686,0.0,0.0,0.0,0.0,0.0,0.0
099541203,0.5554301,0.6847911,0.018480139,0.0,0.0,0.0,0.0,0.0,0.0,0.21307108,0.18724602,-0.0036892933,0.0,0.0,0.0,0.0,0.0,0.0
100578103,0.26701215,0.48493385,0.031131672,0.0,0.0,0.0,0.0,0.0,0.0,0.25219637,0.28782424,0.005089696,0.0,0.0,0.0,0.0,0.0,0.0
104499207,0.38727504,0.4259864,0.005530196,0.0682278,NaN,NaN,0.0,0.0,0.0,0.25868893,0.2612964,3.7249498E-4,0.28720096,NaN,NaN,0.0,0.0,0.0
105423404,NaN,0.39121175,NaN,0.0,0.0,0.0,0.0,0.0,0.0,NaN,0.5043105,NaN,0.0,0.0,0.0,0.0,0.0,0.0
105425102,NaN,0.68892527,NaN,0.0,0.0,0.0,0.0,0.0,0.0,NaN,0.4079064,NaN,0.0,0.0,0.0,0.0,0.0,0.0
106702103,NaN,0.7761351,NaN,0.0,0.0,0.0,0.0,0.0,0.0,NaN,0.27263328,NaN,0.0,0.0,0.0,0.0,0.0,0.0
119003101,0.821558,0.8449758,0.0033454043,0.0,0.0,0.0,0.0,0.0,0.0,0.5382423,0.5273708,-0.0015530671,0.0,0.0,0.0,0.0,0.0,0.0
120084108,0.7566066,0.8476548,0.013006891,0.0,0.0,0.0,0.0,0.0,0.0,0.395177,0.3536828,-0.0059277457,0.0,0.0,0.0,0.0,0.0,0.0
120113105,0.33538285,0.4873441,0.021708747,0.0,0.0,0.0,0.0,0.0,0.0,0.18946622,0.21811205,0.004092261,0.0,0.0,0.0,0.0,0.0,0.0
121693105,0.4835532,0.70305306,0.03135712,0.0,0.0,0.0,0.0,0.0,0.0,0.27597123,0.24508457,-0.0044123805,0.0,0.0,0.0,0.0,0.0,0.0
123164105,0.34977588,0.4030231,0.0076067448,0.0,0.0,0.0,0.0,0.0,0.0,0.20187499,0.18730679,-0.0020811707,0.0,0.0,0.0,0.0,0.0,0.0
12476P203,0.5313861,0.70212805,0.02439171,0.0,0.0,0.0,0.0,0.0,0.0,0.5062227,0.52302635,0.0024005175,0.0,0.0,0.0,0.0,0.0,0.0
128787108,0.33955586,0.3567358,0.0024542767,0.25765032,NaN,NaN,0.0,0.0,0.0,0.2796596,0.32917663,0.007073862,0.2791299,NaN,NaN,0.0,0.0,0.0
129915203,0.6760101,0.7559998,0.0114271045,0.090361446,NaN,NaN,0.0,0.0,0.0,0.4365755,0.53369445,0.013874135,0.52287716,NaN,NaN,0.0,0.0,0.0
140909102,0.45732442,0.5789571,0.017376095,0.0,0.0,0.0,0.0,0.0,0.0,0.3405067,0.42753488,0.012432597,0.0,0.0,0.0,0.0,0.0,0.0
140777103,NaN,0.51659256,NaN,0.0,0.0,0.0,0.0,0.0,0.0,NaN,0.28862557,NaN,0.0,0.0,0.0,0.0,0.0,0.0
141602300,0.74646556,0.96838564,0.03170287,0.0,0.0,0.0,0.0,0.0,0.0,0.3340557,0.3202888,-0.0019666979,0.0,0.0,0.0,0.0,0.0,0.0
141649301,0.7012808,0.52070236,-0.025796916,0.0,0.0,0.0,0.57506955,0.44089198,-0.019168224,0.60456765,0.5864332,-0.0025906393,0.0,0.0,0.0,0.56919116,0.4927787,-0.010916067
141706309,0.54202485,0.53241724,-0.0013725162,0.0,0.0,0.0,0.0,0.0,0.0,0.46917725,0.57056755,0.014484329,0.0,0.0,0.0,0.0,0.0,0.0
143436400,0.55105144,0.6086977,0.008235182,0.06601934,NaN,NaN,0.7676458,0.68501127,-0.01180493,0.26852962,0.18418731,-0.012048902,0.2463425,NaN,NaN,0.33508152,0.40281487,0.009676193
111572103,0.8110543,0.8127171,2.3754154E-4,0.60672784,0.6374662,0.005123059,0.5882142,0.5632751,-0.0035627314,0.36018705,0.3509725,-0.0013163643,0.35132888,0.3265318,-0.004132847,0.32789466,0.3133438,-0.002078695
148710106,0.5593981,0.6363693,0.010995882,0.0,0.0,0.0,0.0,0.0,0.0,0.15177453,0.18942468,0.005378593,0.0,0.0,0.0,0.0,0.0,0.0
15115M101,0.8993475,1.3052983,0.057992976,0.0,0.0,0.0,0.0,0.0,0.0,0.18498202,0.22067817,0.00509945,0.0,0.0,0.0,0.0,0.0,0.0
125185108,0.06624923,0.06380658,-3.4895007E-4,0.0,0.0,0.0,0.0,0.0,0.0,0.2536563,0.2823147,0.004094056,0.0,0.0,0.0,0.0,0.0,0.0
158496109,0.36158302,0.53431046,0.024675349,0.0,0.0,0.0,0.106442176,0.08290887,-0.003361901,0.05244412,0.015550426,-0.005270527,0.0,0.0,0.0,0.22679332,0.22427325,-3.6000993E-4
16115Q308,0.6652721,0.94488233,0.039944317,0.0,0.0,0.0,0.0,0.0,0.0,0.3710723,0.2571358,-0.01627664,0.0,0.0,0.0,0.0,0.0,0.0
847807104,0.2851785,0.3184381,0.0047513717,0.060865402,0.014104995,-0.0046760407,0.42409238,0.2423472,-0.025963599,0.2318716,0.27230915,0.0057767928,0.28154498,0.28181055,2.6556849E-5,0.30570805,0.3147622,0.0012934506
559079207,0.61001396,0.8276051,0.031084452,0.0,0.0,0.0,0.67960215,0.51347953,-0.023731802,0.19143479,0.15742154,-0.0048590344,0.0,0.0,0.0,0.17123657,0.17630167,7.235855E-4
163893209,NaN,0.39295036,NaN,0.0,0.0,0.0,NaN,0.25780982,NaN,NaN,0.19292831,NaN,0.0,0.0,0.0,NaN,0.2620167,NaN
165159104,0.4198396,0.5406925,0.017264703,0.0,0.0,0.0,0.22579633,0.24795151,0.0031650257,0.317047,0.3870038,0.00999383,0.0,0.0,0.0,0.26097935,0.2723618,0.0016260615
168710101,0.2745314,0.84431577,0.08139777,0.0,0.0,0.0,0.0,0.0,0.0,0.32971618,0.14385848,-0.0265511,0.0,0.0,0.0,0.0,0.0,0.0
170032809,0.52037805,0.5499397,0.004223091,0.0,0.0,0.0,0.32247907,0.24532163,-0.011022491,0.3395897,0.3168854,-0.0032434675,0.0,0.0,0.0,0.21451418,0.18081096,-0.0048147463
12542A206,0.28754714,NaN,NaN,0.0,0.0,0.0,0.0,0.0,0.0,0.66322315,NaN,NaN,0.0,0.0,0.0,0.0,0.0,0.0
172585101,0.60311425,0.59237206,-0.0015345982,0.6216507,0.09185984,-0.04414924,NaN,0.19632815,NaN,0.40165055,0.3538556,-0.0068278485,0.35110548,0.36793962,0.001402845,NaN,0.36667317,NaN
172737108,0.026317935,0.04861924,0.0031859006,0.0,0.0,0.0,0.0,0.0,0.0,0.16000937,0.16174346,2.4772756E-4,0.0,0.0,0.0,0.0,0.0,0.0
180461105,0.02488612,NaN,NaN,0.0,0.0,0.0,0.0,0.0,0.0,0.17387986,NaN,NaN,0.0,0.0,0.0,0.0,0.0,0.0
182728204,0.71164244,0.9280222,0.030911395,0.0,0.0,0.0,0.0,0.0,0.0,0.3734827,0.38033974,9.795768E-4,0.0,0.0,0.0,0.0,0.0,0.0
192481208,0.64110535,1.0970182,0.06513041,0.0,0.0,0.0,0.0,0.0,0.0,0.38310513,0.44456837,0.008780463,0.0,0.0,0.0,0.0,0.0,0.0
194830204,0.45350504,0.49685618,0.0061930204,0.0,0.0,0.0,0.0,0.0,0.0,0.22366664,0.26694265,0.0061822874,0.0,0.0,0.0,0.0,0.0,0.0
200334100,0.7135904,NaN,NaN,0.0,0.0,0.0,0.0,0.0,0.0,0.20595224,NaN,NaN,0.0,0.0,0.0,0.0,0.0,0.0
20452C104,0.41580984,NaN,NaN,0.0,0.0,0.0,0.0,0.0,0.0,0.13002874,NaN,NaN,0.0,0.0,0.0,0.0,0.0,0.0
206814105,0.51967126,0.4676169,-0.0074363393,0.0,0.0,0.0,0.0,0.0,0.0,0.50443584,0.43903977,-0.009342296,0.0,0.0,0.0,0.0,0.0,0.0
209232107,0.02524513,0.11984948,0.013514907,0.0,0.0,0.0,0.0,0.0,0.0,0.32574758,0.32042202,-7.607937E-4,0.0,0.0,0.0,0.0,0.0,0.0
21036U206,0.78888893,0.8438585,0.007852793,0.5738661,NaN,NaN,NaN,0.55854106,NaN,0.23536529,0.30786914,0.010357693,0.37962317,NaN,NaN,NaN,0.33378178,NaN
21099Y004,0.54385716,0.622778,0.011274406,0.2997793,0.23910521,-0.005056174,0.0,0.0,0.0,0.45832223,0.50768274,0.007051502,0.46568915,0.40037453,-0.005442885,0.0,0.0,0.0
211496104,0.88005894,0.84460706,-0.0050645554,0.0,0.0,0.0,0.0,0.0,0.0,0.75623894,0.7639093,0.0010957633,0.0,0.0,0.0,0.0,0.0,0.0
211914403,0.64710814,0.6750187,0.003987227,0.0,0.0,0.0,0.0,0.0,0.0,0.1533736,0.15981025,9.1952085E-4,0.0,0.0,0.0,0.0,0.0,0.0
216245100,0.4631693,0.6068763,0.017963376,0.2643944,0.4114181,0.021003386,0.5383856,NaN,NaN,0.29855695,0.27411932,-0.0030547045,0.29467934,0.26320288,-0.004496638,0.28964135,NaN,NaN
218103109,0.5584051,0.75157607,0.027595852,0.0,0.0,0.0,0.0,0.0,0.0,0.3903128,0.26652017,-0.017684659,0.0,0.0,0.0,0.0,0.0,0.0
22161G103,0.8123557,1.4567579,0.09205746,0.0,0.0,0.0,0.0,0.0,0.0,0.38310513,0.4445684,0.008780466,0.0,0.0,0.0,0.0,0.0,0.0
222814204,0.47324792,1.0751489,0.08598586,0.0,0.0,0.0,0.09075472,0.13633256,0.0065111197,0.3861711,0.3855243,-9.239997E-5,0.0,0.0,0.0,0.49699417,0.3858968,-0.015871052
228439105,0.7952598,0.86554134,0.010040224,0.0,0.0,0.0,0.0,0.0,0.0,0.35395747,0.3710141,0.002436659,0.0,0.0,0.0,0.0,0.0,0.0
228622106,0.67515737,NaN,NaN,0.0,0.0,0.0,0.0,0.0,0.0,0.3635631,NaN,NaN,0.0,0.0,0.0,0.0,0.0,0.0
229070107,NaN,1.0725496,NaN,0.0059616063,NaN,NaN,0.0,0.0,0.0,NaN,0.16714123,NaN,0.16525471,NaN,NaN,0.0,0.0,0.0
229241104,0.8714232,2.4300933,0.19483376,0.0,0.0,0.0,0.7120919,0.55659187,-0.022214293,0.33663714,0.38848764,0.006481312,0.0,0.0,0.0,0.34096047,0.3083877,-0.0046532536
126419100,0.61089456,0.9559083,0.049287677,0.0,0.0,0.0,0.0,0.0,0.0,0.35376146,0.3383726,-0.002198411,0.0,0.0,0.0,0.0,0.0,0.0
23380G106,0.45804137,0.9142302,0.06516983,0.0,0.0,0.0,0.0,0.0,0.0,0.17046212,0.21846516,0.006857578,0.0,0.0,0.0,0.0,0.0,0.0
234050102,0.019857287,0.57144,0.07879753,0.0,0.0,0.0,0.0,0.0,0.0,0.23057128,0.25146732,0.0029851475,0.0,0.0,0.0,0.0,0.0,0.0
234053106,0.25800735,0.3680188,0.015715923,0.0,0.0,0.0,0.0,0.0,0.0,0.23647237,0.32769302,0.013031521,0.0,0.0,0.0,0.0,0.0,0.0
235774106,0.45940432,0.5292769,0.009981798,0.0,0.0,0.0,0.0,0.0,0.0,0.45502466,0.4446217,-0.0014861354,0.0,0.0,0.0,0.0,0.0,0.0
235825205,0.3008324,0.3169564,0.00230343,0.0,0.0,0.0,0.0,0.0,0.0,0.24983114,0.26383913,0.0020011407,0.0,0.0,0.0,0.0,0.0,0.0
240028308,1.0329614,1.1259867,0.013289332,0.0,0.0,0.0,0.0,0.0,0.0,0.288503,0.24375172,-0.0063930387,0.0,0.0,0.0,0.0,0.0,0.0
233162502,0.5735516,1.4371767,0.12337501,0.0,0.0,0.0,0.2899852,0.16275844,-0.018175254,0.29165223,0.28046954,-0.001597528,0.0,0.0,0.0,0.21947187,0.2236507,5.9697457E-4
241209105,0.4093833,0.5694309,0.022863941,0.0,0.0,0.0,0.0,0.0,0.0,0.2928222,0.3088805,0.0022940424,0.0,0.0,0.0,0.0,0.0,0.0
243458106,1.3029131,1.725954,0.060434427,0.0,0.0,0.0,0.0,0.0,0.0,0.18256672,0.13279305,-0.0071105235,0.0,0.0,0.0,0.0,0.0,0.0
247361702,0.48127103,0.63749367,0.02231752,0.0,0.0,0.0,0.29695657,0.37097788,0.010574473,0.44221383,0.40536287,-0.005264423,0.0,0.0,0.0,0.39657846,0.41714293,0.002937781
255374100,0.70838696,0.8280283,0.017091623,0.0,0.0,0.0,0.0,0.0,0.0,0.5500753,0.58562964,0.0050791926,0.0,0.0,0.0,0.0,0.0,0.0
255402406,0.12906797,0.11424993,-0.0021168632,0.0,0.0,0.0,0.0,0.0,0.0,0.18642095,0.20399484,0.0025105563,0.0,0.0,0.0,0.0,0.0,0.0
344822101,0.5745692,0.59146696,0.0024139625,0.3141385,0.15440917,-0.026621556,0.5103479,0.40679693,-0.0147929955,0.3035188,0.27655083,-0.0038525674,0.34630728,0.33096746,-0.002556637,0.27502462,0.30946195,0.0049196184
261528301,NaN,0.3796982,NaN,0.0,0.0,0.0,0.0,0.0,0.0,NaN,0.2319471,NaN,0.0,0.0,0.0,0.0,0.0,0.0
262175102,0.4132533,0.57047343,0.022460017,0.0,0.0,0.0,0.0,0.0,0.0,0.39978692,0.34197846,-0.008258351,0.0,0.0,0.0,0.0,0.0,0.0
262497308,0.6267943,0.65906465,0.0046100533,0.0,0.0,0.0,0.0,0.0,0.0,0.35752657,0.3543854,-4.4873782E-4,0.0,0.0,0.0,0.0,0.0,0.0
265903104,0.5472011,0.67520624,0.01828645,0.0,0.0,0.0,0.0,0.0,0.0,0.27614152,0.2165329,-0.008515517,0.0,0.0,0.0,0.0,0.0,0.0
267575108,0.57703745,0.61426187,0.005317773,0.0,0.0,0.0,0.0,0.0,0.0,0.5692419,0.46354586,-0.015099431,0.0,0.0,0.0,0.0,0.0,0.0
269514204,0.48727798,0.55081296,0.009076425,0.0,0.0,0.0,0.57888854,NaN,NaN,0.36239606,0.3453222,-0.0024391243,0.0,0.0,0.0,0.33013755,NaN,NaN
269524104,0.09950699,NaN,NaN,0.0,0.0,0.0,0.0,0.0,0.0,0.2951757,NaN,NaN,0.0,0.0,0.0,0.0,0.0,0.0
269803102,0.2003714,0.28280666,0.011776467,0.089424916,NaN,NaN,0.0,0.0,0.0,0.35536724,0.39070022,0.005047568,0.33100295,NaN,NaN,0.0,0.0,0.0
071625107,0.38715947,0.423041,0.0051259315,0.0,0.0,0.0,0.0,0.0,0.0,0.20774245,0.18947875,-0.0026090997,0.0,0.0,0.0,0.0,0.0,0.0
279862106,0.3251511,0.8873708,0.07027747,0.0,0.0,0.0,0.0,0.0,0.0,0.30561876,0.3970916,0.011434104,0.0,0.0,0.0,0.0,0.0,0.0
280875303,0.2927012,0.3632606,0.010079912,2.626395E-4,NaN,NaN,0.2960222,NaN,NaN,0.119319394,0.16064085,0.005903065,0.2009135,NaN,NaN,0.19346294,NaN,NaN
281067306,0.41295895,0.59094715,0.025426885,0.13874249,NaN,NaN,0.15058106,0.0038131292,-0.020966846,0.28790742,0.2904045,3.5672527E-4,0.27867976,NaN,NaN,0.29731706,0.34095424,0.0062338836
26874E107,0.3078824,0.44125956,0.01905388,0.0,0.0,0.0,0.0,0.0,0.0,0.56779724,0.29261953,-0.039311104,0.0,0.0,0.0,0.0,0.0,0.0
291087203,0.8679957,0.9745789,0.015226177,0.0,0.0,0.0,0.26460594,0.4195699,0.02213771,0.25089946,0.26177076,0.0015530416,0.0,0.0,0.0,0.22433461,0.2381521,0.001973927
29255U104,0.36226627,0.58001614,0.031107124,0.0,0.0,0.0,0.0,0.0,0.0,0.26521078,0.14790855,-0.01675746,0.0,0.0,0.0,0.0,0.0,0.0
535763106,0.16567133,0.4081498,0.034639783,0.0,0.0,0.0,0.0,0.0,0.0,0.4318779,0.39235708,-0.005645833,0.0,0.0,0.0,0.0,0.0,0.0
57685E200,0.5974347,0.691948,0.013501899,0.0,0.0,0.0,0.0,0.0,0.0,0.29628375,0.30759227,0.001615503,0.0,0.0,0.0,0.0,0.0,0.0
295866107,0.29543835,0.48376098,0.026903233,0.5984311,NaN,NaN,0.0,0.0,0.0,0.32628787,0.2852739,-0.0058591366,0.22709134,NaN,NaN,0.0,0.0,0.0
297862104,0.022419047,0.40344453,0.054432213,0.0,0.0,0.0,0.0,0.0,0.0,0.18277639,0.18137345,-2.0042062E-4,0.0,0.0,0.0,0.0,0.0,0.0
299209106,0.5287841,0.5013808,-0.0039147562,0.06933218,NaN,NaN,0.0,0.0,0.0,0.26857337,0.278549,0.0014250875,0.29661295,NaN,NaN,0.0,0.0,0.0
300072105,0.17802733,0.2003155,0.0031840247,0.0,0.0,0.0,0.0,0.0,0.0,0.25303817,0.16158189,-0.013065183,0.0,0.0,0.0,0.0,0.0,0.0
302051206,0.58342457,0.64669853,0.009039138,0.0,0.0,0.0,0.24663766,0.32801044,0.011624684,0.19886181,0.2709782,0.010302343,0.0,0.0,0.0,0.40192458,0.43487042,0.004706549
302088109,0.85715175,0.62047404,-0.0338111,0.0,0.0,0.0,0.0,0.0,0.0,0.1177617,0.15193331,0.0048816586,0.0,0.0,0.0,0.0,0.0,0.0
302723101,0.4649607,0.5484237,0.011923288,0.31311807,NaN,NaN,0.0,0.0,0.0,0.2504634,0.27730763,0.0038348904,0.34644505,NaN,NaN,0.0,0.0,0.0
303698104,0.20093429,0.13436794,-0.009509479,0.0,0.0,0.0,0.0,0.0,0.0,0.17101271,0.22171764,0.007243561,0.0,0.0,0.0,0.0,0.0,0.0
305560302,0.68457776,0.7779297,0.013335994,0.0,0.0,0.0,0.0,0.0,0.0,0.44121897,0.45514384,0.0019892666,0.0,0.0,0.0,0.0,0.0,0.0
306075102,0.57936496,0.71229994,0.018990712,0.0,0.0,0.0,0.0,0.0,0.0,0.043954108,0.13066866,0.012387793,0.0,0.0,0.0,0.0,0.0,0.0
30701A106,0.440312,0.6000531,0.022820154,0.0,0.0,0.0,0.0,0.0,0.0,0.46659067,0.46724498,9.347285E-5,0.0,0.0,0.0,0.0,0.0,0.0
313549404,0.38066608,NaN,NaN,0.03132084,NaN,NaN,0.35770398,0.40538353,0.006811363,0.2880701,NaN,NaN,0.24590099,NaN,NaN,0.20551363,0.23457338,0.004151393
315646109,0.6442909,0.81396323,0.024238901,0.0,0.0,0.0,0.0,0.0,0.0,0.28893265,0.2850902,-5.489205E-4,0.0,0.0,0.0,0.0,0.0,0.0
317832103,0.095822185,0.68542355,0.08422877,0.0,0.0,0.0,0.0,0.0,0.0,0.25919935,0.30039272,0.0058847666,0.0,0.0,0.0,0.0,0.0,0.0
317884203,0.5765011,NaN,NaN,0.0,0.0,0.0,0.0,0.0,0.0,0.23855907,NaN,NaN,0.0,0.0,0.0,0.0,0.0,0.0
G3529X106,0.4169383,0.35437098,-0.008938189,0.0,0.0,0.0,0.0,0.0,0.0,0.3787115,0.45634344,0.011090279,0.0,0.0,0.0,0.0,0.0,0.0
339099103,0.4101261,0.4807001,0.010082002,0.0,0.0,0.0,0.0,0.0,0.0,0.05643,NaN,NaN,0.0,0.0,0.0,0.0,0.0,0.0
339130106,0.5005295,0.49258342,-0.0011351577,0.0,0.0,0.0,0.0,0.0,0.0,0.29534307,0.33348474,0.00544881,0.0,0.0,0.0,0.0,0.0,0.0
339756108,0.4583122,0.38376316,-0.010649865,0.0,0.0,0.0,0.0,0.0,0.0,0.33180976,0.35005066,0.0026058427,0.0,0.0,0.0,0.0,0.0,0.0
34407T104,0.260211,0.56488353,0.04352465,0.0,0.0,0.0,0.0,0.0,0.0,0.44263014,0.39628443,-0.006620816,0.0,0.0,0.0,0.0,0.0,0.0
344123203,0.94289947,NaN,NaN,0.0,0.0,0.0,0.0,0.0,0.0,0.42887467,NaN,NaN,0.0,0.0,0.0,0.0,0.0,0.0
344155205,0.85540074,0.7931439,-0.008893831,0.0,0.0,0.0,0.0,0.0,0.0,0.39779308,0.5046555,0.015266056,0.0,0.0,0.0,0.0,0.0,0.0
345206205,0.51010126,0.6758332,0.023675995,0.0,0.0,0.0,0.37564045,NaN,NaN,0.33138156,0.42811155,0.01381857,0.0,0.0,0.0,0.33755356,NaN,NaN
34659D104,0.6716355,0.68300074,0.001623605,0.0,0.0,0.0,0.0,0.0,0.0,0.27599552,0.27039102,-8.0064364E-4,0.0,0.0,0.0,0.0,0.0,0.0
349841304,0.5833728,0.69534,0.015995314,0.3045068,0.66160446,0.07141953,0.66937876,0.68772733,0.0026212248,0.1803482,NaN,NaN,NaN,NaN,NaN,0.47949684,0.40179193,-0.011100701
302543103,0.42647806,0.37211427,-0.007766255,0.0,0.0,0.0,0.0,0.0,0.0,0.26879525,0.28447774,0.0022403556,0.0,0.0,0.0,0.0,0.0,0.0
358321206,0.14978743,0.24048114,0.012956245,0.48667184,NaN,NaN,0.0,0.0,0.0,0.24956171,0.28039968,0.004405424,0.30550334,NaN,NaN,0.0,0.0,0.0
358430106,0.26260868,0.30145362,0.0055492776,0.0,0.0,0.0,0.0,0.0,0.0,0.24477088,0.21299021,-0.0045400965,0.0,0.0,0.0,0.0,0.0,0.0
359059102,0.45205274,0.5113061,0.008464767,0.0,0.0,0.0,0.0,0.0,0.0,0.38698715,0.38616136,-1.1797036E-4,0.0,0.0,0.0,0.0,0.0,0.0
359076106,0.38363418,NaN,NaN,0.0,0.0,0.0,0.0,0.0,0.0,0.45505053,NaN,NaN,0.0,0.0,0.0,0.0,0.0,0.0
G3682L105,0.52134967,0.5450204,0.0033815333,0.5760107,NaN,NaN,0.0,0.0,0.0,0.32146803,0.27341595,-0.0068645817,0.0025744801,NaN,NaN,0.0,0.0,0.0
36352K103,0.7027561,0.813272,0.015787985,0.0,0.0,0.0,0.0,0.0,0.0,0.41089723,0.54116225,0.01860929,0.0,0.0,0.0,0.0,0.0,0.0
368145108,0.7252758,0.8643562,0.019868629,0.0,0.0,0.0,0.76145595,0.8535251,0.013152735,0.35076448,0.31604204,-0.0049603498,0.0,0.0,0.0,0.31032088,0.29655465,-0.0019666043
36155Q109,0.049035948,0.111305885,0.008895705,0.025334185,NaN,NaN,0.0,0.0,0.0,0.18698137,0.20061591,0.0019477925,0.26054814,NaN,NaN,0.0,0.0,0.0
370054207,1.034886,1.3234825,0.041228075,0.0,0.0,0.0,0.0,0.0,0.0,0.5770721,0.5922559,0.0021691152,0.0,0.0,0.0,0.0,0.0,0.0
37045V100,0.29781106,0.5111646,0.030479077,NaN,0.0839609,NaN,0.12648205,0.14318627,0.0023863167,0.38602772,0.3647908,-0.0030338466,NaN,0.3618076,NaN,0.24486117,0.27326855,0.004058197
64015Y104,0.5502824,0.6478343,0.013935983,0.0,0.0,0.0,0.360689,0.3251356,-0.005079061,0.30346265,0.37973464,0.010895997,0.0,0.0,0.0,0.2720361,0.2541855,-0.0025500867
372257105,0.60816383,0.64833385,0.0057385736,0.0,0.0,0.0,0.4586924,NaN,NaN,0.31931394,0.3267425,0.0010612224,0.0,0.0,0.0,0.3168638,NaN,NaN
372282103,0.43170568,0.5483456,0.01666285,0.0,0.0,0.0,0.0,0.0,0.0,0.1516384,0.18680714,0.0050241053,0.0,0.0,0.0,0.0,0.0,0.0
37245X203,0.6352921,0.7575253,0.017461887,0.0,0.0,0.0,0.0,0.0,0.0,0.30603307,0.33610532,0.0042960346,0.0,0.0,0.0,0.0,0.0,0.0
37248E202,0.0937241,1.1976012,0.15769672,0.0,0.0,0.0,0.0,0.0,0.0,0.17229904,0.20384619,0.0045067347,0.0,0.0,0.0,0.0,0.0,0.0
373654102,0.5093599,0.79359,0.0406043,0.0,0.0,0.0,0.0,0.0,0.0,0.4319392,0.4944625,0.008931897,0.0,0.0,0.0,0.0,0.0,0.0
G3930E101,0.5159268,0.68137056,0.023634825,NaN,0.6431446,NaN,0.75722504,0.818638,0.008773284,0.4127804,0.42767337,0.0021275666,NaN,0.37128252,NaN,0.32793486,0.26901895,-0.008416559
37941P306,0.19658656,NaN,NaN,0.0,0.0,0.0,0.0,0.0,0.0,0.13276498,NaN,NaN,0.0,0.0,0.0,0.0,0.0,0.0
37936U104,0.63126755,0.938017,0.043821353,0.0,0.0,0.0,0.0,0.0,0.0,0.37789723,0.3977931,0.0028422687,0.0,0.0,0.0,0.0,0.0,0.0
64050T101,0.82410747,1.1215881,0.042497236,0.0,0.0,0.0,0.0,0.0,0.0,0.12462016,0.18642095,0.008828684,0.0,0.0,0.0,0.0,0.0,0.0
380804203,0.78503007,1.0367354,0.035957906,0.0,0.0,0.0,0.0,0.0,0.0,0.24205108,0.2668643,0.0035447457,0.0,0.0,0.0,0.0,0.0,0.0
383485109,0.33767918,NaN,NaN,0.0,0.0,0.0,0.0,0.0,0.0,0.30865973,NaN,NaN,0.0,0.0,0.0,0.0,0.0,0.0
384632105,0.2894952,NaN,NaN,0.0,0.0,0.0,0.0,0.0,0.0,0.292505,NaN,NaN,0.0,0.0,0.0,0.0,0.0,0.0
386532402,0.7783952,0.9953413,0.030992303,0.0,0.0,0.0,0.35725853,0.5294239,0.024595052,0.32071546,0.34044465,0.0028184566,0.0,0.0,0.0,0.35328823,0.32788044,-0.0036296844
390064103,0.4066633,0.5518226,0.020737043,0.0,0.0,0.0,0.27732518,0.26475394,-0.0017958923,0.29636988,0.2798884,-0.0023544985,0.0,0.0,0.0,0.30319056,0.28700468,-0.0023122686
36191C205,NaN,0.40310803,NaN,0.0,0.0,0.0,0.0,0.0,0.0,NaN,0.16760445,NaN,0.0,0.0,0.0,0.0,0.0,0.0
361942105,0.9449401,1.066707,0.017395275,0.0,0.0,0.0,0.0,0.0,0.0,0.37661642,0.39152336,0.0021295634,0.0,0.0,0.0,0.0,0.0,0.0
401794201,0.3787427,0.5382478,0.022786448,0.0,0.0,0.0,0.0,0.0,0.0,0.0025573468,0.0024043554,-2.1855913E-5,0.0,0.0,0.0,0.0,0.0,0.0
047620109,0.020969465,0.16387941,0.020415707,0.39664954,NaN,NaN,0.0,0.0,0.0,0.23005189,0.21074854,-0.0027576217,0.21396008,NaN,NaN,0.0,0.0,0.0
404429102,0.06461606,0.1348492,0.010033307,0.0,0.0,0.0,0.0,0.0,0.0,0.30163732,0.18958722,-0.016007157,0.0,0.0,0.0,0.0,0.0,0.0
409900107,0.19204041,NaN,NaN,0.0,0.0,0.0,0.0,0.0,0.0,0.17639229,NaN,NaN,0.0,0.0,0.0,0.0,0.0,0.0
481165108,0.3027075,0.39771998,0.013573213,0.15494248,NaN,NaN,0.22136486,0.17122936,-0.0071622133,NaN,NaN,NaN,NaN,NaN,NaN,NaN,NaN,NaN
417119104,0.26036808,0.3166646,0.008042361,0.0,0.0,0.0,0.21017055,0.24299552,0.0046892804,0.17101271,0.22171767,0.0072435653,0.0,0.0,0.0,0.31123748,0.27479503,-0.0052060657
417434503,0.4913403,0.5837787,0.013205482,0.0,0.0,0.0,0.15210775,NaN,NaN,0.14980036,0.2517053,0.014557847,0.0,0.0,0.0,0.3491859,NaN,NaN
419879101,0.09634509,0.030976646,-0.009338349,0.0,0.0,0.0,0.16389936,0.31178284,0.02112621,0.37511057,0.43080875,0.007956884,0.0,0.0,0.0,0.40393087,0.38270366,-0.0030324587
420781304,0.32532448,0.45411873,0.018399179,0.0,0.0,0.0,0.3387181,0.27897483,-0.008534751,0.16872585,0.2216999,0.007567721,0.0,0.0,0.0,0.23114839,0.28392148,0.0075390125
670198100,0.6372395,0.93864226,0.043057535,0.0,0.0,0.0,0.09004557,0.10274394,0.0018140525,0.52278996,0.50941527,-0.0019106695,0.0,0.0,0.0,0.3965792,0.3749695,-0.0030870992
422660936,0.4565339,NaN,NaN,0.0,0.0,0.0,0.0,0.0,0.0,0.29003498,NaN,NaN,0.0,0.0,0.0,0.0,0.0,0.0
422893107,0.46613905,0.4050165,-0.008731791,0.0,0.0,0.0,0.0,0.0,0.0,0.4202864,0.3609066,-0.008482827,0.0,0.0,0.0,0.0,0.0,0.0
428291108,0.19603653,0.21838266,0.0031923035,0.09652218,0.11798387,0.0042923377,0.39090726,0.44320938,0.007471732,0.3171423,0.30102146,-0.0023029787,0.21955632,0.23225906,0.0025405497,0.23986757,0.29519498,0.007903917
430771105,0.36836943,0.5362643,0.023984982,0.0,0.0,0.0,0.0,0.0,0.0,0.2044789,0.23745546,0.004710936,0.0,0.0,0.0,0.0,0.0,0.0
431692102,0.68134546,0.7107673,0.0042031235,0.2031456,0.1459902,-0.00571554,0.32777894,0.36479756,0.005288375,0.23973998,0.246588,9.782889E-4,0.23492494,0.2462727,0.0011347756,0.27730763,0.34644508,0.009876779
433245107,0.70373887,NaN,NaN,0.0,0.0,0.0,0.0,0.0,0.0,0.16679804,NaN,NaN,0.0,0.0,0.0,0.0,0.0,0.0
441759107,0.28639722,0.37590122,0.012786286,NaN,0.0047540036,NaN,0.33758932,NaN,NaN,0.15702233,0.2543668,0.013906351,NaN,0.1857937,NaN,0.1945797,NaN,NaN
404269201,NaN,0.5168122,NaN,0.28541952,0.26772508,-0.0035388886,0.4512241,NaN,NaN,NaN,0.24489503,NaN,0.29240552,0.27532226,-0.0034166514,0.28609067,NaN,NaN
444356109,0.2552646,NaN,NaN,0.0,0.0,0.0,0.0,0.0,0.0,0.28902647,NaN,NaN,0.0,0.0,0.0,0.0,0.0,0.0
81169P101,0.52961224,0.7032059,0.024799092,0.0,0.0,0.0,NaN,0.7472824,NaN,0.3040133,0.29635325,-0.0010942945,0.0,0.0,0.0,NaN,0.34220633,NaN
868447103,5.7602487,5.234807,-0.075063094,0.0,0.0,0.0,NaN,0.77314794,NaN,0.16352631,0.18473595,0.0030299488,0.0,0.0,0.0,NaN,0.21709532,NaN
45255G101,0.27764726,0.31307805,0.005061541,0.0,0.0,0.0,0.0,0.0,0.0,0.4080294,0.3138326,-0.0134566855,0.0,0.0,0.0,0.0,0.0,0.0
453096208,0.44293374,0.41878504,-0.0034498146,0.0,0.0,0.0,NaN,0.1043554,NaN,0.26068348,0.31301475,0.0074758953,0.0,0.0,0.0,NaN,0.24383527,NaN
45321T202,0.67462534,1.2997537,0.089304045,0.0,0.0,0.0,0.0,0.0,0.0,0.33847472,0.34990534,0.0016329458,0.0,0.0,0.0,0.0,0.0,0.0
45772G105,0.08165988,0.36230966,0.040092826,0.0,0.0,0.0,0.0,0.0,0.0,0.3105484,0.34062383,0.00429649,0.0,0.0,0.0,0.0,0.0,0.0
45811E301,0.34133634,0.48886433,0.021075428,0.0,0.0,0.0,0.14850272,NaN,NaN,0.32232875,0.24859728,-0.0105330665,0.0,0.0,0.0,0.24601704,NaN,NaN
45812C106,0.6149206,0.81092644,0.028000832,0.0,0.0,0.0,0.0,0.0,0.0,0.45216066,0.41805327,-0.0048724837,0.0,0.0,0.0,0.0,0.0,0.0
45881K104,0.36985403,0.42747903,0.008232142,0.0,0.0,0.0,0.0,0.0,0.0,NaN,NaN,NaN,0.0,0.0,0.0,0.0,0.0,0.0
459004404,0.6441532,0.7429125,0.014108471,0.8286704,NaN,NaN,0.0,0.0,0.0,0.5719489,0.593045,0.00301373,0.58876646,NaN,NaN,0.0,0.0,0.0
45950T101,0.36698925,0.5088732,0.020269139,0.0,0.0,0.0,0.0,0.0,0.0,0.32859024,0.33756918,0.0012827048,0.0,0.0,0.0,0.0,0.0,0.0
46072H108,0.3623655,0.33616748,-0.0037425756,0.0,0.0,0.0,0.0,0.0,0.0,0.14700612,0.08688268,-0.008589064,0.0,0.0,0.0,0.0,0.0,0.0
45031T872,0.6729939,0.82505006,0.021722307,0.25685003,NaN,NaN,NaN,0.42857257,NaN,0.3787115,0.45634344,0.011090279,0.5204426,NaN,NaN,NaN,0.35116437,NaN
469834105,0.4051973,0.57284635,0.023949865,0.0,0.0,0.0,0.0,0.0,0.0,0.3430207,0.34265387,-5.2405256E-5,0.0,0.0,0.0,0.0,0.0,0.0
470737107,0.35445333,0.3690664,0.0020875803,0.07547493,0.054319687,-0.004231049,0.0,0.0,0.0,0.21866767,0.23529369,0.002375145,0.27850804,0.2894158,0.0021815537,0.0,0.0,0.0
46611Q403,0.6269991,0.8012439,0.024892118,0.0,0.0,0.0,0.0,0.0,0.0,0.4740183,0.48528424,0.0016094191,0.0,0.0,0.0,0.0,0.0,0.0
477066203,0.63384813,NaN,NaN,0.0,0.0,0.0,0.0,0.0,0.0,0.29985356,NaN,NaN,0.0,0.0,0.0,0.0,0.0,0.0
481138105,0.57917327,NaN,NaN,0.0,0.0,0.0,0.0,0.0,0.0,0.41910237,NaN,NaN,0.0,0.0,0.0,0.0,0.0,0.0
481386100,0.5552685,0.71306443,0.022542272,0.0,0.0,0.0,0.0,0.0,0.0,0.1945797,0.20230791,0.0011040291,0.0,0.0,0.0,0.0,0.0,0.0
48213P106,0.18446033,0.38876903,0.029186958,0.0,0.0,0.0,0.0,0.0,0.0,0.18770143,0.20936584,0.0030949158,0.0,0.0,0.0,0.0,0.0,0.0
29084Q100,0.29302722,0.59152675,0.04264279,0.0,0.0,0.0,NaN,0.15537173,NaN,0.1788645,0.28109553,0.014604434,0.0,0.0,0.0,NaN,0.20989622,NaN
483007704,NaN,0.31865725,NaN,0.0,0.0,0.0,0.07628929,0.07337058,-4.1695792E-4,NaN,0.2889248,NaN,0.0,0.0,0.0,0.2644983,0.2247377,-0.005680084
485808109,0.54064006,NaN,NaN,0.0,0.0,0.0,0.0,0.0,0.0,0.28877178,NaN,NaN,0.0,0.0,0.0,0.0,0.0,0.0
482434206,0.7086366,1.3717877,0.09473587,0.32948512,NaN,NaN,0.5702701,0.6947973,0.017789593,0.42811108,0.43447363,9.089368E-4,0.3600778,NaN,NaN,0.33889037,0.41714028,0.011178558
482455102,NaN,0.5524918,NaN,0.0,0.0,0.0,0.0,0.0,0.0,NaN,0.24489488,NaN,0.0,0.0,0.0,0.0,0.0,0.0
488035106,0.5875584,0.6640293,0.010924416,0.0,0.0,0.0,0.0,0.0,0.0,0.30510727,0.26442185,-0.005812202,0.0,0.0,0.0,0.0,0.0,0.0
492716105,0.6462514,0.7311298,0.012125492,0.0,0.0,0.0,0.0,0.0,0.0,0.30615237,0.29083648,-0.0021879843,0.0,0.0,0.0,0.0,0.0,0.0
494521305,0.80135703,0.7991521,-3.1499352E-4,0.0,0.0,0.0,0.46560466,0.3598648,-0.0151056945,0.33978912,0.39312002,0.0076186997,0.0,0.0,0.0,0.31795102,0.26166207,-0.008041279
498326206,0.5007439,0.48161903,-0.002732128,0.0,0.0,0.0,0.0,0.0,0.0,0.16968279,0.17124033,2.2250626E-4,0.0,0.0,0.0,0.0,0.0,0.0
812350106,0.25161693,0.31619233,0.009225057,0.13259241,NaN,NaN,0.08395392,0.04807842,-0.005125071,0.26530004,0.27483046,0.0013614893,0.20584711,NaN,NaN,0.176358,0.19244736,0.0022984806
500453204,0.5806723,0.6393873,0.008387855,0.0,0.0,0.0,0.43875164,0.26774505,-0.024429513,0.021382302,0.020039776,-1.9178938E-4,0.0,0.0,0.0,0.0037289653,NaN,NaN
505606103,0.3195425,0.4447913,0.017892685,0.0,0.0,0.0,0.0,0.0,0.0,0.32402432,0.3201579,-5.5234774E-4,0.0,0.0,0.0,0.0,0.0,0.0
51808R206,0.36355487,NaN,NaN,0.0,0.0,0.0,0.0,0.0,0.0,0.1191687,NaN,NaN,0.0,0.0,0.0,0.0,0.0,0.0
521863308,0.6697137,0.9635376,0.041974843,0.0,0.0,0.0,NaN,0.23169042,NaN,0.81931746,0.5099263,-0.044198733,0.0,0.0,0.0,NaN,0.44297415,NaN
521865204,0.31467617,0.5131458,0.028352806,0.0,0.0,0.0,NaN,0.1328329,NaN,0.11263119,0.2218491,0.015602559,0.0,0.0,0.0,NaN,0.40221965,NaN
521098202,0.7806346,NaN,NaN,0.0,0.0,0.0,0.0,0.0,0.0,0.35153297,NaN,NaN,0.0,0.0,0.0,0.0,0.0,0.0
526262100,0.32286254,0.38574874,0.008983744,0.0,0.0,0.0,0.0,0.0,0.0,NaN,NaN,NaN,0.0,0.0,0.0,0.0,0.0,0.0
B5628B104,0.3153607,0.23156682,-0.0119705545,0.0,0.0,0.0,0.0,0.0,0.0,0.13452116,0.11233581,-0.0031693354,0.0,0.0,0.0,0.0,0.0,0.0
527016109,0.37017393,0.51196665,0.020256102,0.0199741,NaN,NaN,0.003339405,0.051503,0.0068805134,0.31191045,0.29088315,-0.0030038995,0.3018593,NaN,NaN,0.2996744,0.252099,-0.0067964834
527482103,0.73551273,0.83840704,0.014699186,0.0,0.0,0.0,0.0,0.0,0.0,0.30219126,0.31923887,0.0024353734,0.0,0.0,0.0,0.0,0.0,0.0
530129204,3.0508105E-4,NaN,NaN,0.0,0.0,0.0,0.0,0.0,0.0,0.14216214,NaN,NaN,0.0,0.0,0.0,0.0,0.0,0.0
536257108,0.3599159,0.3865989,0.0038118574,0.15896441,NaN,NaN,0.087386556,0.25295916,0.02365323,0.3554985,0.32971618,-0.0036831882,0.10770551,NaN,NaN,0.1981346,0.2248477,0.0038161576
538032400,0.43604925,0.45432386,0.0026106578,0.0,0.0,0.0,0.41577688,0.51592726,0.014307196,0.2940861,0.2665974,-0.0039269584,0.0,0.0,0.0,0.23534869,0.25560868,0.0028942844
54021P403,0.64773077,0.64471525,-4.3078832E-4,0.0,0.0,0.0,0.63573813,0.591292,-0.0063494444,0.44170204,0.44376093,2.9412765E-4,0.0,0.0,0.0,0.44203436,0.40281886,-0.005602215
014383103,0.38420513,0.47041997,0.012316406,0.02215601,NaN,NaN,0.2373497,0.21701062,-0.0029055837,0.25971976,0.28376773,0.0034354243,0.27886274,NaN,NaN,0.27594957,0.26264772,-0.0019002642
540423100,0.42749822,0.52944595,0.014563961,0.0,0.0,0.0,0.0,0.0,0.0,0.18328844,0.21479546,0.0045010024,0.0,0.0,0.0,0.0,0.0,0.0
542290408,0.34865752,0.40685567,0.008314022,0.0030745503,0.003180625,8.159585E-6,NaN,0.21592923,NaN,0.51834947,0.3966269,-0.01738894,0.39715213,0.407477,7.942204E-4,NaN,0.24419928,NaN
543881106,0.57954866,0.8675208,0.04113888,0.0,0.0,0.0,0.07512493,NaN,NaN,0.24664226,0.22958803,-0.0024363187,0.0,0.0,0.0,0.16048357,NaN,NaN
501921100,0.057420302,0.18903117,0.018801553,0.010160074,0.0021437237,-2.9690185E-4,0.03394871,0.034930572,1.4026623E-4,0.31103423,0.31909078,0.0011509359,0.28390506,0.32967532,0.0016951947,0.27159187,0.27856636,9.963555E-4
552078107,0.42594728,NaN,NaN,0.0,0.0,0.0,0.0,0.0,0.0,0.3074002,NaN,NaN,0.0,0.0,0.0,0.0,0.0,0.0
559211305,0.4325944,0.3610166,-0.0102253985,0.0,0.0,0.0,0.0,0.0,0.0,0.2058516,0.22558862,0.0028195742,0.0,0.0,0.0,0.0,0.0,0.0
478129109,NaN,0.22562814,NaN,0.0042958055,0.038328696,0.0020019347,0.0,0.0,0.0,NaN,0.19171472,NaN,0.24543528,0.20952797,-0.002112195,0.0,0.0,0.0
566244109,NaN,0.0032217319,NaN,0.0,0.0,0.0,0.0,0.0,0.0,NaN,0.21293117,NaN,0.0,0.0,0.0,0.0,0.0,0.0
568695209,NaN,0.37385908,NaN,0.37133485,0.054106332,-0.02643571,0.0,0.0,0.0,NaN,0.31683344,NaN,0.3634673,0.3458638,-0.0014669597,0.0,0.0,0.0
573913100,0.45892015,0.51770645,0.008398043,0.24040285,NaN,NaN,0.5573673,NaN,NaN,0.25892317,0.32424754,0.009332052,0.33443868,NaN,NaN,0.3310746,NaN,NaN
582266706,0.4904457,0.8361661,0.049388625,0.0,0.0,0.0,0.0,0.0,0.0,0.35575426,0.366276,0.0015031056,0.0,0.0,0.0,0.0,0.0,0.0
55270M108,0.282905,0.2424501,-0.005779273,0.0,0.0,0.0,0.0,0.0,0.0,0.1642245,0.18827914,0.0034363759,0.0,0.0,0.0,0.0,0.0,0.0
58461Q409,0.45186195,NaN,NaN,0.0,0.0,0.0,0.0,0.0,0.0,0.3660463,NaN,NaN,0.0,0.0,0.0,0.0,0.0,0.0
584951107,0.1431809,0.5780484,0.06212393,0.0,0.0,0.0,0.0,0.0,0.0,0.3391996,0.33863935,-8.003627E-5,0.0,0.0,0.0,0.0,0.0,0.0
590436101,0.11686578,0.21271038,0.013692087,0.024994612,NaN,NaN,0.0,0.0,0.0,0.25599346,0.29920968,0.006173747,0.13576366,NaN,NaN,0.0,0.0,0.0
590479101,0.5402551,0.53015685,-0.0014426112,0.0,0.0,0.0,0.0,0.0,0.0,0.4165008,0.4095081,-9.989568E-4,0.0,0.0,0.0,0.0,0.0,0.0
591324207,0.4179181,0.48967466,0.010250939,0.0,0.0,0.0,0.23488006,0.32011572,0.012176522,0.3228213,0.3336838,0.0015517856,0.0,0.0,0.0,0.30507904,0.28824115,-0.0024054137
591596101,0.83978605,0.21566975,-0.089159474,0.0,0.0,0.0,0.0,0.0,0.0,0.16426484,0.32819593,0.023418726,0.0,0.0,0.0,0.0,0.0,0.0
00374N107,0.4567244,0.37719882,-0.011360799,0.0,0.0,0.0,0.0,0.0,0.0,0.33847472,0.3499055,0.0016329671,0.0,0.0,0.0,0.0,0.0,0.0
552813107,0.76626056,1.1038517,0.048227303,0.0,0.0,0.0,0.0,0.0,0.0,0.3645167,0.35557026,-0.0012780641,0.0,0.0,0.0,0.0,0.0,0.0
594517104,0.6193013,0.7173414,0.014005729,0.0,0.0,0.0,0.0,0.0,0.0,0.29404503,0.29659322,3.6402684E-4,0.0,0.0,0.0,0.0,0.0,0.0
598126100,0.41761354,0.45934662,0.0059618694,0.0,0.0,0.0,0.0,0.0,0.0,0.32415828,0.34305328,0.0026992857,0.0,0.0,0.0,0.0,0.0,0.0
598130102,0.32003775,0.36228338,0.0060350895,0.02649668,NaN,NaN,0.0,0.0,0.0,0.46634725,0.44406414,-0.003183301,0.3842343,NaN,NaN,0.0,0.0,0.0
598709301,0.40290126,NaN,NaN,0.0,0.0,0.0,0.0,0.0,0.0,0.16053817,NaN,NaN,0.0,0.0,0.0,0.0,0.0,0.0
603669102,0.33355445,0.6700506,0.04206202,0.0,0.0,0.0,0.0,0.0,0.0,0.19463877,0.25259888,0.0072450135,0.0,0.0,0.0,0.0,0.0,0.0
605288208,0.4935255,0.5486206,0.007870725,0.0,0.0,0.0,0.0,0.0,0.0,0.37641573,0.42248613,0.0065814853,0.0,0.0,0.0,0.0,0.0,0.0
553100108,0.13392521,0.23574664,0.0145459175,0.14977974,NaN,NaN,0.0,0.0,0.0,0.42091516,0.39716053,-0.003393518,0.24839912,NaN,NaN,0.0,0.0,0.0
607415106,0.49591923,0.59649277,0.014367648,0.0,0.0,0.0,0.0,0.0,0.0,0.42547354,0.41567323,-0.001400045,0.0,0.0,0.0,0.0,0.0,0.0
60886R103,0.0551534,0.15804079,0.014698199,0.0,0.0,0.0,0.0,0.0,0.0,0.39575475,0.35824028,-0.005359211,0.0,0.0,0.0,0.0,0.0,0.0
618447106,0.16246118,0.37101245,0.029793039,0.0,0.0,0.0,0.0,0.0,0.0,0.19472302,0.1073436,-0.012482775,0.0,0.0,0.0,0.0,0.0,0.0
624581203,0.87842804,1.3340312,0.06508617,0.0,0.0,0.0,0.0,0.0,0.0,0.35407808,0.31920195,-0.004982305,0.0,0.0,0.0,0.0,0.0,0.0
553166109,0.28235817,0.21910627,-0.009035985,0.0,0.0,0.0,0.0,0.0,0.0,0.345252,0.31464595,-0.0043722945,0.0,0.0,0.0,0.0,0.0,0.0
62473L309,0.3934199,0.70322615,0.044258036,0.0,0.0,0.0,NaN,6.608326E-4,NaN,0.3787115,0.45634344,0.011090279,0.0,0.0,0.0,NaN,0.35575438,NaN
635570500,0.57941484,0.57263684,-9.6828595E-4,0.0984004,NaN,NaN,0.4696971,0.39614207,-0.01050786,0.32652685,0.35587072,0.004191982,0.36670583,NaN,NaN,0.33630455,0.38150594,0.0064573414
635812209,0.49189225,1.0125551,0.07438041,0.0,0.0,0.0,0.0,0.0,0.0,0.3258707,0.39675447,0.0101262545,0.0,0.0,0.0,0.0,0.0,0.0
640820106,0.7130511,0.847542,0.019212987,0.0,0.0,0.0,0.0,0.0,0.0,0.41293442,0.45419192,0.0058939285,0.0,0.0,0.0,0.0,0.0,0.0
638588103,0.63155156,0.6848877,0.007619449,0.0,0.0,0.0,0.0,0.0,0.0,0.49762678,0.41629282,-0.011619138,0.0,0.0,0.0,0.0,0.0,0.0
64122D506,0.119029194,0.41502696,0.042285394,0.0,0.0,0.0,0.0,0.0,0.0,0.37705886,0.4269128,0.0071219928,0.0,0.0,0.0,0.0,0.0,0.0
641881107,0.4728783,0.7103343,0.033922285,0.0,0.0,0.0,0.0,0.0,0.0,0.4447751,0.4030342,-0.005962985,0.0,0.0,0.0,0.0,0.0,0.0
655053106,0.3572222,0.33940455,-0.002545378,0.0,0.0,0.0,0.0,0.0,0.0,0.09549171,0.1100594,0.0020810994,0.0,0.0,0.0,0.0,0.0,0.0
656568508,0.28211764,0.39370576,0.01594116,0.0,0.0,0.0,0.18327974,0.12235575,-0.008703426,0.15977207,0.11920999,-0.0057945824,0.0,0.0,0.0,0.29048765,0.2603948,-0.0042989766
666610100,0.11490701,0.6660832,0.07873946,0.0,0.0,0.0,0.0,0.0,0.0,0.4071026,0.33669996,-0.010057522,0.0,0.0,0.0,0.0,0.0,0.0
667280408,0.58614856,0.6208872,0.0049626655,0.0,0.0,0.0,0.30572176,NaN,NaN,0.44221383,0.405363,-0.0052644056,0.0,0.0,0.0,0.39657846,NaN,NaN
668367204,0.33694655,NaN,NaN,0.0,0.0,0.0,0.0,0.0,0.0,0.31103423,NaN,NaN,0.0,0.0,0.0,0.0,0.0,0.0
67019U101,0.5013768,0.6605332,0.022736626,0.0,0.0,0.0,0.0,0.0,0.0,0.65059596,0.68771774,0.0053031105,0.0,0.0,0.0,0.0,0.0,0.0
69367F108,0.49997178,0.8416748,0.048814718,0.0,0.0,0.0,0.0,0.0,0.0,0.3787115,0.4563436,0.0110903,0.0,0.0,0.0,0.0,0.0,0.0
669935108,0.4299394,0.65070844,0.031538434,0.0,0.0,0.0,0.0,0.0,0.0,0.14053717,0.24461855,0.014868768,0.0,0.0,0.0,0.0,0.0,0.0
62944T105,0.7110641,0.6294883,-0.011653687,0.43711913,0.44010603,5.973816E-4,0.6152943,0.54461694,-0.010096763,0.58537894,0.5850671,-4.4550216E-5,0.50904465,0.45940313,-0.009928304,0.4392908,0.4768458,0.0053650015
674098207,0.38436675,0.44413057,0.008537688,0.0,0.0,0.0,0.0,0.0,0.0,0.0682759,0.11045364,0.006025392,0.0,0.0,0.0,0.0,0.0,0.0
67083Q101,0.15505031,NaN,NaN,0.0,0.0,0.0,0.0,0.0,0.0,0.048421353,NaN,NaN,0.0,0.0,0.0,0.0,0.0,0.0
677007205,0.5873458,0.6396115,0.007466529,0.0,0.0,0.0,0.0,0.0,0.0,0.31267536,0.30406103,-0.0012306188,0.0,0.0,0.0,0.0,0.0,0.0
682505102,0.55915105,NaN,NaN,0.0,0.0,0.0,0.0,0.0,0.0,0.32048318,NaN,NaN,0.0,0.0,0.0,0.0,0.0,0.0
686285503,0.37542635,0.48301148,0.015369304,0.0,0.0,0.0,0.45902643,0.56299365,0.01485246,0.360534,0.32486224,-0.005095967,0.0,0.0,0.0,0.2853953,0.3136655,0.004038602
686588104,0.69295555,NaN,NaN,0.0,0.0,0.0,0.0,0.0,0.0,0.45684525,NaN,NaN,0.0,0.0,0.0,0.0,0.0,0.0
690020102,NaN,0.34914175,NaN,0.0,0.0,0.0,0.0,0.0,0.0,NaN,0.18265511,NaN,0.0,0.0,0.0,0.0,0.0,0.0
690742101,0.4184575,0.43930146,0.0029777077,0.01814349,NaN,NaN,0.2882326,0.26683235,-0.0030571776,0.2537198,0.26315036,0.0013472225,0.16746412,NaN,NaN,0.1625835,0.13540651,-0.0038824272
694327107,0.039191637,0.17549075,0.019471303,0.0,0.0,0.0,0.0,0.0,0.0,0.3934566,0.37789723,-0.0022227678,0.0,0.0,0.0,0.0,0.0,0.0
695542100,1.1749457,1.4431196,0.03831056,0.0,0.0,0.0,0.0,0.0,0.0,0.6057481,0.54984605,-0.007986009,0.0,0.0,0.0,0.0,0.0,0.0
696639103,0.59148407,0.6719775,0.011499064,0.0,0.0,0.0,0.0,0.0,0.0,0.33469734,0.68785447,0.050451018,0.0,0.0,0.0,0.0,0.0,0.0
697757102,0.3997166,0.50863653,0.015559993,0.06989544,NaN,NaN,0.0,0.0,0.0,0.46634725,0.44406414,-0.003183301,0.3842343,NaN,NaN,0.0,0.0,0.0
698891108,0.75378007,0.7839696,0.0043127877,0.0,0.0,0.0,0.0,0.0,0.0,0.30280802,0.3465875,0.0062542134,0.0,0.0,0.0,0.0,0.0,0.0
69912K206,0.17932387,0.21780606,0.0054974556,0.007692141,NaN,NaN,0.0,0.0,0.0,0.35230035,0.3451953,-0.0010150075,0.35388282,NaN,NaN,0.0,0.0,0.0
704378405,0.4602193,0.5083837,0.0068806284,0.0,0.0,0.0,0.0,0.0,0.0,0.29931125,0.3042988,7.125054E-4,0.0,0.0,0.0,0.0,0.0,0.0
70556K106,0.23771463,0.78873444,0.07871711,0.0,0.0,0.0,0.0,0.0,0.0,0.18829606,0.19955407,0.0016082866,0.0,0.0,0.0,0.0,0.0,0.0
707832309,0.37413216,0.41829246,0.006308615,0.0,0.0,0.0,0.3088004,0.3501962,0.0059136874,0.30979058,0.31580546,8.5926906E-4,0.0,0.0,0.0,0.32648796,0.3396573,0.0018813355
709620108,0.5050239,0.5072617,3.1968526E-4,0.0,0.0,0.0,0.0,0.0,0.0,0.3800658,0.36453614,-0.0022185233,0.0,0.0,0.0,0.0,0.0,0.0
71366Q200,0.12196674,0.52147746,0.05707296,0.0,0.0,0.0,0.0,0.0,0.0,0.12457873,0.14262441,0.0025779542,0.0,0.0,0.0,0.0,0.0,0.0
716769203,0.7636075,1.1389974,0.053627133,1.0257067E-4,NaN,NaN,0.41704103,0.41934443,3.2905597E-4,0.36128718,0.3242463,-0.0052915555,0.32366773,NaN,NaN,0.37305632,0.3476744,-0.003625989
717113203,0.42541993,0.47915125,0.0076759034,0.0,0.0,0.0,0.0,0.0,0.0,0.35936219,0.3115014,-0.006837253,0.0,0.0,0.0,0.0,0.0,0.0
719151102,0.7039209,0.6796116,-0.003472754,0.0,0.0,0.0,0.0,0.0,0.0,0.26345226,0.28843486,0.0035689431,0.0,0.0,0.0,0.0,0.0,0.0
72147K108,0.3402581,0.46788827,0.018232882,0.0,0.0,0.0,NaN,0.41555652,NaN,0.18638018,0.21153691,0.0035938194,0.0,0.0,0.0,NaN,0.32247946,NaN
721506103,0.5862731,0.6445268,0.008321958,0.0,0.0,0.0,0.0,0.0,0.0,0.069667205,0.09316779,0.0033572263,0.0,0.0,0.0,0.0,0.0,0.0
723643300,0.88159686,1.0199378,0.019762984,0.0,0.0,0.0,0.0,0.0,0.0,0.32784626,0.30963242,-0.002601977,0.0,0.0,0.0,0.0,0.0,0.0
72702Q102,0.048601687,0.6553682,0.086680934,0.0,0.0,0.0,0.0,0.0,0.0,0.28782424,0.34034085,0.007502373,0.0,0.0,0.0,0.0,0.0,0.0
731095105,0.43161523,0.51009417,0.011211276,0.0,0.0,0.0,0.0,0.0,0.0,0.42312533,0.29496178,-0.018309077,0.0,0.0,0.0,0.0,0.0,0.0
731745204,0.69927263,0.84611887,0.020978034,0.0,0.0,0.0,0.0,0.0,0.0,0.27571827,0.22816485,-0.006793346,0.0,0.0,0.0,0.0,0.0,0.0
732827100,0.5401023,0.51117253,-0.0041328245,0.0,0.0,0.0,0.0,0.0,0.0,0.3953334,0.37332436,-0.0031441492,0.0,0.0,0.0,0.0,0.0,0.0
741016307,0.9645272,NaN,NaN,0.0,0.0,0.0,0.0,0.0,0.0,0.34095448,NaN,NaN,0.0,0.0,0.0,0.0,0.0,0.0
741917108,0.46042743,0.5291554,0.009818277,NaN,0.017128048,NaN,0.5036554,0.45371395,-0.007134489,0.59748536,0.55007523,-0.006772876,NaN,0.5491495,NaN,0.5008196,0.46445805,-0.005194511
74342L105,0.39482585,0.3772541,-0.0025102496,0.0,0.0,0.0,0.0,0.0,0.0,0.2740844,0.27786505,5.4009474E-4,0.0,0.0,0.0,0.0,0.0,0.0
74437C101,0.69867295,1.4280005,0.10418964,0.0,0.0,0.0,0.0,0.0,0.0,0.12185234,0.13671854,0.0021237433,0.0,0.0,0.0,0.0,0.0,0.0
747275105,0.35595524,0.5538102,0.02826499,0.7420892,NaN,NaN,0.0,0.0,0.0,0.31201458,0.31465942,3.7783384E-4,0.35653543,NaN,NaN,0.0,0.0,0.0
749361200,0.83409566,1.0329105,0.028402116,0.0,0.0,0.0,0.3731641,NaN,NaN,0.39919162,0.3853708,-0.0019744039,0.0,0.0,0.0,0.3833114,NaN,NaN
749412102,0.5981686,0.44866908,-0.021357076,0.0,0.0,0.0,0.0,0.0,0.0,0.2381529,0.36998844,0.018833648,0.0,0.0,0.0,0.0,0.0,0.0
756268108,0.55246073,0.6411962,0.012676494,0.0,0.0,0.0,0.0,0.0,0.0,0.15489168,0.23248327,0.011084512,0.0,0.0,0.0,0.0,0.0,0.0
756285102,0.54489595,0.71620005,0.024472015,0.0,0.0,0.0,0.0,0.0,0.0,0.2502018,0.31465623,0.009207777,0.0,0.0,0.0,0.0,0.0,0.0
757209507,0.6088674,0.8388984,0.03286157,0.0,0.0,0.0,6.292731E-5,0.007968964,0.0011294337,0.17655969,0.1484512,-0.004015499,0.0,0.0,0.0,0.1354935,0.14589201,0.0014855011
398189100,0.747528,0.89713335,0.02137219,0.0,0.0,0.0,0.6802752,0.6548184,-0.0036366838,0.4567726,0.3814576,-0.010759286,0.0,0.0,0.0,0.40539318,0.4196352,0.0020345747
761406107,NaN,0.39178842,NaN,0.01915728,0.0072557535,-0.0010819569,0.43053678,NaN,NaN,NaN,0.26470026,NaN,0.23155572,0.24621387,0.0013325594,0.34486097,NaN,NaN
74957T104,0.5904792,1.0614233,0.06727773,0.0,0.0,0.0,0.0,0.0,0.0,0.21126582,0.27588066,0.009230693,0.0,0.0,0.0,0.0,0.0,0.0
762430205,0.6544114,0.8742025,0.031398732,0.0,0.0,0.0,0.0,0.0,0.0,0.1177617,0.15193331,0.0048816586,0.0,0.0,0.0,0.0,0.0,0.0
779088103,0.24283727,NaN,NaN,0.0,0.0,0.0,0.0,0.0,0.0,0.32878473,NaN,NaN,0.0,0.0,0.0,0.0,0.0,0.0
G7702U102,0.6954492,0.83947074,0.02057451,0.0,0.0,0.0,0.0,0.0,0.0,0.39159736,0.37705886,-0.002076928,0.0,0.0,0.0,0.0,0.0,0.0
794004200,0.552216,0.64892215,0.013815165,NaN,0.08805515,NaN,0.48381415,0.5508311,0.009573847,0.15011697,0.15629932,8.83194E-4,NaN,0.16020094,NaN,0.15758924,0.22835895,0.010109959
795872100,NaN,0.7700243,NaN,0.0,0.0,0.0,0.0,0.0,0.0,NaN,0.3056028,NaN,0.0,0.0,0.0,0.0,0.0,0.0
811371707,0.5549529,NaN,NaN,0.0,0.0,0.0,0.0,0.0,0.0,0.27425036,NaN,NaN,0.0,0.0,0.0,0.0,0.0,0.0
816074405,0.41215417,0.6833369,0.038740393,0.0,0.0,0.0,0.0,0.0,0.0,0.26881334,0.29952404,0.0043872423,0.0,0.0,0.0,0.0,0.0,0.0
817587108,0.4461434,0.49539128,0.007035413,0.18758488,NaN,NaN,0.0,0.0,0.0,0.12769227,0.10354606,-0.0034494582,0.08358408,NaN,NaN,0.0,0.0,0.0
G80550109,0.4186238,0.4965802,0.01113663,0.0,0.0,0.0,0.0,0.0,0.0,0.3168146,0.44143805,0.01780335,0.0,0.0,0.0,0.0,0.0,0.0
82967Y104,0.4079883,0.45612898,0.0068772393,0.0,0.0,0.0,0.0,0.0,0.0,0.2845951,0.31033158,0.00367664,0.0,0.0,0.0,0.0,0.0,0.0
83001A102,0.7390873,0.76520014,0.0037304077,0.0,0.0,0.0,NaN,0.35965696,NaN,0.7210612,0.760467,0.0056293947,0.0,0.0,0.0,NaN,0.524832,NaN
78442T108,0.37293434,0.5492553,0.02518871,0.0,0.0,0.0,0.0,0.0,0.0,0.4055586,0.34531057,-0.0086068595,0.0,0.0,0.0,0.0,0.0,0.0
434149100,0.3767967,NaN,NaN,0.0,0.0,0.0,0.0,0.0,0.0,0.2927141,NaN,NaN,0.0,0.0,0.0,0.0,0.0,0.0
83169A100,0.36630753,0.40402347,0.0053879917,0.0,0.0,0.0,0.0,0.0,0.0,0.37818828,0.40188336,0.0033850116,0.0,0.0,0.0,0.0,0.0,0.0
832110100,0.3260441,0.23472302,-0.013045871,0.029391108,0.01273285,-0.002379751,0.44159162,0.5055429,0.009135894,0.16894275,0.19713087,0.004026875,0.20234339,0.1776551,-0.0035268983,0.16406353,0.1603815,-5.260046E-4
83272A104,0.47294512,0.58851594,0.016510116,0.0,0.0,0.0,NaN,0.18399468,NaN,0.3277414,0.40855876,0.011545335,0.0,0.0,0.0,NaN,0.3782637,NaN
83546Q109,0.27145046,0.49326682,0.031688053,0.0,0.0,0.0,0.0,0.0,0.0,0.10236022,0.15607624,0.007673717,0.0,0.0,0.0,0.0,0.0,0.0
836151209,0.27871403,0.66198874,0.05475353,0.0,0.0,0.0,0.0,0.0,0.0,0.2733808,0.113903105,-0.022782525,0.0,0.0,0.0,0.0,0.0,0.0
84649R200,0.32854143,0.55672073,0.032597043,0.06404861,NaN,NaN,NaN,0.32206184,NaN,0.23146832,0.2539726,0.0032148957,0.24434145,NaN,NaN,NaN,0.18993922,NaN
84741Y103,0.39799762,0.44148055,0.006211847,0.0,0.0,0.0,0.0,0.0,0.0,0.27991465,0.2889248,0.0012871666,0.0,0.0,0.0,0.0,0.0,0.0
84761M104,0.5955356,0.9094154,0.04483998,0.0,0.0,0.0,0.4228161,0.525077,0.014608698,0.35376146,0.33837265,-0.0021984023,0.0,0.0,0.0,0.3494266,0.33384144,-0.0022264507
847607108,1.1479584,1.8340567,0.09801405,0.0,0.0,0.0,0.0,0.0,0.0,0.5658825,0.4983825,-0.009642856,0.0,0.0,0.0,0.0,0.0,0.0
84763R101,0.7496438,1.0096363,0.03714178,0.0,0.0,0.0,NaN,0.48649716,NaN,0.35957947,0.289154,-0.010060783,0.0,0.0,0.0,NaN,0.29379806,NaN
848457107,0.4219167,NaN,NaN,0.0,0.0,0.0,0.0,0.0,0.0,0.17353612,NaN,NaN,0.0,0.0,0.0,0.0,0.0,0.0
85254C305,NaN,0.7055957,NaN,0.0,0.0,0.0,0.0021084219,0.001385754,-1.0323827E-4,NaN,0.15703788,NaN,0.0,0.0,0.0,0.1727061,0.17220801,-7.115518E-5
853156206,0.6774876,0.69011194,0.0018034747,0.57925034,0.61721873,0.0075936792,0.57506293,0.9754646,0.057200234,0.22625262,0.22691686,9.4892726E-5,0.25503048,0.27820453,0.0046348097,0.3863935,0.32628787,-0.008586518
854923109,NaN,0.22424987,NaN,0.0,0.0,0.0,0.0,0.0,0.0,NaN,0.37705886,NaN,0.0,0.0,0.0,0.0,0.0,0.0
85569E103,0.6784945,0.92642385,0.035418477,0.0,0.0,0.0,0.0,0.0,0.0,0.1191687,0.17229892,0.007590032,0.0,0.0,0.0,0.0,0.0,0.0
857689103,0.9477378,NaN,NaN,0.0,0.0,0.0,0.0,0.0,0.0,0.4660943,NaN,NaN,0.0,0.0,0.0,0.0,0.0,0.0
861572105,0.0925755,0.09216402,-5.8782953E-5,0.0,0.0,0.0,0.0,0.0,0.0,0.21306843,0.21135388,-2.4493464E-4,0.0,0.0,0.0,0.0,0.0,0.0
862111200,0.31402823,0.40608382,0.013150798,0.041882038,0.02173969,-0.002014235,0.4787235,0.4433983,-0.005046457,0.117524415,0.13913946,0.0030878633,0.20147127,0.1697379,-0.0031733364,0.18464516,0.23230626,0.006808728
86677E100,0.6388803,0.85418177,0.03075735,0.0,0.0,0.0,0.0,0.0,0.0,0.44906396,0.43269137,-0.0023389417,0.0,0.0,0.0,0.0,0.0,0.0
866881105,0.21926966,0.31169632,0.013203808,0.0,0.0,0.0,0.0,0.0,0.0,0.31577715,0.30977705,-8.5715734E-4,0.0,0.0,0.0,0.0,0.0,0.0
86688Q100,0.007324383,NaN,NaN,0.0,0.0,0.0,0.0,0.0,0.0,0.41910237,NaN,NaN,0.0,0.0,0.0,0.0,0.0,0.0
87163L103,0.21647446,NaN,NaN,0.0,0.0,0.0,0.0,0.0,0.0,0.24838647,NaN,NaN,0.0,0.0,0.0,0.0,0.0,0.0
871839205,0.42493945,0.6049792,0.025719967,0.0,0.0,0.0,0.0,0.0,0.0,0.14328395,0.12307708,-0.0028866956,0.0,0.0,0.0,0.0,0.0,0.0
873452304,0.3060958,0.43672755,0.018661678,0.020991541,0.012012408,-0.0011223917,0.55994815,0.41805333,-0.020270688,0.33407578,0.33365977,-5.9430087E-5,0.2847698,0.2516487,-0.0041401386,0.2696806,0.3099382,0.005751086
878415108,NaN,0.53368735,NaN,0.0,0.0,0.0,0.0,0.0,0.0,NaN,0.25962856,NaN,0.0,0.0,0.0,0.0,0.0,0.0
879908101,0.5097577,0.5810029,0.010177885,0.0,0.0,0.0,0.0,0.0,0.0,0.34676206,0.36537302,0.0026587078,0.0,0.0,0.0,0.0,0.0,0.0
87959Y103,0.9485279,1.1090457,0.022931125,0.0,0.0,0.0,0.0,0.0,0.0,0.57638484,0.515297,-0.008726835,0.0,0.0,0.0,0.0,0.0,0.0
87971Q104,0.2857721,0.25176215,-0.004858562,0.0,0.0,0.0,0.0,0.0,0.0,0.38974628,0.33847487,-0.007324487,0.0,0.0,0.0,0.0,0.0,0.0
881694103,0.29115364,0.26663494,-0.0035026711,0.048928067,NaN,NaN,0.31241077,0.24069768,-0.010244727,0.27397808,0.26761177,-9.094732E-4,0.2627088,NaN,NaN,0.23988578,0.27396548,0.004868529
882445109,0.2089635,0.83332413,0.08919437,1.4601736,NaN,NaN,0.3404045,0.9577707,0.08819517,0.31109715,0.31683344,8.194702E-4,0.33137295,NaN,NaN,0.3058954,0.32413092,0.0026050764
872424106,0.4534221,0.39965284,-0.0076813227,0.5543746,1.2932303,0.092356965,2.1490035,NaN,NaN,0.3131066,0.29649386,-0.0023732483,0.2816293,0.29411066,0.0015601702,0.28289115,NaN,NaN
885184101,0.51710826,0.6590745,0.020280888,0.0,0.0,0.0,0.0,0.0,0.0,0.24436432,0.2420947,-3.2423224E-4,0.0,0.0,0.0,0.0,0.0,0.0
889039103,0.2535133,0.33813444,0.012088733,NaN,0.0031433431,NaN,0.006172627,0.0034247576,-3.9255279E-4,0.29176843,0.25323966,-0.00550411,NaN,0.3542319,NaN,0.43033022,0.37173423,-0.008370855
889073201,0.5151145,0.7458398,0.032960754,0.0,0.0,0.0,0.0,0.0,0.0,0.27196813,0.28786337,0.0022707495,0.0,0.0,0.0,0.0,0.0,0.0
872962105,0.4012597,0.59681445,0.027936395,0.0,0.0,0.0,0.0,0.0,0.0,NaN,0.17811786,NaN,0.0,0.0,0.0,0.0,0.0,0.0
891697104,0.44353613,0.5071985,0.009094626,0.0,0.0,0.0,0.0,0.0,0.0,0.3412822,0.32557738,-0.0022435444,0.0,0.0,0.0,0.0,0.0,0.0
891707101,0.45844647,0.49088007,0.0046333713,0.0,0.0,0.0,0.0,0.0,0.0,0.20090267,0.17309843,-0.0039720344,0.0,0.0,0.0,0.0,0.0,0.0
89299Y009,0.59355813,0.6777735,0.012030764,0.6933277,0.84078467,0.024576157,0.0,0.0,0.0,NaN,NaN,NaN,NaN,NaN,NaN,0.0,0.0,0.0
892149105,0.47710046,0.6970074,0.03141528,0.0,0.0,0.0,0.0,0.0,0.0,0.32935736,0.384413,0.007865093,0.0,0.0,0.0,0.0,0.0,0.0
89376N108,0.65294665,0.7234137,0.0100667225,0.0,0.0,0.0,0.0,0.0,0.0,0.310858,0.31729066,9.1895036E-4,0.0,0.0,0.0,0.0,0.0,0.0
893878108,0.27802184,0.31505078,0.0052898484,0.0,0.0,0.0,0.0,0.0,0.0,0.05906747,0.10325222,0.0063121067,0.0,0.0,0.0,0.0,0.0,0.0
894859107,0.435275,0.47319224,0.005416751,0.0,0.0,0.0,0.0,0.0,0.0,0.16626403,0.3042176,0.019707654,0.0,0.0,0.0,0.0,0.0,0.0
896106200,0.54225034,0.718596,0.025192235,0.0,0.0,0.0,0.13519764,0.031707644,-0.014784285,0.3635846,0.3412602,-0.003189202,0.0,0.0,0.0,0.35499436,0.3757132,0.0029598346
896925203,0.7260123,0.78482467,0.008401768,0.0,0.0,0.0,0.0,0.0,0.0,0.3558223,0.3258456,-0.004282385,0.0,0.0,0.0,0.0,0.0,0.0
89816T103,0.63413155,0.81663233,0.02607154,0.0,0.0,0.0,0.6243898,0.61853945,-8.3576783E-4,0.47974902,0.44355324,-0.0051708263,0.0,0.0,0.0,0.43062443,0.4607567,0.0043046093
872918107,0.21058737,0.34841117,0.019689115,0.0,0.0,0.0,0.0,0.0,0.0,0.2530382,0.16158189,-0.013065187,0.0,0.0,0.0,0.0,0.0,0.0
899900104,0.5699629,0.55396146,-0.0022859233,0.0,0.0,0.0,0.0,0.0,0.0,0.78099227,0.84664965,0.009379625,0.0,0.0,0.0,0.0,0.0,0.0
901167106,0.23447032,0.23347221,-1.4258709E-4,0.0,0.0,0.0,0.0,0.0,0.0,0.11856705,0.1829681,0.009200149,0.0,0.0,0.0,0.0,0.0,0.0
87311M102,0.39047053,0.43373203,0.006180214,0.0,0.0,0.0,0.0,0.0,0.0,0.30762985,0.34917808,0.0059354603,0.0,0.0,0.0,0.0,0.0,0.0
90334D109,0.42868617,0.26422852,-0.02349395,0.0,0.0,0.0,0.0,0.0,0.0,0.3590619,0.3535417,-7.8859925E-4,0.0,0.0,0.0,0.0,0.0,0.0
90333L201,0.501475,0.7567614,0.036469486,0.0,0.0,0.0,0.0,0.0,0.0,0.22726658,0.1662691,-0.008713926,0.0,0.0,0.0,0.0,0.0,0.0
911920106,0.653541,0.6862566,0.0046736514,0.21328644,0.14321429,-0.00875902,0.4699397,0.4340561,-0.0051262295,0.593045,0.58537894,-0.0010951502,0.57866645,0.4751195,-0.012943368,0.44035316,0.46954954,0.004170912
90331T107,0.40377197,NaN,NaN,0.0,0.0,0.0,0.0,0.0,0.0,0.37954,NaN,NaN,0.0,0.0,0.0,0.0,0.0,0.0
910047109,0.3058515,0.41961432,0.016251832,0.031922687,NaN,NaN,0.41293988,0.35266703,-0.008610406,0.36034647,0.41919,0.008406217,0.42852846,NaN,NaN,0.38698715,0.3861613,-1.1797888E-4
902646108,0.65733296,0.7147389,0.008200849,0.0,0.0,0.0,0.0,0.0,0.0,0.44500762,0.45775566,0.0018211475,0.0,0.0,0.0,0.0,0.0,0.0
903849107,0.033489592,0.2157582,0.026038375,0.0,0.0,0.0,0.0,0.0,0.0,0.19920792,0.16410194,-0.005015139,0.0,0.0,0.0,0.0,0.0,0.0
910858109,0.67913824,1.159695,0.06865097,1.5296105,NaN,NaN,NaN,1.0145904,NaN,0.3301675,0.38301942,0.0075502736,0.41990203,NaN,NaN,NaN,0.4432114,NaN
35241Q107,NaN,0.42535958,NaN,0.05615709,0.055466235,-2.5587226E-5,0.034202162,0.028445417,-8.223922E-4,NaN,0.29652086,NaN,0.20882435,0.3322438,0.004571091,0.3464343,0.32692295,-0.0027873346
903293405,1.5916249,1.628974,0.0053355866,0.0,0.0,0.0,0.581483,0.51559484,-0.009412595,0.3096671,0.28273624,-0.003847267,0.0,0.0,0.0,0.23719375,0.23803638,1.2037584E-4
917311805,0.52301127,0.5914829,0.009781659,0.0,0.0,0.0,0.0,0.0,0.0,0.11244155,0.1342987,0.00312245,0.0,0.0,0.0,0.0,0.0,0.0
91972C106,0.40014163,0.45637366,0.008033148,0.0,0.0,0.0,0.0,0.0,0.0,NaN,NaN,NaN,0.0,0.0,0.0,0.0,0.0,0.0
919902106,0.36196482,0.40352115,0.0059366184,0.0,0.0,0.0,0.0,0.0,0.0,0.21149877,0.2504634,0.005566376,0.0,0.0,0.0,0.0,0.0,0.0
494580103,0.57831246,0.47826153,-0.01429299,0.0,0.0,0.0,0.14095743,0.100164175,-0.005827608,0.4553535,0.4398555,-0.0022140017,0.0,0.0,0.0,0.41246286,0.35546282,-0.008142863
923275101,0.37107226,0.55223566,0.025880486,0.0,0.0,0.0,0.0,0.0,0.0,0.2933689,0.2604407,-0.0047040284,0.0,0.0,0.0,0.0,0.0,0.0
92335X100,0.70247173,3.7601843,0.43681607,0.0,0.0,0.0,0.0,0.0,0.0,0.377059,0.42691264,0.007121946,0.0,0.0,0.0,0.0,0.0,0.0
92336G106,0.33802631,0.47662318,0.019799551,0.0,0.0,0.0,0.0,0.0,0.0,0.29015228,0.3610054,0.010121874,0.0,0.0,0.0,0.0,0.0,0.0
925492100,0.46280697,1.2626009,0.11425628,0.0,0.0,0.0,0.0,0.0,0.0,0.2704162,0.22448131,-0.0065621263,0.0,0.0,0.0,0.0,0.0,0.0
92553H803,0.6357147,1.0852362,0.056190185,0.0,0.0,0.0,0.0,0.0,0.0,0.31766155,0.27936298,-0.004787322,0.0,0.0,0.0,0.0,0.0,0.0
925529208,0.76315165,0.8144364,0.00732639,0.0,0.0,0.0,0.0,0.0,0.0,0.39152336,0.37871146,-0.0018302713,0.0,0.0,0.0,0.0,0.0,0.0
63845P101,0.42872223,0.68142307,0.03610012,0.0,0.0,0.0,0.70643276,0.73336446,0.0038473862,0.23781572,0.24836078,0.0015064372,0.0,0.0,0.0,0.30288565,0.32282236,0.0028481015
92839U206,0.3814988,0.48104048,0.014220238,0.0,0.0,0.0,0.0,0.0,0.0,0.16872586,0.22169991,0.007567721,0.0,0.0,0.0,0.0,0.0,0.0
928559103,0.67512065,0.9030926,0.032567423,0.0,0.0,0.0,0.0,0.0,0.0,0.32033122,0.33169326,0.0016231494,0.0,0.0,0.0,0.0,0.0,0.0
38388F108,0.055189136,0.14560291,0.015068963,0.006052087,0.0031011188,-7.765706E-5,0.3245877,0.31666118,-0.0011323605,0.34402308,0.30759957,-0.006070584,0.30425906,0.27525777,-7.63192E-4,0.27346876,0.2984702,0.0035716337
93369N109,0.3206667,0.4519433,0.0187538,0.0936856,NaN,NaN,0.009267076,0.0319718,0.003243532,0.1633101,0.14802334,-0.0021838227,0.12818189,NaN,NaN,0.113413535,0.123235345,0.0014031157
934390402,0.47141472,0.7013612,0.032849494,0.0,0.0,0.0,0.18975882,0.18342644,-9.046261E-4,0.23469554,0.22023842,-0.002065303,0.0,0.0,0.0,0.22121169,0.20826451,-0.001849596
938862208,0.08536663,0.24642694,0.023008615,0.0,0.0,0.0,0.0,0.0,0.0,0.21135388,0.21149272,1.9833446E-5,0.0,0.0,0.0,0.0,0.0,0.0
94769A101,1.1164278,1.2134029,0.013853584,0.0,0.0,0.0,0.0,0.0,0.0,0.57638484,0.51529694,-0.008726844,0.0,0.0,0.0,0.0,0.0,0.0
94845V103,0.02176321,0.020853434,-1.2996793E-4,0.0,0.0,0.0,0.0,0.0,0.0,0.15185842,0.20153855,0.0070971614,0.0,0.0,0.0,0.0,0.0,0.0
948462106,0.60426444,0.5319211,-0.010334765,0.0,0.0,0.0,0.0,0.0,0.0,0.25015724,0.29870567,0.00693549,0.0,0.0,0.0,0.0,0.0,0.0
948774104,0.47349644,NaN,NaN,0.0,0.0,0.0,0.0,0.0,0.0,0.31645,NaN,NaN,0.0,0.0,0.0,0.0,0.0,0.0
955465109,0.26974848,0.2061344,-0.0090877265,0.0,0.0,0.0,0.16975065,NaN,NaN,0.3638143,0.33603483,-0.0039684945,0.0,0.0,0.0,0.32256252,NaN,NaN
958043408,0.67520046,1.0186411,0.04906295,0.0,0.0,0.0,0.5449772,0.48383278,-0.008734916,0.3094476,0.19663121,-0.016116625,0.0,0.0,0.0,0.19809754,0.15355712,-0.0063629174
960878106,0.16177285,0.21745284,0.007954285,0.0,0.0,0.0,0.066290334,0.021540616,-0.006392817,0.28915954,0.2666224,-0.0032195917,0.0,0.0,0.0,0.27418476,0.32434306,0.00716547
961238102,1.1646907,1.2194259,0.007819312,0.0,0.0,0.0,0.0,0.0,0.0,0.091663785,0.081117466,-0.0015066171,0.0,0.0,0.0,0.0,0.0,0.0
410315105,0.5059269,0.5023444,-5.1178253E-4,0.5675157,0.38786688,-0.017964879,0.5530944,0.7375487,0.026350617,0.17936003,0.17617883,-4.5445774E-4,0.20463234,0.2547838,0.005015147,0.20293367,0.18492459,-0.002572726
194831004,NaN,0.548446,NaN,0.07933791,0.10285191,0.002612667,0.10365259,NaN,NaN,NaN,0.354754,NaN,0.27376923,0.22892044,-0.0049831984,0.2654934,NaN,NaN
972218101,0.3868379,0.3210777,-0.009394313,0.08883576,0.10857216,0.0065788007,0.39845684,0.47811005,0.011379029,0.38638753,0.38060677,-8.2582235E-4,0.34810153,0.33124718,-0.0056181154,0.31916583,0.29259905,-0.0037952533
974280307,0.11804226,0.15119894,0.0047366684,0.0,0.0,0.0,0.011626699,0.015620675,5.7056797E-4,0.3467998,0.33628443,-0.0015021946,0.0,0.0,0.0,0.29235578,0.30105332,0.0012425056
975515107,0.7887767,0.81781715,0.0041486365,0.0,0.0,0.0,0.0,0.0,0.0,0.39152336,0.37871146,-0.0018302713,0.0,0.0,0.0,0.0,0.0,0.0
97652H109,0.85194224,1.201617,0.04995354,0.0,0.0,0.0,0.0,0.0,0.0,0.5243056,0.49957627,-0.0035327587,0.0,0.0,0.0,0.0,0.0,0.0
98141A101,0.30198416,0.21851161,-0.01192465,0.0,0.0,0.0,0.0,0.0,0.0,0.3915235,0.37871158,-0.0018302755,0.0,0.0,0.0,0.0,0.0,0.0
981902109,NaN,0.38918325,NaN,0.7087393,NaN,NaN,0.0,0.0,0.0,NaN,0.6977003,NaN,0.4835095,NaN,NaN,0.0,0.0,0.0
981579105,0.2667021,0.34146747,0.01068077,0.0,0.0,0.0,0.0,0.0,0.0,0.34062397,0.3852124,0.0063697738,0.0,0.0,0.0,0.0,0.0,0.0
981907108,0.6367126,0.6783278,0.005945027,0.0,0.0,0.0,0.0,0.0,0.0,0.3002086,0.28732046,-0.001841162,0.0,0.0,0.0,0.0,0.0,0.0
894688100,0.5702124,0.66425747,0.013435006,0.46001115,0.013003585,-0.063858226,0.69415,0.6137815,-0.011481209,0.3281469,0.3236409,-6.437131E-4,0.32883412,0.31518033,-0.0019505407,0.35774517,0.32923448,-0.004072956
98416J118,NaN,0.9230149,NaN,0.0,0.0,0.0,NaN,0.7016623,NaN,NaN,0.10652072,NaN,0.0,0.0,0.0,NaN,0.16449818,NaN
98417K106,0.4783785,0.5874551,0.01558237,0.0,0.0,0.0,0.0,0.0,0.0,0.3787115,0.45634326,0.0110902535,0.0,0.0,0.0,0.0,0.0,0.0
989349105,0.39652976,NaN,NaN,0.0,0.0,0.0,0.0,0.0,0.0,0.20640463,NaN,NaN,0.0,0.0,0.0,0.0,0.0,0.0
20557T101,0.0,0.0,0.0,0.39846155,NaN,NaN,0.81587845,1.3703218,0.07920618,0.0,0.0,0.0,0.13352078,NaN,NaN,0.10726213,0.13174528,0.003497593
212072102,0.0,0.0,0.0,0.06375313,NaN,NaN,0.13906868,0.13197617,-0.001013215,0.0,0.0,0.0,0.2245245,NaN,NaN,0.28942144,0.28870398,-1.0249444E-4
086553104,0.0,0.0,0.0,0.0,0.0,0.0,NaN,0.33022586,NaN,0.0,0.0,0.0,0.0,0.0,0.0,NaN,0.23268111,NaN
G3921A175,0.0,0.0,0.0,0.0,0.0,0.0,NaN,0.21629252,NaN,0.0,0.0,0.0,0.0,0.0,0.0,NaN,0.35116437,NaN
172936106,0.0,0.0,0.0,0.0,0.0,0.0,0.5311225,0.31262875,-0.031213393,0.0,0.0,0.0,0.0,0.0,0.0,0.54434127,0.5561576,0.0016880461
457661106,0.0,0.0,0.0,0.0,0.0,0.0,NaN,0.5741842,NaN,0.0,0.0,0.0,0.0,0.0,0.0,NaN,0.10857254,NaN
44980Y305,0.0,0.0,0.0,0.0,0.0,0.0,NaN,0.46884337,NaN,0.0,0.0,0.0,0.0,0.0,0.0,NaN,0.31054845,NaN
46624E405,0.0,0.0,0.0,0.0,0.0,0.0,0.39776447,0.3810809,-0.0023833683,0.0,0.0,0.0,0.0,0.0,0.0,0.2681011,0.32584843,0.008249619
48577P106,0.0,0.0,0.0,0.0,0.0,0.0,NaN,0.610338,NaN,0.0,0.0,0.0,0.0,0.0,0.0,NaN,0.32860002,NaN
578349102,0.0,0.0,0.0,0.0,0.0,0.0,0.3310542,0.33229378,1.7708114E-4,0.0,0.0,0.0,0.0,0.0,0.0,0.33351067,0.27444682,-0.008437693
586014102,0.0,0.0,0.0,0.0,0.0,0.0,0.15651782,0.21182789,0.0079014385,0.0,0.0,0.0,0.0,0.0,0.0,0.3061975,0.09271726,-0.030497177
636317109,0.0,0.0,0.0,0.0,0.0,0.0,0.17303295,0.008355618,-0.023525333,0.0,0.0,0.0,0.0,0.0,0.0,0.24598181,0.23812154,-0.0011228962
70322A101,0.0,0.0,0.0,0.0,0.0,0.0,0.3768915,0.42828557,0.0073420107,0.0,0.0,0.0,0.0,0.0,0.0,0.33013755,0.31171966,-0.0026311278
98387T103,0.0,0.0,0.0,0.0,0.0,0.0,0.04473154,NaN,NaN,0.0,0.0,0.0,0.0,0.0,0.0,0.3977981,NaN,NaN
71654J108,0.0,0.0,0.0,0.0,0.0,0.0,0.6734414,0.6642929,-0.001306934,0.0,0.0,0.0,0.0,0.0,0.0,0.42173555,0.5529516,0.018745145
746276104,0.0,0.0,0.0,0.0,0.0,0.0,0.29975688,NaN,NaN,0.0,0.0,0.0,0.0,0.0,0.0,0.37545723,NaN,NaN
686857103,0.0,0.0,0.0,0.0,0.0,0.0,0.65304375,NaN,NaN,0.0,0.0,0.0,0.0,0.0,0.0,0.50096077,NaN,NaN
761339100,0.0,0.0,0.0,0.0,0.0,0.0,0.40461373,0.23612712,-0.024069516,0.0,0.0,0.0,0.0,0.0,0.0,0.19027027,0.22941428,0.005592001
827056300,0.0,0.0,0.0,0.0,0.0,0.0,0.17432815,NaN,NaN,0.0,0.0,0.0,0.0,0.0,0.0,0.13997222,NaN,NaN
834376501,0.0,0.0,0.0,0.0,0.0,0.0,0.35847518,0.37433887,0.002266241,0.0,0.0,0.0,0.0,0.0,0.0,0.1929283,0.23167951,0.005535888
817826209,0.0,0.0,0.0,0.0,0.0,0.0,1.1577212,1.2529712,0.013607144,0.0,0.0,0.0,0.0,0.0,0.0,0.36751062,0.36326033,-6.07184E-4
849416201,0.0,0.0,0.0,0.0,0.0,0.0,0.3201554,0.34795243,0.003971002,0.0,0.0,0.0,0.0,0.0,0.0,0.3098849,0.23968644,-0.010028352
893349837,0.0,0.0,0.0,0.0,0.0,0.0,0.36886346,0.35225248,-0.002372997,0.0,0.0,0.0,0.0,0.0,0.0,0.3092009,0.30837262,-1.1832799E-4
988858106,0.0,0.0,0.0,0.0,0.0,0.0,0.34244743,0.38855803,0.0065872287,0.0,0.0,0.0,0.0,0.0,0.0,0.34321222,0.34896252,8.214712E-4
