-0.0238494873046875, 0.0032453276216983795
-0.14130088686943054, -0.010239597409963608
-0.2473616600036621, 7.807575166225433E-4
0.441414475440979, 0.003741040825843811
-0.1445063352584839, 0.002098661381751299
-0.057796597480773926, 0.006383756175637245
-0.10888159275054932, 0.0045653171837329865
-0.29393577575683594, 0.010406933724880219
0.06524831056594849, -0.03334537893533707
-0.15486830472946167, -4.800129681825638E-5
-2.2265403270721436, -0.21391668915748596
-0.07757735252380371, 0.006743110716342926
-0.019555091857910156, -0.001398678869009018
-0.0838470458984375, -0.007191356271505356
-0.05732354521751404, 0.030574429780244827
-0.10024610161781311, 0.0
0.5062240362167358, -0.004933644086122513
-0.0777306854724884, 8.064823923632503E-4
-0.0777306854724884, 8.064823923632503E-4
0.1245502233505249, 0.013823357410728931
0.007980883121490479, 0.0020371805876493454
0.007980883121490479, 0.0020371805876493454
0.003004014492034912, 0.014499939978122711
0.1020645797252655, 0.005148021504282951
0.10617977380752563, 0.012760024517774582
-0.0332542359828949, 0.00570954754948616
-0.1323472261428833, 0.0069122351706027985
-0.1255163550376892, 0.009257273748517036
-0.038059890270233154, 0.00466582179069519
-0.2007220983505249, 0.0010511092841625214
0.13563179969787598, 0.02188274636864662
0.11626890301704407, -0.002418607473373413
0.587649941444397, 0.006094425916671753
0.587649941444397, 0.006094425916671753
0.00220334529876709, 0.01228029653429985
0.00874936580657959, 0.0027792491018772125
0.016199052333831787, -0.008784264326095581
-0.07112795114517212, 0.006652921438217163
-0.07112795114517212, 0.006652921438217163
-0.07112795114517212, 0.006652921438217163
0.26204437017440796, 0.02905125916004181
0.25910162925720215, -0.012607092969119549
0.5387240648269653, 0.0027059800922870636
-0.031896770000457764, 0.00487777404487133
-0.7334667444229126, -0.04603113979101181
-0.2766965627670288, -0.007231749594211578
0.15900278091430664, 0.008166687563061714
-0.0666547417640686, -0.005766231566667557
-0.07619607448577881, -0.046419575810432434
0.3258674740791321, -0.005098634399473667
0.010031700134277344, 0.002735112328082323
0.17205381393432617, -0.012695379555225372
1.1617212295532227, -0.037263840436935425
0.11681908369064331, 0.00840312521904707
0.014811724424362183, 0.0037823114544153214
0.03185233473777771, -0.002075253054499626
0.053711771965026855, 0.006053220480680466
0.18649840354919434, -0.015277907252311707
-0.042701780796051025, 0.0068022143095731735
-0.12480363249778748, -4.013720899820328E-4
-0.12480363249778748, -4.013720899820328E-4
-0.013117432594299316, -0.010692431591451168
0.029833495616912842, 0.02685217373073101
0.137873113155365, 0.024875886738300323
-0.09081012010574341, 0.023018047213554382
-0.09081012010574341, 0.023018047213554382
-0.025927811861038208, -0.0029056239873170853
0.04860275983810425, 0.0026973141357302666
0.1599763035774231, 0.007955953478813171
0.008718729019165039, -0.005843793042004108
0.06651514768600464, 0.0035513900220394135
1.0522119998931885, -0.0026755835860967636
0.00870002806186676, -4.576146602630615E-5
0.00870002806186676, -4.576146602630615E-5
-0.025965183973312378, 0.0
4.315376281738281E-4, 0.008556521497666836
1.4637603759765625, -0.04140162467956543
-0.019746482372283936, -0.007329130545258522
0.01640266180038452, 0.02058170735836029
-0.009597182273864746, 0.0055855028331279755
-0.21527737379074097, -0.014843858778476715
-0.0034741759300231934, -0.004961591213941574
0.1183890700340271, -0.01186111569404602
-0.1115349531173706, -9.63469035923481E-4
0.04650810360908508, -0.02654261887073517
-0.1604517698287964, 0.024472733959555626
0.04164421558380127, 0.0070737069472670555
-0.16775274276733398, -0.0031557343900203705
-0.016264379024505615, 0.008318313397467136
0.04993170499801636, -0.007549671456217766
0.2558155059814453, -0.010695927776396275
-0.1492248773574829, 0.013265885412693024
0.14742624759674072, 0.07479129731655121
-0.13514280319213867, -0.01035215426236391
-0.1526564657688141, 0.006746611557900906
0.24357986450195312, 0.006018470972776413
-0.01569366455078125, 0.009511616080999374
0.24294114112854004, 3.3778324723243713E-4
0.022718369960784912, 0.01053350605070591
-0.15238350629806519, -0.0047304462641477585
0.063446044921875, -0.008153153583407402
0.07191324234008789, -4.3001770973205566E-4
-0.15549743175506592, -0.008382396772503853
0.013672888278961182, 8.993390947580338E-4
0.15364065766334534, -0.023787185549736023
0.006528258323669434, -0.034271903336048126
3.0645642280578613, -0.2903781533241272
0.057960331439971924, -0.011268466711044312
-0.08786392211914062, 0.0030703693628311157
-0.04251229763031006, -0.012950296513736248
-2.3494815826416016, 0.0048523396253585815
-0.02420872449874878, -0.0018453411757946014
-0.1287226676940918, -0.007022663950920105
-0.1287226676940918, -0.007022663950920105
0.009743928909301758, 0.02105090767145157
-0.07142841815948486, 0.0
-0.07957255840301514, 0.015269102528691292
-0.09007081389427185, 0.006722554564476013
0.05047953128814697, 0.01325823925435543
0.022617995738983154, 8.997861295938492E-4
0.02485603094100952, -0.006792956031858921
0.02485603094100952, -0.006792956031858921
0.00761103630065918, -0.0016624704003334045
-0.2524454593658447, 0.020756416022777557
0.008192658424377441, 0.014993119984865189
-0.1444452404975891, 0.0
0.16483673453330994, -0.011390576139092445
-0.18174588680267334, 0.011983416974544525
-0.3879246711730957, 0.014209087938070297
0.11938333511352539, -5.296654999256134E-4
-0.04792428016662598, 0.014279570430517197
0.009505748748779297, 3.3357366919517517E-4
-0.010776877403259277, -0.010700732469558716
1.1004655361175537, 0.00743710994720459
0.05636841058731079, 0.008740745484828949
0.809607744216919, 0.007833657786250114
0.30360424518585205, 0.015146896243095398
0.08521333336830139, 0.00398634746670723
0.012126237154006958, -0.001187048852443695
0.0, 0.0
-0.13806253671646118, -0.015482742339372635
-0.015195965766906738, -0.010546538978815079
0.22575461864471436, 0.0
0.12631487846374512, 0.028370361775159836
-0.06331613659858704, 0.02902185171842575
-0.08930569887161255, 0.046912193298339844
0.012634575366973877, 0.009765803813934326
0.06851392984390259, -0.011877629905939102
0.3061788082122803, -0.00444396398961544
0.06486773490905762, -0.0054754577577114105
-0.013055771589279175, -4.566796123981476E-4
-0.18495231866836548, 0.0176882054656744
-0.02028915286064148, -0.007451187819242477
-0.11615657806396484, 0.005599375814199448
-0.3291444778442383, 0.008142830803990364
-0.011903941631317139, -0.01344320923089981
0.002584517002105713, 0.0012812912464141846
0.005764901638031006, -0.0020819343626499176
0.005764901638031006, -0.0020819343626499176
0.012066245079040527, -0.007609143853187561
-0.1382993757724762, 0.06611721962690353
-0.201676607131958, 0.032943855971097946
-0.143024742603302, 0.041166312992572784
-0.143024742603302, 0.041166312992572784
-0.034737348556518555, -0.007524112705141306
0.8717732429504395, 0.0014256220310926437
-0.07840216159820557, 0.0
-0.02744227647781372, -0.034151382744312286
-0.16890370845794678, -0.0610014833509922
-0.020290344953536987, -0.0034723752178251743
-0.018351078033447266, 0.010246165096759796
-0.01343768835067749, 0.011419558897614479
2.123257637023926, 0.001604624092578888
0.07297605276107788, -0.014545811340212822
0.18089067935943604, -0.013186531141400337
0.05731785297393799, -0.003811810165643692
-3.9208333492279053, -0.008230991661548615
-0.045830607414245605, -0.0016891472041606903
-0.05210976302623749, 0.009715323336422443
-0.16715854406356812, -0.009076166898012161
0.07661491632461548, 0.005903556942939758
0.060883522033691406, 0.010049760341644287
-0.0894806981086731, -0.033046524971723557
0.02647155523300171, 0.0065877921879291534
0.9411509037017822, -0.0026957846712321043
0.10263857245445251, -0.020358949899673462
0.4630039930343628, -0.0011837634956464171
-0.05719107389450073, 0.007488559931516647
-0.007634550333023071, -0.0017364919185638428
0.10503256320953369, 6.867572665214539E-5
0.23112690448760986, -0.035239219665527344
0.0011801719665527344, 0.028633110225200653
0.0011801719665527344, 0.028633110225200653
0.13669586181640625, 0.009873967617750168
-0.418079137802124, -0.012599330395460129
-0.06305527687072754, 0.009928427636623383
0.24028754234313965, -0.0024598094169050455
0.6817543506622314, -0.02516178786754608
0.019205957651138306, 0.009145528078079224
0.9674950838088989, -0.007837757468223572
0.015274763107299805, 0.0015897173434495926
-0.015936672687530518, 0.008472973480820656
-0.05602332949638367, 0.032691918313503265
-0.015643835067749023, -0.009883634746074677
0.07614350318908691, 0.008393337950110435
0.07614350318908691, 0.008393337950110435
0.12554484605789185, -0.02878740429878235
-0.04394984245300293, -0.010952938348054886
-0.06070291996002197, 0.00473557785153389
0.05433249473571777, 0.008097841404378414
-0.02714383602142334, 0.00347118079662323
0.05275237560272217, -0.016389498487114906
-0.04554712772369385, -0.001860637217760086
0.1830725073814392, 0.06225862726569176
0.14624300599098206, 0.004766926169395447
0.7996456623077393, 0.012882392853498459
-1.3623781204223633, -0.008523580618202686
0.5442436933517456, 3.0989572405815125E-4
0.3862398862838745, 0.006222989410161972
0.7094988822937012, -0.007981672883033752
-0.9812819957733154, 0.0
-0.3570125102996826, 0.013970083557069302
0.08253449201583862, -0.020760323852300644
-0.14005962014198303, 0.033359892666339874
-0.23355823755264282, -0.01567240059375763
-0.0293576717376709, 0.002484474331140518
-0.0293576717376709, 0.002484474331140518
-0.17009341716766357, -0.017906498163938522
-0.03236082196235657, 0.0014003533869981766
0.10975867509841919, 0.01055840589106083
-0.06276595592498779, 0.011825503781437874
0.009552299976348877, 0.00127410888671875
-0.0357092022895813, 0.0049104755744338036
0.5263235569000244, -0.02341775968670845
0.17294341325759888, 0.0011828579008579254
-0.039163827896118164, -0.002488836646080017
-0.090240478515625, -0.008774567395448685
-0.13434383273124695, 0.004176788032054901
-0.13434383273124695, 0.004176788032054901
-0.13434383273124695, 0.004176788032054901
0.10521742701530457, -0.022154051810503006
0.19061636924743652, -0.0019356179982423782
0.19061636924743652, -0.0019356179982423782
0.003623783588409424, 0.0018622186034917831
0.4436044692993164, -0.002833677688613534
0.04448390007019043, 0.017706248909235
0.22513723373413086, 0.004979308694601059
0.32901808619499207, 0.0
0.07765433192253113, -8.658571168780327E-4
0.08009570837020874, 0.0
-0.009622842073440552, -0.006937781348824501
0.02578490972518921, -0.012832315638661385
-0.2755089998245239, 0.020355071872472763
-0.033028095960617065, 0.010247308760881424
0.01833367347717285, -0.03138662129640579
-0.33553314208984375, -0.0023463964462280273
-0.2712998390197754, 0.003482343629002571
0.14417028427124023, 0.0021035224199295044
-1.2946693897247314, -0.0032641328871250153
-0.058859050273895264, -0.008821661584079266
0.6612793207168579, 5.282093770802021E-4
0.1605837345123291, 0.006668883375823498
0.04251742362976074, 0.0
-0.061291515827178955, 0.00425819493830204
0.12094146013259888, -2.9438361525535583E-4
0.12301063537597656, 0.024756871163845062
0.09065443277359009, -0.005531595088541508
0.45535707473754883, 0.002551089972257614
0.10098075866699219, 0.005196835845708847
-0.9437564611434937, 0.0023095961660146713
-0.04702267050743103, -0.017420683056116104
0.08915284276008606, 0.004339609295129776
-0.14227131009101868, 0.007727930787950754
-0.04048734903335571, -0.0018045526230707765
0.3753342628479004, 0.002938590943813324
0.5630160570144653, 0.021455567330121994
-0.3537254333496094, -0.0024147219955921173
-0.0296475887298584, 0.0
0.048676639795303345, -2.96982005238533E-4
0.04747411608695984, 0.004182619974017143
0.05216723680496216, 0.024945460259914398
-0.19233858585357666, 0.02101007103919983
-0.04840680956840515, 0.01715163141489029
0.48680734634399414, 3.32467257976532E-4
0.10908365249633789, -0.008421983569860458
-0.24784690141677856, -0.0027644075453281403
0.5490875840187073, 0.013543881475925446
-0.06449049711227417, 0.01016315072774887
-0.1604517698287964, 0.024472733959555626
0.23876291513442993, 0.02997853234410286
0.04081067442893982, 4.928214475512505E-4
-0.34363484382629395, 0.0
-0.5239861607551575, 0.007450643926858902
0.11349731683731079, 0.0036312583833932877
-0.027581214904785156, 0.0012894496321678162
0.07411536574363708, 0.01853117160499096
-1.677386999130249, 0.0
-0.05317610502243042, -0.0299537256360054
0.11058413982391357, 0.008611459285020828
-1.7604868412017822, -0.04171961545944214
-0.02020949125289917, -0.014607502147555351
0.09112334251403809, 0.0
0.09112334251403809, 0.0
0.012457609176635742, 0.008565530180931091
0.1560317873954773, -5.725789815187454E-4
0.23372983932495117, 0.004382699728012085
0.025812268257141113, -0.007334687747061253
0.02323901653289795, 0.005386579781770706
-0.02346348762512207, -0.0025416952557861805
-0.07646763324737549, 0.04495437443256378
-0.07646763324737549, 0.04495437443256378
0.024482667446136475, -0.010188287124037743
0.07191324234008789, -4.3001770973205566E-4
-0.12597328424453735, 0.027216635644435883
0.016706883907318115, 0.0
0.462188720703125, 0.0
0.22221392393112183, 0.008915912359952927
0.024131089448928833, -0.0016705282032489777
-1.362863540649414, -0.009669449180364609
-0.3333626985549927, -0.014039173722267151
-0.3333626985549927, -0.014039173722267151
0.08436614274978638, -0.005044044926762581
-0.28767722845077515, 0.008638907223939896
-0.05331432819366455, 0.007084868848323822
0.12045824527740479, -0.04628967493772507
-0.0250016450881958, 0.005706869065761566
-0.0250016450881958, 0.005706869065761566
-0.48917752504348755, 0.03523249179124832
0.09602373838424683, 2.0210258662700653E-4
0.7405757904052734, -0.03252731263637543
1.1883556842803955, -0.007898379117250443
-3.3642144203186035, -0.01725369691848755
0.015318155288696289, 0.0164596326649189
-0.017075061798095703, -0.02162570133805275
-0.017405405640602112, 0.001724008470773697
0.3302915096282959, 0.01567715033888817
-0.06420159339904785, -0.035302478820085526
0.005926012992858887, -0.00291379913687706
-0.3331618309020996, 0.04599250108003616
0.15730491280555725, 0.02102304995059967
0.03547152876853943, -0.02206769585609436
0.07264590263366699, -9.182281792163849E-5
0.24317312240600586, -0.009585169143974781
0.07245439291000366, 0.0
-0.1383901834487915, -0.06435927748680115
-0.1383901834487915, -0.06435927748680115
0.0, 0.0
-0.3945420980453491, 0.015670690685510635
0.04308581352233887, 0.002590484917163849
-0.13259726762771606, -0.20894590020179749
-0.03855860233306885, 0.0033894702792167664
-123.456, -123.456
-0.03329133987426758, 0.00794295221567154
-1.513639211654663, 0.007494598627090454
0.13114291429519653, 0.011018973775207996
0.1226038932800293, -9.805746376514435E-4
0.5859224796295166, -9.403817821294069E-4
0.46907997131347656, 0.01620958372950554
-0.06427136063575745, 0.03507489711046219
0.18686911463737488, 0.005080020055174828
-0.10948073863983154, -0.0302873607724905
-0.1670234203338623, -0.004707075655460358
-0.2882136106491089, -0.0017396565526723862
-0.01365816593170166, -0.006902848836034536
0.706770658493042, 0.01124747097492218
0.10755729675292969, 0.004585981369018555
0.059890031814575195, -0.015849076211452484
0.008414089679718018, 0.007738666608929634
-0.10331583023071289, 0.026654116809368134
0.027895033359527588, -7.595475763082504E-4
0.10327288508415222, -0.0023496258072555065
0.036636292934417725, 0.009330842643976212
0.7537195682525635, -0.0039858147501945496
0.5515275001525879, 0.0013599954545497894
0.007735908031463623, 0.01326881255954504
0.10256057977676392, -0.012634752318263054
0.005011379718780518, -0.013962941244244576
0.310435950756073, 0.02020462602376938
-0.009998798370361328, 0.002177763730287552
-0.0264149010181427, -0.0027675163000822067
-0.0264149010181427, -0.0027675163000822067
0.13720190525054932, 0.009724021889269352
-0.18549823760986328, -0.004233952611684799
0.03968203067779541, 0.005291486158967018
0.03968203067779541, 0.005291486158967018
0.010877072811126709, 0.0032916218042373657
-2.5072102546691895, -0.005638055503368378
-0.0800827145576477, -2.564066671766341E-4
-0.021902114152908325, -0.013791074976325035
0.052760303020477295, -0.016815081238746643
-0.17416691780090332, -0.025708762928843498
-0.13359689712524414, 0.012579917907714844
-0.13359689712524414, 0.012579917907714844
-0.1229175329208374, 0.007964413613080978
1.515617847442627, 5.023851990699768E-4
-0.020190834999084473, 0.018869679421186447
0.20924055576324463, 0.005153687670826912
0.01736694574356079, -0.023311827331781387
-8.605122566223145E-4, 0.010951798409223557
-0.0995950698852539, 0.011129166930913925
0.2982866168022156, 0.011784568428993225
0.08759987354278564, -0.0013283677399158478
0.2774679660797119, -0.001210138201713562
0.0, 0.0
0.2316964864730835, 0.008833345025777817
-0.11764699220657349, 0.03730665147304535
-0.029999256134033203, -0.004380332306027412
0.3856961131095886, -0.0012706369161605835
0.05128425359725952, -0.026053525507450104
0.8848727941513062, 0.018875088542699814
-0.06743282079696655, 0.001515403389930725
-0.06743282079696655, 0.001515403389930725
0.13679659366607666, -0.009699415415525436
5.202293395996094E-4, 0.008573653176426888
0.02394282817840576, -0.0038151652552187443
0.1399555206298828, 0.028576303273439407
0.028882622718811035, 0.05256754532456398
-0.30741822719573975, -0.014924194663763046
0.04377347230911255, -0.01540486328303814
0.04377347230911255, -0.01540486328303814
0.019122779369354248, -0.003651516744866967
0.024570703506469727, -0.005274543538689613
-0.024454891681671143, 0.018725398927927017
0.1281200647354126, -0.01985623873770237
1.6710195541381836, 0.008642531000077724
-0.0126725435256958, -0.010612953454256058
-0.39034929871559143, -0.044993508607149124
-0.39034929871559143, -0.044993508607149124
-0.13959407806396484, 0.0
-0.04577594995498657, 0.0103217214345932
-0.005444347858428955, 0.0
-0.1367197036743164, 0.007149536162614822
0.23479700088500977, -0.008480208925902843
0.4656382203102112, 0.006578262895345688
0.013896584510803223, -0.005870772525668144
0.23278748989105225, 0.00692443922162056
-0.13961350917816162, 0.014102838933467865
0.2881244421005249, 0.01616057939827442
-0.04034304618835449, 0.0
-0.22705179452896118, -0.0036681443452835083
0.0740460455417633, -0.0032769450917840004
-0.385525107383728, -0.002778011607006192
-0.2169237732887268, 1.682676374912262E-4
0.15713590383529663, -0.0012738760560750961
-0.2169237732887268, 1.682676374912262E-4
0.0035361051559448242, -0.031907014548778534
-0.3523939847946167, -0.011645611375570297
-0.0015491843223571777, -0.0016924664378166199
0.7954213619232178, 0.004516322165727615
0.1300574541091919, 0.01789674162864685
-0.09578561782836914, -5.880743265151978E-4
0.024886488914489746, 0.0013496913015842438
0.13653671741485596, -0.005627814680337906
0.1293615698814392, -0.003276204690337181
0.46032923460006714, -2.5907717645168304E-4
-0.15486830472946167, -4.800129681825638E-5
0.20102322101593018, 0.0026794206351041794
1.0995186567306519, 0.06605973839759827
0.14033889770507812, 0.04720504581928253
0.02275717258453369, 0.002150631742551923
-0.08101868629455566, 0.03833135589957237
-123.456, -123.456
-0.036226749420166016, -0.029005222022533417
-0.3493025302886963, -0.0025411024689674377
0.18183398246765137, 0.014789877459406853
0.6162641644477844, -0.0012451671063899994
-0.07201509177684784, -0.004515685141086578
0.5197843909263611, -0.006320417392998934
-0.07086163759231567, 0.0048941969871521
0.0524599552154541, -2.264752984046936E-4
0.029586613178253174, 0.023279733955860138
0.01779639720916748, 0.004607407376170158
0.07905071973800659, -0.011298533529043198
0.07905071973800659, -0.011298533529043198
-0.058900535106658936, -6.826557219028473E-4
0.18182456493377686, -0.03143239766359329
0.049028992652893066, 0.010689925402402878
0.06975120306015015, 0.0
0.3941248059272766, -0.0044198669493198395
0.02233654260635376, 0.0
0.04724055528640747, -0.02072334848344326
0.04724055528640747, -0.02072334848344326
0.04724055528640747, -0.02072334848344326
0.1661825180053711, -0.003482219995930791
0.010777026414871216, 0.0013870075345039368
0.055545300245285034, -0.030535433441400528
-0.050654053688049316, -0.004871831741183996
-0.050654053688049316, -0.004871831741183996
0.21029216051101685, 0.006804339587688446
-0.022977054119110107, -0.020437799394130707
-0.022977054119110107, -0.020437799394130707
0.21728429198265076, 0.04695434868335724
-0.0622979998588562, 0.01413048431277275
0.17459020018577576, 0.005548703949898481
0.12195289134979248, -0.011744342744350433
-0.15273204445838928, 0.024452267214655876
-0.020322322845458984, 0.00938328169286251
0.03638178110122681, 0.0
0.470292329788208, -0.007454399950802326
0.3521009683609009, 0.008369170129299164
0.08573603630065918, -0.009956451132893562
0.04161810874938965, 0.011471525765955448
0.4593886137008667, 0.0
-0.037237346172332764, 0.02359110489487648
-0.016896873712539673, 0.0
0.03978312015533447, 0.010320756584405899
0.03978312015533447, 0.010320756584405899
-0.1978207230567932, 0.004264887422323227
-0.1978207230567932, 0.004264887422323227
-2.674680233001709, -0.008311331272125244
-5.046427249908447E-4, -0.0055809724144637585
0.4554499387741089, 0.004293449223041534
0.5632197856903076, 0.08478828519582748
0.0395071804523468, 0.07625813782215118
0.21078455448150635, -0.0037990733981132507
0.5469110012054443, 0.03554202616214752
1.4419502019882202, -0.027166469022631645
-0.044777870178222656, -0.009064186364412308
-0.011344194412231445, -0.0015159202739596367
0.008303463459014893, -0.01749330572783947
0.004093155264854431, 0.010796938091516495
0.13857531547546387, -6.056763231754303E-4
-0.03571319580078125, 0.006711449474096298
0.3652426600456238, 0.01195366121828556
0.16009843349456787, 0.0045927464962005615
0.4725331664085388, -0.002251341938972473
0.0968250036239624, -0.010175930336117744
-0.554304838180542, 0.007878482341766357
0.136452317237854, 0.0
0.010854154825210571, 0.015344818122684956
-0.13350826501846313, 0.009807129390537739
-0.06549227237701416, 0.003525722771883011
-0.02552276849746704, -0.001523241400718689
0.012722551822662354, 0.00665782205760479
0.3870168924331665, -0.004135686904191971
-0.08482503890991211, 0.015493813902139664
-0.08482503890991211, 0.015493813902139664
-0.08482503890991211, 0.015493813902139664
-0.07815811038017273, 0.014334559440612793
0.0, 0.0
2.378225326538086E-4, -0.011172639206051826
1.1829195022583008, 0.0073167867958545685
-0.33955836296081543, 0.001256486400961876
0.18764007091522217, -0.00902363657951355
0.5671231746673584, 0.0
0.03579035401344299, 0.00727090984582901
-0.12720772624015808, 0.004151005297899246
0.34003692865371704, 0.004023518413305283
0.01871126890182495, -0.017252009361982346
0.6873030662536621, -0.014278225600719452
1.8282065391540527, 0.017401166260242462
0.18665087223052979, -0.0017220010049641132
-0.0020946860313415527, 0.020425595343112946
