00252W104,1.6166059,0.9634817,-0.09330345,0.0,0.0,0.0,0.0,0.0,0.0,4.079852,3.9140604,-0.023684535,0.0,0.0,0.0,0.0,0.0,0.0
,0.0,0.0,0.0,0.0,0.0,0.0,0.0,0.0,0.0,0.0,0.0,0.0,0.0,0.0,0.0,0.0,0.0,0.0
00439T206,0.56047183,NaN,NaN,0.0,0.0,0.0,NaN,0.47015566,NaN,0.98041314,NaN,NaN,0.0,0.0,0.0,NaN,1.1796625,NaN
004724100,0.56064564,0.54231125,-0.0026191983,0.0,0.0,0.0,0.0,0.0,0.0,0.6989793,0.7843907,0.012201624,0.0,0.0,0.0,0.0,0.0,0.0
000973107,1.1659195,0.4191245,-0.106685005,0.0,0.0,0.0,0.0,0.0,0.0,1.2227938,0.80537647,-0.05963105,0.0,0.0,0.0,0.0,0.0,0.0
00503U105,1.4079372,1.4500093,0.006010311,0.0,0.0,0.0,0.0,0.0,0.0,1.5223572,0.9994798,-0.07469678,0.0,0.0,0.0,0.0,0.0,0.0
006847107,2.15249,0.8789097,-0.18194003,0.0,0.0,0.0,0.0,0.0,0.0,1.8803889,0.9822889,-0.1283,0.0,0.0,0.0,0.0,0.0,0.0
006848105,0.6640829,0.60154396,-0.008934132,0.0,0.0,0.0,0.0,0.0,0.0,2.04781,1.2296499,-0.11688002,0.0,0.0,0.0,0.0,0.0,0.0
31865X106,1.9159069,0.83203906,-0.15483825,0.0,0.0,0.0,0.0,0.0,0.0,2.351462,1.6281159,-0.10333514,0.0,0.0,0.0,0.0,0.0,0.0
008494106,1.7838744,0.63419294,-0.16424021,0.0,0.0,0.0,0.0,0.0,0.0,0.6487935,1.0244867,0.053670447,0.0,0.0,0.0,0.0,0.0,0.0
009114109,0.76864266,0.8884597,0.017116716,0.0,0.0,0.0,0.0,0.0,0.0,0.8293958,0.73879147,-0.012943472,0.0,0.0,0.0,0.0,0.0,0.0
867071102,NaN,0.9006337,NaN,0.24793506,0.22074907,-0.002718599,0.0,0.0,0.0,NaN,0.8801201,NaN,0.5939756,0.50166565,-0.009230996,0.0,0.0,0.0
018593103,0.79193926,0.53450567,-0.036776226,0.0,0.0,0.0,0.0,0.0,0.0,NaN,NaN,NaN,0.0,0.0,0.0,0.0,0.0,0.0
019223106,0.38692626,0.4152523,0.0040465766,0.0,0.0,0.0,0.0,0.0,0.0,0.7443968,0.832649,0.012607455,0.0,0.0,0.0,0.0,0.0,0.0
019411107,0.4992896,0.2886632,-0.030089485,0.0,0.0,0.0,0.0,0.0,0.0,0.85717934,0.768506,-0.0126676215,0.0,0.0,0.0,0.0,0.0,0.0
019645506,0.5043807,0.54330844,0.005561105,0.39770776,NaN,NaN,0.0,0.0,0.0,0.5717663,0.5665002,-7.523043E-4,1.0726017,NaN,NaN,0.0,0.0,0.0
02146C104,0.9740737,1.2347935,0.03724569,0.0,0.0,0.0,0.0,0.0,0.0,0.7950625,0.81016,0.0021567855,0.0,0.0,0.0,0.0,0.0,0.0
625440102,0.22889504,0.24972017,0.002975019,NaN,0.1938618,NaN,0.25489268,0.23793061,-0.0021202583,0.82384825,0.81697947,-9.812543E-4,NaN,1.2031698,NaN,1.1242486,1.2980367,0.021723509
023006109,NaN,0.74613094,NaN,0.27541745,NaN,NaN,0.0,0.0,0.0,NaN,1.3489233,NaN,1.3120141,NaN,NaN,0.0,0.0,0.0
023395106,0.41601187,NaN,NaN,0.0,0.0,0.0,0.0,0.0,0.0,1.3692712,NaN,NaN,0.0,0.0,0.0,0.0,0.0,0.0
023426703,0.52939844,0.91298187,0.05479763,0.01755594,0.031552743,0.0027993605,0.62964845,0.6296365,-1.7029898E-6,0.93278354,0.8652126,-0.009652989,0.8036806,0.8522893,0.009721744,0.97000164,1.0158849,0.0065547484
023586100,0.37484783,0.38264453,0.001113815,0.18546325,NaN,NaN,0.3657399,0.53755075,0.024544405,0.642129,0.5729027,-0.009889475,0.6234762,NaN,NaN,0.6780898,0.6754988,-3.7014484E-4
90341W108,0.64729124,0.51556134,-0.018818557,0.3266046,0.4090702,0.0063435067,0.4798213,0.71923816,0.034202408,0.7442516,0.5732678,-0.024426255,0.7581625,1.1187724,0.027739223,0.9855168,1.0652461,0.011389903
024490302,0.6215444,NaN,NaN,0.0,0.0,0.0,0.0,0.0,0.0,2.1497414,NaN,NaN,0.0,0.0,0.0,0.0,0.0,0.0
024928103,1.4942584,0.79487884,-0.09991137,0.0,0.0,0.0,0.0,0.0,0.0,0.97927946,0.8092907,-0.024284108,0.0,0.0,0.0,0.0,0.0,0.0
02553G101,0.47889885,0.5574615,0.011223235,0.0,0.0,0.0,0.0,0.0,0.0,0.98605514,0.58115184,-0.057843328,0.0,0.0,0.0,0.0,0.0,0.0
026496208,0.7068084,0.7707928,0.009140627,0.22099096,0.15179263,-0.007688703,0.68441486,0.729712,0.0064710206,0.83371496,0.77365476,-0.008580029,0.6068468,0.5477733,-0.006563723,0.56318104,0.7263444,0.023309052
026652107,0.5377307,0.48593614,-0.007399223,0.0,0.0,0.0,0.0,0.0,0.0,0.412267,0.4490152,0.005249743,0.0,0.0,0.0,0.0,0.0,0.0
028816106,0.6730132,NaN,NaN,0.0,0.0,0.0,0.0,0.0,0.0,1.1016325,NaN,NaN,0.0,0.0,0.0,0.0,0.0,0.0
029318300,0.38672844,0.49307704,0.015192658,0.0,0.0,0.0,0.0,0.0,0.0,0.9452959,0.9588928,0.0019424217,0.0,0.0,0.0,0.0,0.0,0.0
030789507,0.53886133,0.42737865,-0.015926097,0.121455744,0.112095416,-9.3603285E-4,0.45937142,0.47818524,0.0026876885,0.6199035,0.6673183,0.00677354,0.7190598,0.9502619,0.023120206,0.5434703,0.70176834,0.022614002
03113V109,0.71282583,NaN,NaN,0.0,0.0,0.0,0.0,0.0,0.0,1.6756815,NaN,NaN,0.0,0.0,0.0,0.0,0.0,0.0
03237E108,0.7426556,0.754086,0.0016329203,0.0,0.0,0.0,0.6746674,1.0529814,0.05404485,1.9707279,2.1077013,0.019567626,0.0,0.0,0.0,2.5035193,3.186024,0.09750067
001813104,0.6333946,0.610123,-0.0033245173,0.0,0.0,0.0,0.0,0.0,0.0,0.7717162,0.6606613,-0.015864985,0.0,0.0,0.0,0.0,0.0,0.0
03304B300,0.8251617,0.7163389,-0.015546118,0.0,0.0,0.0,NaN,0.8839581,NaN,0.7469849,0.7324347,-0.0020786014,0.0,0.0,0.0,NaN,0.7630838,NaN
G6359F103,0.57719606,0.4651989,-0.015999595,0.09968882,0.06438053,-0.0039231437,0.045997996,1.0345519,0.14122199,0.75610024,0.71992004,-0.0051685995,0.68007886,0.57469666,-0.011709134,0.5665002,1.0726016,0.072300196
035250109,0.6084981,NaN,NaN,0.0,0.0,0.0,0.0,0.0,0.0,0.68484443,NaN,NaN,0.0,0.0,0.0,0.0,0.0,0.0
381119106,1.1720334,0.8615697,-0.04435196,0.0,0.0,0.0,NaN,1.7602524,NaN,6.045703,3.375876,-0.38140386,0.0,0.0,0.0,NaN,2.4580986,NaN
038196101,0.65423036,0.7866772,0.018920975,0.0,0.0,0.0,0.0,0.0,0.0,0.55568767,0.6426467,0.012422715,0.0,0.0,0.0,0.0,0.0,0.0
038213104,0.94045144,1.0276717,0.012460036,0.0,0.0,0.0,0.0,0.0,0.0,1.1911727,1.3726046,0.025918841,0.0,0.0,0.0,0.0,0.0,0.0
001937101,0.6981964,0.5581463,-0.02000716,0.0,0.0,0.0,0.0,0.0,0.0,0.9458251,1.012134,0.009472693,0.0,0.0,0.0,0.0,0.0,0.0
G04397108,1.1720395,0.5756305,-0.085201286,0.0,0.0,0.0,0.0,0.0,0.0,0.5273833,0.4392453,-0.012591145,0.0,0.0,0.0,0.0,0.0,0.0
90341G103,1.0516137,0.67111087,-0.054357547,0.0,0.0,0.0,NaN,0.9122437,NaN,2.3110242,1.3489819,-0.13743462,0.0,0.0,0.0,NaN,1.1151091,NaN
042384107,0.75957364,0.4311281,-0.046920788,0.03628002,NaN,NaN,0.0,0.0,0.0,1.1768466,1.0492367,-0.018229995,1.1139977,NaN,NaN,0.0,0.0,0.0
G05330108,1.1218784,NaN,NaN,0.0,0.0,0.0,0.0,0.0,0.0,1.0318172,NaN,NaN,0.0,0.0,0.0,0.0,0.0,0.0
04544X300,0.66933405,0.5361345,-0.016649947,0.0,0.0,0.0,0.0,0.0,0.0,0.7843414,0.78101677,-4.1557848E-4,0.0,0.0,0.0,0.0,0.0,0.0
04648X107,0.668212,0.69233716,0.0034464512,0.0,0.0,0.0,0.0,0.0,0.0,4.6447806,1.2117027,-0.49043968,0.0,0.0,0.0,0.0,0.0,0.0
045919107,1.6010996,1.7154565,0.016336696,0.0,0.0,0.0,0.0,0.0,0.0,4.2833195,1.6266111,-0.37952974,0.0,0.0,0.0,0.0,0.0,0.0
04649A106,0.74788946,1.9289248,0.16871932,0.0,0.0,0.0,0.0,0.0,0.0,0.9584786,0.8886558,-0.009974693,0.0,0.0,0.0,0.0,0.0,0.0
37990V204,0.53350455,0.51987725,-0.0019467558,0.0,0.0,0.0,0.0,0.0,0.0,0.6762553,0.6945241,0.002609832,0.0,0.0,0.0,0.0,0.0,0.0
046613105,0.35505334,NaN,NaN,0.0,0.0,0.0,0.0,0.0,0.0,NaN,NaN,NaN,0.0,0.0,0.0,0.0,0.0,0.0
050727106,0.67003536,NaN,NaN,0.0,0.0,0.0,0.0,0.0,0.0,0.77079654,NaN,NaN,0.0,0.0,0.0,0.0,0.0,0.0
05164B106,0.71437097,0.6659462,-0.006917826,0.0,0.0,0.0,0.0,0.0,0.0,0.98831624,0.9646137,-0.0033860803,0.0,0.0,0.0,0.0,0.0,0.0
05873K108,1.3718115,1.227579,-0.020604644,0.0,0.0,0.0,0.0,0.0,0.0,1.6078159,1.8465011,0.03409789,0.0,0.0,0.0,0.0,0.0,0.0
069744100,0.6400684,0.61311245,-0.0038508517,0.0,0.0,0.0,0.0,0.0,0.0,1.0116243,0.5327436,-0.06841154,0.0,0.0,0.0,0.0,0.0,0.0
074002205,0.77920884,0.40927666,-0.052847452,0.0,0.0,0.0,0.0,0.0,0.0,1.7070324,1.1476022,-0.07991861,0.0,0.0,0.0,0.0,0.0,0.0
077266104,0.5240206,0.5346972,0.0015252233,0.0,0.0,0.0,0.0,0.0,0.0,3.4951296,2.5932186,-0.12884443,0.0,0.0,0.0,0.0,0.0,0.0
087509105,0.24628834,0.22089343,-0.0036278453,0.14317754,NaN,NaN,0.0,0.0,0.0,0.56561583,0.47352692,-0.013155558,0.48040992,NaN,NaN,0.0,0.0,0.0
091250100,0.64188,0.74213713,0.014322451,0.0,0.0,0.0,0.0,0.0,0.0,0.4671566,0.51705027,0.0071276682,0.0,0.0,0.0,0.0,0.0,0.0
055607105,0.4836748,NaN,NaN,0.0,0.0,0.0,0.0,0.0,0.0,0.62377673,NaN,NaN,0.0,0.0,0.0,0.0,0.0,0.0
098904204,0.93697715,0.8960522,-0.0058464236,0.0,0.0,0.0,0.0,0.0,0.0,0.6979516,0.69030565,-0.0010922806,0.0,0.0,0.0,0.0,0.0,0.0
099541203,0.7809481,0.66573817,-0.016458562,0.0,0.0,0.0,0.0,0.0,0.0,2.314154,1.3974166,-0.13096248,0.0,0.0,0.0,0.0,0.0,0.0
100578103,1.2251443,0.55934703,-0.09511389,0.0,0.0,0.0,0.0,0.0,0.0,1.2163823,1.0145569,-0.028832197,0.0,0.0,0.0,0.0,0.0,0.0
104499207,0.34037024,0.3085175,-0.004550393,0.025106473,NaN,NaN,0.0,0.0,0.0,1.6910847,1.6165972,-0.010641081,0.8635581,NaN,NaN,0.0,0.0,0.0
105423404,0.23625857,0.53822464,0.04313801,0.043008823,NaN,NaN,0.0,0.0,0.0,0.6952186,0.84425956,0.021291563,0.6338402,NaN,NaN,0.0,0.0,0.0
105425102,NaN,0.5890943,NaN,0.0,0.0,0.0,0.0,0.0,0.0,NaN,0.7875276,NaN,0.0,0.0,0.0,0.0,0.0,0.0
106702103,NaN,0.726164,NaN,0.0,0.0,0.0,0.0,0.0,0.0,NaN,1.0330625,NaN,0.0,0.0,0.0,0.0,0.0,0.0
119003101,0.7509019,0.7754404,0.0035055024,0.0,0.0,0.0,0.0,0.0,0.0,0.69404894,0.6246731,-0.00991083,0.0,0.0,0.0,0.0,0.0,0.0
120084108,0.6783262,0.67717904,-1.638787E-4,0.0,0.0,0.0,0.0,0.0,0.0,0.71130306,0.7988021,0.0124998605,0.0,0.0,0.0,0.0,0.0,0.0
120113105,0.38194343,0.33842203,-0.0062173433,0.0,0.0,0.0,0.0,0.0,0.0,1.0814116,0.9306123,-0.021542754,0.0,0.0,0.0,0.0,0.0,0.0
121693105,0.3982363,0.53834295,0.020015236,0.0,0.0,0.0,0.0,0.0,0.0,0.65277857,0.6950477,0.0060384446,0.0,0.0,0.0,0.0,0.0,0.0
123164105,0.6024167,0.4355883,-0.023832629,0.0,0.0,0.0,0.0,0.0,0.0,0.7985278,0.7537022,-0.0064036506,0.0,0.0,0.0,0.0,0.0,0.0
12476P203,0.83856004,0.9893299,0.021538546,0.0,0.0,0.0,0.0,0.0,0.0,1.7460492,1.5900497,-0.02228563,0.0,0.0,0.0,0.0,0.0,0.0
128787108,0.48228657,0.42446563,-0.008260136,0.19055355,NaN,NaN,0.0,0.0,0.0,0.73529834,0.75824153,0.0032775998,1.1822901,NaN,NaN,0.0,0.0,0.0
129915203,0.7927587,0.771159,-0.0030856729,0.13905083,NaN,NaN,0.0,0.0,0.0,0.64561915,0.72637117,0.011536002,0.8229984,NaN,NaN,0.0,0.0,0.0
140909102,0.41426146,0.42220417,0.0011346723,0.0,0.0,0.0,0.0,0.0,0.0,0.55328083,0.40653718,-0.02096338,0.0,0.0,0.0,0.0,0.0,0.0
140777103,NaN,0.48508596,NaN,0.0,0.0,0.0,0.0,0.0,0.0,NaN,1.4180146,NaN,0.0,0.0,0.0,0.0,0.0,0.0
141602300,0.72213787,0.78320795,0.008724297,0.0,0.0,0.0,0.0,0.0,0.0,0.72900355,0.73993653,0.0015618546,0.0,0.0,0.0,0.0,0.0,0.0
141649301,0.7171183,0.5034588,-0.03052279,0.0,0.0,0.0,0.50284153,0.49143055,-0.0016301402,1.3421077,1.1996596,-0.020349724,0.0,0.0,0.0,1.2336223,0.70320946,-0.07577326
141706309,1.14465,0.51416606,-0.09006913,0.0,0.0,0.0,0.0,0.0,0.0,0.9002482,0.7939739,-0.015182043,0.0,0.0,0.0,0.0,0.0,0.0
143436400,0.72339743,0.6050789,-0.016902652,0.060345635,NaN,NaN,0.90172005,0.9409367,0.005602377,0.76271296,0.50071096,-0.037428856,0.47462094,NaN,NaN,0.8215623,1.0111728,0.027087212
111572103,0.7182832,0.65774107,-0.008648872,0.47734386,0.5105728,0.005538156,0.593096,0.6257344,0.0046626246,0.67226315,0.6141937,-0.0082956385,0.6527552,0.6331578,-0.003266235,0.71554565,0.72148913,8.4906816E-4
148710106,0.6871004,0.6495504,-0.0053642904,0.0,0.0,0.0,0.0,0.0,0.0,1.6833807,1.555085,-0.018327968,0.0,0.0,0.0,0.0,0.0,0.0
15115M101,2.2281647,2.4233427,0.027882576,0.0,0.0,0.0,0.0,0.0,0.0,2.177588,2.5427392,0.052164454,0.0,0.0,0.0,0.0,0.0,0.0
125185108,0.14063863,0.08614808,-0.0077843643,0.007817698,NaN,NaN,0.0,0.0,0.0,0.6377373,0.7523931,0.016379407,-3.105581,NaN,NaN,0.0,0.0,0.0
158496109,0.76168704,0.4106378,-0.05014989,0.0,0.0,0.0,0.7622104,1.2150984,0.06469828,0.8117361,0.6758241,-0.019416,0.0,0.0,0.0,0.6007441,0.80669296,0.02942126
16115Q308,0.6598434,0.79492146,0.019296868,0.0,0.0,0.0,0.0,0.0,0.0,0.6398203,0.48442745,-0.022198975,0.0,0.0,0.0,0.0,0.0,0.0
847807104,0.31917968,0.39307714,0.010556779,0.111427166,0.21241899,0.010099182,0.90816766,0.7144585,-0.027672734,7.303386,6.13549,-0.16684233,1.6809238,2.2600393,0.057911552,1.3370718,0.9387599,-0.056901693
559079207,0.68913966,0.6575295,-0.0045157415,0.0,0.0,0.0,0.7725775,0.9419348,0.0241939,0.6429487,0.56782806,-0.010731518,0.0,0.0,0.0,1.2550454,1.1141437,-0.020128813
163893209,NaN,0.38232273,NaN,0.0,0.0,0.0,NaN,1.1856816,NaN,NaN,0.66145855,NaN,0.0,0.0,0.0,NaN,0.952889,NaN
165159104,0.5383764,0.4169369,-0.017348498,0.0,0.0,0.0,0.67190695,0.58059645,-0.013044357,0.5894859,0.48141527,-0.015438659,0.0,0.0,0.0,0.5217747,0.5374571,0.0022403428
168710101,0.39305282,0.6768622,0.040544193,0.0,0.0,0.0,0.0,0.0,0.0,0.9588727,0.96657604,0.0011004806,0.0,0.0,0.0,0.0,0.0,0.0
170032809,0.59094477,0.5311544,-0.008541482,0.0,0.0,0.0,0.751259,0.51844704,-0.033258855,1.0996202,0.9983441,-0.014468014,0.0,0.0,0.0,1.1542752,1.5434384,0.05559475
12542A206,0.31835362,NaN,NaN,0.0,0.0,0.0,0.0,0.0,0.0,0.729983,NaN,NaN,0.0,0.0,0.0,0.0,0.0,0.0
172585101,0.68265235,0.48398045,-0.028381702,0.41866827,0.117614836,-0.025087787,NaN,0.27277333,NaN,0.607979,0.52615356,-0.011689348,0.37671757,0.31122887,-0.0054573915,NaN,0.42826274,NaN
172737108,0.42849678,0.11538256,-0.044730604,0.0,0.0,0.0,0.0,0.0,0.0,0.9232506,0.7695684,-0.021954605,0.0,0.0,0.0,0.0,0.0,0.0
180461105,0.80780107,NaN,NaN,0.0,0.0,0.0,0.0,0.0,0.0,1.4297954,NaN,NaN,0.0,0.0,0.0,0.0,0.0,0.0
182728204,0.9144325,0.887214,-0.00388836,0.0,0.0,0.0,0.0,0.0,0.0,3.89232,1.3682578,-0.3605803,0.0,0.0,0.0,0.0,0.0,0.0
192481208,1.0651593,1.2577903,0.027518716,0.0,0.0,0.0,0.0,0.0,0.0,1.5569092,1.1614934,-0.05648797,0.0,0.0,0.0,0.0,0.0,0.0
194830204,0.41401413,0.47709787,0.009011962,0.0,0.0,0.0,0.0,0.0,0.0,1.4582956,1.4243327,-0.0048518353,0.0,0.0,0.0,0.0,0.0,0.0
200334100,0.89739454,NaN,NaN,0.006811146,NaN,NaN,0.0,0.0,0.0,2.4555392,NaN,NaN,0.7772297,NaN,NaN,0.0,0.0,0.0
20452C104,0.77193093,NaN,NaN,0.0,0.0,0.0,0.0,0.0,0.0,1.2408867,NaN,NaN,0.0,0.0,0.0,0.0,0.0,0.0
206814105,0.5471766,0.48577335,-0.008771892,0.0,0.0,0.0,0.0,0.0,0.0,0.44755435,0.47883096,0.0044680876,0.0,0.0,0.0,0.0,0.0,0.0
209232107,0.07893324,0.1487513,0.009974009,0.0,0.0,0.0,0.0,0.0,0.0,0.49222422,0.6678086,0.025083482,0.0,0.0,0.0,0.0,0.0,0.0
21036U206,0.6673359,0.6008555,-0.0094972,0.406163,NaN,NaN,NaN,0.3715878,NaN,1.0014316,0.70742327,-0.042001188,0.49208906,NaN,NaN,NaN,0.93979853,NaN
21099Y004,0.4841205,0.60604507,0.017417798,0.37364057,0.43794262,0.0053585046,0.0,0.0,0.0,0.6401029,0.82939583,0.027041843,0.7204985,0.83650136,0.009666905,0.0,0.0,0.0
211496104,0.91676736,0.78296685,-0.019114358,0.0,0.0,0.0,0.0,0.0,0.0,0.9163437,0.68943393,-0.03241568,0.0,0.0,0.0,0.0,0.0,0.0
211914403,1.28965,1.342916,0.0076094354,0.0,0.0,0.0,0.0,0.0,0.0,3.5485828,2.1825528,-0.19514714,0.0,0.0,0.0,0.0,0.0,0.0
216245100,0.36725023,0.45242468,0.010646805,0.22749278,0.31488952,0.012485249,0.49179375,NaN,NaN,0.9091268,0.8894586,-0.0024585277,0.94951284,1.2336205,0.04058681,0.85149974,NaN,NaN
218103109,0.6166693,0.65161246,0.0049918806,0.0,0.0,0.0,0.0,0.0,0.0,0.53411084,0.6071589,0.010435437,0.0,0.0,0.0,0.0,0.0,0.0
22161G103,1.2646985,1.4650536,0.02862215,0.0,0.0,0.0,0.0,0.0,0.0,1.5569092,1.1614937,-0.056487937,0.0,0.0,0.0,0.0,0.0,0.0
222814204,4.513422,1.1762961,-0.47673225,0.0,0.0,0.0,0.61986285,1.7041607,0.1548997,2.4114714,1.1915904,-0.17426871,0.0,0.0,0.0,0.9239233,0.92531884,1.9936051E-4
228439105,0.8799577,0.86270297,-0.0024649587,0.0,0.0,0.0,0.0,0.0,0.0,0.85040724,0.79201174,-0.008342215,0.0,0.0,0.0,0.0,0.0,0.0
228622106,0.49953768,NaN,NaN,0.0,0.0,0.0,0.0,0.0,0.0,1.0529239,NaN,NaN,0.0,0.0,0.0,0.0,0.0,0.0
229070107,NaN,0.7653755,NaN,0.014475056,NaN,NaN,0.0,0.0,0.0,NaN,1.1263871,NaN,1.2321944,NaN,NaN,0.0,0.0,0.0
229241104,0.95251167,2.2698138,0.16466276,0.0,0.0,0.0,1.4547118,0.55967027,-0.12786308,1.0586871,1.2175424,0.019856915,0.0,0.0,0.0,1.412598,1.0383117,-0.05346947
126419100,1.3537631,1.4579456,0.014883212,0.0,0.0,0.0,0.0,0.0,0.0,1.100082,0.96409065,-0.019427342,0.0,0.0,0.0,0.0,0.0,0.0
23380G106,0.90348494,0.8409748,-0.008930019,0.0,0.0,0.0,0.0,0.0,0.0,1.702605,0.95678455,-0.10654578,0.0,0.0,0.0,0.0,0.0,0.0
234050102,0.7096536,0.66775924,-0.0059849108,0.0,0.0,0.0,0.0,0.0,0.0,1.888891,1.2667693,-0.08887453,0.0,0.0,0.0,0.0,0.0,0.0
234053106,0.444059,0.38690442,-0.008164942,0.0,0.0,0.0,0.0,0.0,0.0,1.8480729,1.5462307,-0.043120317,0.0,0.0,0.0,0.0,0.0,0.0
235774106,0.42201337,0.46364427,0.0059472704,0.0,0.0,0.0,0.0,0.0,0.0,0.4788553,0.46257564,-0.0023256668,0.0,0.0,0.0,0.0,0.0,0.0
235825205,0.49520668,0.40093568,-0.013467287,0.0,0.0,0.0,0.0,0.0,0.0,1.4126195,1.1437235,-0.03841371,0.0,0.0,0.0,0.0,0.0,0.0
240028308,1.1111637,0.8583747,-0.03611272,0.0,0.0,0.0,0.0,0.0,0.0,1.3979461,1.2172782,-0.025809696,0.0,0.0,0.0,0.0,0.0,0.0
233162502,1.2416673,1.1368595,-0.014972533,0.0,0.0,0.0,0.9953844,0.4340843,-0.08018573,0.70289814,0.57353485,-0.01848047,0.0,0.0,0.0,0.7774534,0.8118099,0.0049080676
241209105,0.9183917,0.59630024,-0.046013065,0.0,0.0,0.0,0.0,0.0,0.0,1.5951593,0.99542683,-0.08567607,0.0,0.0,0.0,0.0,0.0,0.0
243458106,1.2278713,1.2970734,0.00988601,0.0,0.0,0.0,0.0,0.0,0.0,3.4368138,4.6981306,0.1801881,0.0,0.0,0.0,0.0,0.0,0.0
247361702,0.47795293,0.5858489,0.015413715,0.0,0.0,0.0,0.34404054,0.33732212,-9.597753E-4,0.7303136,0.6383981,-0.013130784,0.0,0.0,0.0,0.659214,0.57853967,-0.011524907
255374100,0.7569213,0.7765393,0.0028025764,0.0,0.0,0.0,0.0,0.0,0.0,1.329755,1.2828755,-0.0066970587,0.0,0.0,0.0,0.0,0.0,0.0
255402406,0.5787379,0.20527181,-0.0533523,0.0,0.0,0.0,0.0,0.0,0.0,1.2687184,1.328507,0.008541226,0.0,0.0,0.0,0.0,0.0,0.0
344822101,0.62724584,0.5508828,-0.010909004,0.22185306,0.12035983,-0.01691554,0.49388933,0.4821238,-0.0016807914,0.8620238,0.6598245,-0.028885612,0.65242606,0.73200846,0.013263732,0.81074125,0.7874389,-0.0033289024
261528301,NaN,0.79263216,NaN,0.0,0.0,0.0,0.0,0.0,0.0,NaN,1.087176,NaN,0.0,0.0,0.0,0.0,0.0,0.0
262175102,0.46255165,0.34033725,-0.0174592,0.0,0.0,0.0,0.0,0.0,0.0,1.0122998,0.95750445,-0.007827903,0.0,0.0,0.0,0.0,0.0,0.0
262497308,0.605545,0.5711917,-0.004907608,0.0,0.0,0.0,0.0,0.0,0.0,1.0679727,0.9016176,-0.02376501,0.0,0.0,0.0,0.0,0.0,0.0
265903104,0.49488795,0.53755254,0.006094941,0.0,0.0,0.0,0.0,0.0,0.0,1.2954794,0.9970126,-0.042638116,0.0,0.0,0.0,0.0,0.0,0.0
267575108,0.50853056,0.5004569,-0.0011533754,0.0,0.0,0.0,0.0,0.0,0.0,0.58485955,0.5121484,-0.01038731,0.0,0.0,0.0,0.0,0.0,0.0
269514204,0.3455882,0.34575465,2.3777995E-5,0.0,0.0,0.0,0.33821642,NaN,NaN,0.6977905,0.69157493,-8.879389E-4,0.0,0.0,0.0,0.6321187,NaN,NaN
269524104,0.60593176,NaN,NaN,0.0,0.0,0.0,0.0,0.0,0.0,1.107122,NaN,NaN,0.0,0.0,0.0,0.0,0.0,0.0
269803102,0.34973943,0.25721,-0.013218492,0.10759565,NaN,NaN,0.0,0.0,0.0,1.2974949,0.8547466,-0.06324976,1.05559,NaN,NaN,0.0,0.0,0.0
071625107,0.5389378,0.30464903,-0.033469826,0.0,0.0,0.0,0.0,0.0,0.0,2.859374,1.0957059,-0.2519526,0.0,0.0,0.0,0.0,0.0,0.0
279862106,0.514387,0.8742013,0.044976786,0.0,0.0,0.0,0.0,0.0,0.0,1.4839103,0.992459,-0.061431415,0.0,0.0,0.0,0.0,0.0,0.0
280875303,0.7006475,0.47179163,-0.03269369,0.048763,0.021052495,-0.0039586434,0.31522238,NaN,NaN,1.0050429,1.2182342,0.030455897,1.4286474,1.3797027,-0.0069921017,1.4398466,NaN,NaN
281067306,0.5988012,0.49498641,-0.014830683,0.11734451,NaN,NaN,0.60861135,0.32339942,-0.04074456,1.1002319,1.1405008,0.0057527,1.3800548,NaN,NaN,1.5075166,1.4267954,-0.011531608
26874E107,0.3833684,0.39778018,0.0020588252,0.0,0.0,0.0,0.0,0.0,0.0,1.8226179,1.8771725,0.0077935117,0.0,0.0,0.0,0.0,0.0,0.0
291087203,0.6223591,0.7139165,0.0130796265,0.0,0.0,0.0,0.63740003,0.96512926,0.04681846,9.996149,3.7758703,-0.88861126,0.0,0.0,0.0,1.8207605,2.4197092,0.0855641
29255U104,0.43834853,0.514425,0.010868064,0.0,0.0,0.0,0.0,0.0,0.0,0.52851486,0.9115321,0.054716747,0.0,0.0,0.0,0.0,0.0,0.0
535763106,0.370625,0.49139026,0.01725218,0.0,0.0,0.0,0.0,0.0,0.0,0.713837,0.8384804,0.017806198,0.0,0.0,0.0,0.0,0.0,0.0
57685E200,0.47484043,0.5788895,0.014864151,0.0,0.0,0.0,0.0,0.0,0.0,1.495402,1.6879802,0.02751117,0.0,0.0,0.0,0.0,0.0,0.0
295866107,0.481256,0.43846083,-0.006113597,0.43943188,NaN,NaN,0.0,0.0,0.0,1.4788362,1.8339466,0.050730057,1.3399525,NaN,NaN,0.0,0.0,0.0
297862104,13.612548,1.3938981,-1.7455214,0.0,0.0,0.0,0.0,0.0,0.0,1.6587701,1.4960958,-0.023239186,0.0,0.0,0.0,0.0,0.0,0.0
299209106,0.5913803,0.4237671,-0.023944745,0.10617499,NaN,NaN,0.0,0.0,0.0,1.1400027,0.6277669,-0.07317655,0.5788468,NaN,NaN,0.0,0.0,0.0
300072105,0.3920246,0.510925,0.01698577,0.0,0.0,0.0,0.0,0.0,0.0,1.1104915,1.1567755,0.0066119945,0.0,0.0,0.0,0.0,0.0,0.0
302051206,0.5303801,0.52373934,-9.48676E-4,0.0,0.0,0.0,0.2579672,0.2505383,-0.0010612735,2.762832,1.742232,-0.1458,0.0,0.0,0.0,4.6057014,4.117944,-0.06967967
302088109,10.561387,1.5773216,-1.2834378,0.0,0.0,0.0,0.0,0.0,0.0,4.2833195,1.6266111,-0.37952974,0.0,0.0,0.0,0.0,0.0,0.0
302723101,0.6061433,0.43931198,-0.023833046,0.24544892,NaN,NaN,0.0,0.0,0.0,0.8333459,0.7366066,-0.0138198985,0.79523885,NaN,NaN,0.0,0.0,0.0
303698104,0.2474463,0.20104554,-0.0066286796,0.0,0.0,0.0,0.0,0.0,0.0,1.7169873,1.0501229,-0.09526634,0.0,0.0,0.0,0.0,0.0,0.0
305560302,0.77201015,0.664356,-0.015379165,0.0,0.0,0.0,0.0,0.0,0.0,1.005956,0.82928985,-0.025238028,0.0,0.0,0.0,0.0,0.0,0.0
306075102,0.5891897,0.694703,0.015073325,0.0,0.0,0.0,0.0,0.0,0.0,0.61939234,1.0688109,0.06420266,0.0,0.0,0.0,0.0,0.0,0.0
30701A106,1.282046,0.64040416,-0.091663115,0.0,0.0,0.0,0.0,0.0,0.0,1.3050113,1.4191967,0.016312208,0.0,0.0,0.0,0.0,0.0,0.0
313549404,0.41614795,NaN,NaN,0.036148082,NaN,NaN,0.36187136,0.32915312,-0.0046740347,0.98609185,NaN,NaN,1.4393169,NaN,NaN,0.8239264,0.82173485,-3.1307765E-4
315646109,0.61890644,0.6469507,0.004006326,0.0,0.0,0.0,0.0,0.0,0.0,0.67842084,0.61263114,-0.009398528,0.0,0.0,0.0,0.0,0.0,0.0
317832103,1.2369571,0.5938634,-0.091870524,0.0,0.0,0.0,0.0,0.0,0.0,1.2063465,0.9638949,-0.034635942,0.0,0.0,0.0,0.0,0.0,0.0
317884203,0.4508456,NaN,NaN,0.0,0.0,0.0,0.0,0.0,0.0,2.34626,NaN,NaN,0.0,0.0,0.0,0.0,0.0,0.0
G3529X106,0.9272928,0.38987505,-0.076773964,0.0,0.0,0.0,0.0,0.0,0.0,1.4495924,0.9584786,-0.0701591,0.0,0.0,0.0,0.0,0.0,0.0
339099103,0.71696,0.48729503,-0.032809284,0.0,0.0,0.0,0.0,0.0,0.0,1.0319403,0.841352,-0.027226908,0.0,0.0,0.0,0.0,0.0,0.0
339130106,0.45298645,0.32915154,-0.017690701,0.0,0.0,0.0,0.0,0.0,0.0,0.54136544,0.49922922,-0.0060194605,0.0,0.0,0.0,0.0,0.0,0.0
339756108,0.9356178,0.4479333,-0.06966922,0.0,0.0,0.0,0.0,0.0,0.0,1.4784442,1.3983351,-0.01144416,0.0,0.0,0.0,0.0,0.0,0.0
34407T104,0.47090054,0.51182437,0.005846262,0.0,0.0,0.0,0.0,0.0,0.0,0.6945241,0.6448066,-0.007102498,0.0,0.0,0.0,0.0,0.0,0.0
344123203,0.7748332,NaN,NaN,0.0,0.0,0.0,0.0,0.0,0.0,0.47687057,NaN,NaN,0.0,0.0,0.0,0.0,0.0,0.0
344155205,1.2701365,0.78340787,-0.069532655,0.0,0.0,0.0,0.0,0.0,0.0,1.0318172,0.96053594,-0.010183036,0.0,0.0,0.0,0.0,0.0,0.0
345206205,1.2863768,0.6427877,-0.091941305,0.0,0.0,0.0,1.1332,NaN,NaN,1.5167092,1.33357,-0.026162744,0.0,0.0,0.0,1.7714164,NaN,NaN
34659D104,0.793903,0.64592534,-0.021139665,0.0,0.0,0.0,0.0,0.0,0.0,0.8578494,0.86286557,7.165926E-4,0.0,0.0,0.0,0.0,0.0,0.0
349841304,0.69544286,0.688721,-9.602649E-4,0.29986387,0.6295706,0.06594135,0.6726331,0.89677376,0.032020092,1.0792773,1.6105274,0.07589287,2.2540433,5.5583878,0.6608689,1.7736477,1.2356848,-0.076851845
302543103,1.198169,0.8415369,-0.050947446,0.0,0.0,0.0,0.0,0.0,0.0,1.8852396,1.16351,-0.103104234,0.0,0.0,0.0,0.0,0.0,0.0
358321206,0.23021042,0.272653,0.006063227,0.6427015,NaN,NaN,0.0,0.0,0.0,0.5371163,0.4535784,-0.011933982,0.3582247,NaN,NaN,0.0,0.0,0.0
358430106,0.7018256,0.4291784,-0.038949605,0.0,0.0,0.0,0.0,0.0,0.0,1.0909247,1.3900893,0.04273779,0.0,0.0,0.0,0.0,0.0,0.0
359059102,0.540654,0.5065901,-0.004866268,0.0,0.0,0.0,0.0,0.0,0.0,0.7935469,0.7407732,-0.007539102,0.0,0.0,0.0,0.0,0.0,0.0
359076106,0.5171558,NaN,NaN,0.0,0.0,0.0,0.0,0.0,0.0,0.7202737,NaN,NaN,0.0,0.0,0.0,0.0,0.0,0.0
G3682L105,1.1429901,0.6531255,-0.06998066,0.5197153,NaN,NaN,0.0,0.0,0.0,0.4792623,0.5487761,0.009930543,0.29325396,NaN,NaN,0.0,0.0,0.0
36352K103,0.5134496,0.65980023,0.020907233,0.0,0.0,0.0,0.0,0.0,0.0,0.4479278,0.53296757,0.012148538,0.0,0.0,0.0,0.0,0.0,0.0
368145108,0.6247093,0.7768364,0.02173244,0.0,0.0,0.0,0.73646355,1.0253177,0.041264873,0.9236119,0.8122906,-0.015903039,0.0,0.0,0.0,0.7599366,0.7368486,-0.0032982826
36155Q109,0.60535204,0.524126,-0.011603721,0.08010371,NaN,NaN,0.0,0.0,0.0,0.6876953,0.47043344,-0.03103741,0.49231628,NaN,NaN,0.0,0.0,0.0
370054207,0.8727339,1.1416731,0.038419884,0.0,0.0,0.0,0.0,0.0,0.0,0.71508455,0.6985841,-0.0023572105,0.0,0.0,0.0,0.0,0.0,0.0
37045V100,0.28756317,0.3871199,0.014222388,NaN,0.43377775,NaN,0.32746485,0.4389218,0.015922423,0.7038737,0.5546855,-0.021312604,NaN,1.6377891,NaN,0.4274811,0.5043551,0.010981994
64015Y104,0.6372557,0.61698776,-0.0028954234,0.0,0.0,0.0,0.59833264,0.5614159,-0.005273819,1.1418827,0.99497235,-0.020987187,0.0,0.0,0.0,0.96388716,0.7598622,-0.029146424
372257105,0.5799343,0.6073298,0.003913641,0.0,0.0,0.0,0.33265197,NaN,NaN,0.7729695,0.7230968,-0.007124671,0.0,0.0,0.0,0.49352473,NaN,NaN
372282103,0.4923607,0.4230994,-0.0098944735,0.0,0.0,0.0,0.0,0.0,0.0,2.1320477,3.5539517,0.20312916,0.0,0.0,0.0,0.0,0.0,0.0
37245X203,0.67670417,0.6287834,-0.0068458235,0.0,0.0,0.0,0.0,0.0,0.0,0.9218709,0.95391905,0.0045783096,0.0,0.0,0.0,0.0,0.0,0.0
37248E202,0.19442256,1.1075133,0.13044153,0.0,0.0,0.0,0.0,0.0,0.0,1.3401331,1.1382314,-0.028843096,0.0,0.0,0.0,0.0,0.0,0.0
373654102,1.8822302,1.296575,-0.08366503,0.19599304,NaN,NaN,0.0,0.0,0.0,1.3322413,1.5011716,0.024132898,1.5351244,NaN,NaN,0.0,0.0,0.0
G3930E101,0.64377195,0.740669,0.013842438,0.11368185,0.23681164,0.010260816,1.0802599,1.4539784,0.053388357,0.6829372,0.5808457,-0.0145844985,0.78215516,0.746926,-0.0029357623,0.9711693,0.859183,-0.01599804
37941P306,1.1814213,NaN,NaN,0.0,0.0,0.0,0.0,0.0,0.0,0.9436661,NaN,NaN,0.0,0.0,0.0,0.0,0.0,0.0
37936U104,1.6952595,1.1858891,-0.07276719,0.0,0.0,0.0,0.0,0.0,0.0,2.241669,1.0318172,-0.17283596,0.0,0.0,0.0,0.0,0.0,0.0
G3930H104,1.2020462,NaN,NaN,0.0,0.0,0.0,0.0,0.0,0.0,1.9154508,NaN,NaN,0.0,0.0,0.0,0.0,0.0,0.0
64050T101,2.23359,1.2662488,-0.13819158,0.0,0.0,0.0,0.0,0.0,0.0,3.0295482,1.2687184,-0.25154713,0.0,0.0,0.0,0.0,0.0,0.0
380804203,1.5782036,1.1982317,-0.054281693,0.0,0.0,0.0,0.0,0.0,0.0,1.1242127,1.0319644,-0.013178332,0.0,0.0,0.0,0.0,0.0,0.0
383485109,0.41047478,NaN,NaN,0.0,0.0,0.0,0.0,0.0,0.0,0.8815613,NaN,NaN,0.0,0.0,0.0,0.0,0.0,0.0
384632105,0.7192126,NaN,NaN,0.0,0.0,0.0,0.0,0.0,0.0,2.1143699,NaN,NaN,0.0,0.0,0.0,0.0,0.0,0.0
386532402,0.5622941,0.73004246,0.023964047,0.0,0.0,0.0,0.43691888,0.34330115,-0.013373963,0.64289504,0.67280257,0.0042725033,0.0,0.0,0.0,0.71032983,0.673974,-0.005193693
390064103,0.27002233,0.3878561,0.016833395,0.0,0.0,0.0,0.17621726,0.27246964,0.01375034,0.6247417,0.6407533,0.0022873792,0.0,0.0,0.0,0.30920056,0.3378227,0.0040888786
36191C205,0.65834934,0.32571086,-0.04751978,0.0,0.0,0.0,0.0,0.0,0.0,2.9925787,1.4315552,-0.22300337,0.0,0.0,0.0,0.0,0.0,0.0
361942105,1.2208767,1.2867264,0.009407095,0.0,0.0,0.0,0.0,0.0,0.0,1.641252,2.384403,0.10616442,0.0,0.0,0.0,0.0,0.0,0.0
401794201,0.31420156,0.42874083,0.016362753,0.0,0.0,0.0,0.0,0.0,0.0,0.28721458,0.40044522,0.016175807,0.0,0.0,0.0,0.0,0.0,0.0
047620109,0.30498242,0.32006925,0.0021552613,0.38009626,NaN,NaN,0.0,0.0,0.0,2.0306575,1.4180652,-0.08751319,0.7178421,NaN,NaN,0.0,0.0,0.0
404429102,0.71310383,0.3170318,-0.056581717,0.0,0.0,0.0,0.0,0.0,0.0,0.7800834,1.2155557,0.06221032,0.0,0.0,0.0,0.0,0.0,0.0
409900107,0.47619936,NaN,NaN,0.0,0.0,0.0,0.0,0.0,0.0,0.7004826,NaN,NaN,0.0,0.0,0.0,0.0,0.0,0.0
481165108,0.75252557,0.54492396,-0.029657373,0.16514486,NaN,NaN,0.7139541,0.50049406,-0.03049429,NaN,NaN,NaN,NaN,NaN,NaN,NaN,NaN,NaN
417119104,0.5957889,0.38836962,-0.029631326,0.0,0.0,0.0,0.4211216,0.5384253,0.016757676,1.7169873,1.0501227,-0.09526636,0.0,0.0,0.0,0.44094247,0.45981842,0.0026965651
417434503,0.7235414,0.6809758,-0.006080798,0.0,0.0,0.0,0.19917578,NaN,NaN,1.1172982,1.4696628,0.05033779,0.0,0.0,0.0,0.95655036,NaN,NaN
419879101,0.2810598,0.22710514,-0.0077078086,-87.76282,22.78299,12.282867,0.29250738,0.3939821,0.014496391,0.75822055,0.6933247,-0.009270838,0.72717154,0.6442118,-0.009217746,0.70792145,0.8285938,0.017238906
420781304,0.30899674,0.33888856,0.0042702598,0.0,0.0,0.0,0.4092885,0.27948818,-0.018542903,1.2057627,0.7329129,-0.06754998,0.0,0.0,0.0,1.4730688,1.3418903,-0.018739786
670198100,0.8325593,0.9335446,0.01442647,0.0,0.0,0.0,1.4219251,1.2341111,-0.02683057,1.5476743,1.6789063,0.018747432,0.0,0.0,0.0,4.1208906,2.0478096,-0.29615444
422660936,0.35999864,NaN,NaN,0.0,0.0,0.0,0.0,0.0,0.0,0.79793054,NaN,NaN,0.0,0.0,0.0,0.0,0.0,0.0
422893107,0.49187484,0.3508872,-0.020141091,0.0,0.0,0.0,0.0,0.0,0.0,0.6956997,0.5530354,-0.020380616,0.0,0.0,0.0,0.0,0.0,0.0
428291108,0.34431806,0.33191347,-0.0017720844,0.15516435,0.19244371,0.0074558733,0.81727535,0.9304563,0.016168704,2.1427321,3.8730135,0.24718305,4.495641,1.7586898,-0.5473903,1.1880357,1.2488328,0.008685299
430771105,0.2691019,0.38905346,0.017135939,0.0,0.0,0.0,0.0,0.0,0.0,0.4216773,0.49241135,0.010104865,0.0,0.0,0.0,0.0,0.0,0.0
431692102,0.61437786,0.5505774,-0.00911435,0.17895204,0.12896639,-0.0049985647,0.4916569,0.4271752,-0.0092116725,0.6740665,0.60715425,-0.009558891,0.9206821,0.8368358,-0.008384627,0.7366066,0.7952389,0.008376045
433245107,0.7153387,NaN,NaN,0.0,0.0,0.0,0.0,0.0,0.0,2.1564436,NaN,NaN,0.0,0.0,0.0,0.0,0.0,0.0
441759107,0.49973664,0.42601284,-0.01053197,0.011916686,0.018425545,9.29837E-4,0.32719666,NaN,NaN,0.91076976,0.71386254,-0.028129604,0.61920905,0.78269607,0.023355288,0.77741796,NaN,NaN
404269201,NaN,0.4541207,NaN,0.23206283,0.20740826,-0.0049309134,0.46584812,NaN,NaN,NaN,0.9517448,NaN,0.9781306,0.972112,-0.0012037158,0.87633634,NaN,NaN
444356109,0.391263,NaN,NaN,0.0,0.0,0.0,0.0,0.0,0.0,1.241542,NaN,NaN,0.0,0.0,0.0,0.0,0.0,0.0
81169P101,1.0241231,0.6611011,-0.05186028,0.0,0.0,0.0,NaN,0.7200669,NaN,1.1929735,0.84133923,-0.050233465,0.0,0.0,0.0,NaN,0.8036265,NaN
868447103,5.8992877,3.758742,-0.30579224,0.0,0.0,0.0,NaN,0.765478,NaN,0.8987279,0.5359456,-0.05182604,0.0,0.0,0.0,NaN,1.4681811,NaN
45255G101,2.3718824,1.0626892,-0.1870276,0.0,0.0,0.0,0.0,0.0,0.0,1.8872907,1.3159221,-0.08162408,0.0,0.0,0.0,0.0,0.0,0.0
453096208,0.40026662,0.31746915,-0.011828209,0.0,0.0,0.0,NaN,0.17343885,NaN,1.7306024,1.751188,0.002940808,0.0,0.0,0.0,NaN,1.7130464,NaN
45321T202,1.2908577,1.1992334,-0.01308918,0.0,0.0,0.0,0.0,0.0,0.0,1.8044038,1.0642745,-0.10573275,0.0,0.0,0.0,0.0,0.0,0.0
45772G105,1.1284422,0.94676644,-0.025953677,0.0,0.0,0.0,0.0,0.0,0.0,1.418447,1.5257179,0.015324405,0.0,0.0,0.0,0.0,0.0,0.0
45811E301,0.556873,0.5006145,-0.008036928,0.0,0.0,0.0,0.4569613,NaN,NaN,0.64124805,0.72422147,0.011853346,0.0,0.0,0.0,0.8884926,NaN,NaN
45812C106,0.7673833,0.7329364,-0.004920985,0.0,0.0,0.0,0.0,0.0,0.0,0.9066689,0.51063734,-0.056575935,0.0,0.0,0.0,0.0,0.0,0.0
45881K104,0.42169833,0.49736452,0.010809456,0.0,0.0,0.0,0.0,0.0,0.0,NaN,NaN,NaN,0.0,0.0,0.0,0.0,0.0,0.0
459004404,0.564826,0.6445464,0.011388625,0.7431836,NaN,NaN,0.0,0.0,0.0,0.713715,0.72108316,0.0010525925,0.6603365,NaN,NaN,0.0,0.0,0.0
45950T101,2.3180015,0.60944676,-0.24407925,0.0,0.0,0.0,0.0,0.0,0.0,4.5083323,2.406732,-0.3002286,0.0,0.0,0.0,0.0,0.0,0.0
46072H108,0.4172066,0.4360403,0.0026905325,0.0,0.0,0.0,0.0,0.0,0.0,0.8875955,0.830433,-0.008166066,0.0,0.0,0.0,0.0,0.0,0.0
45031T872,1.3373852,0.8451824,-0.07031468,0.30110154,NaN,NaN,NaN,0.73182607,NaN,1.4495924,0.9584786,-0.0701591,0.95243156,NaN,NaN,NaN,0.97236,NaN
469834105,0.32860672,0.4503155,0.01738697,0.0,0.0,0.0,0.0,0.0,0.0,0.7960642,0.826219,0.004307832,0.0,0.0,0.0,0.0,0.0,0.0
470737107,0.2795947,0.29858315,0.0027126372,0.07118874,0.03443136,-0.007351476,0.0,0.0,0.0,1.0065812,0.85224575,-0.02204792,0.73516184,0.80687916,0.014343465,0.0,0.0,0.0
46611Q403,0.62637645,0.6040392,-0.0031910369,0.0,0.0,0.0,0.0,0.0,0.0,1.4046673,1.1755391,-0.032732587,0.0,0.0,0.0,0.0,0.0,0.0
477066203,0.5727841,NaN,NaN,0.0,0.0,0.0,0.0,0.0,0.0,0.7731517,NaN,NaN,0.0,0.0,0.0,0.0,0.0,0.0
481138105,0.47909102,NaN,NaN,0.0,0.0,0.0,0.0,0.0,0.0,0.98969114,NaN,NaN,0.0,0.0,0.0,0.0,0.0,0.0
481386100,0.59300625,0.62745374,0.0049210703,0.0,0.0,0.0,0.0,0.0,0.0,0.77741796,0.9395165,0.023156932,0.0,0.0,0.0,0.0,0.0,0.0
48213P106,1.1042341,0.6356943,-0.06693425,0.0,0.0,0.0,0.0,0.0,0.0,0.9661574,0.7000244,-0.038018994,0.0,0.0,0.0,0.0,0.0,0.0
29084Q100,0.45972192,0.42515182,-0.004938585,0.0,0.0,0.0,NaN,0.2398717,NaN,1.4115696,0.9026267,-0.072706126,0.0,0.0,0.0,NaN,1.0275453,NaN
483007704,NaN,0.29950437,NaN,0.0,0.0,0.0,1.1796857,1.1181011,-0.008797799,NaN,0.6323266,NaN,0.0,0.0,0.0,0.8861297,1.004222,0.016870337
485808109,0.4424467,NaN,NaN,0.0,0.0,0.0,0.0,0.0,0.0,0.9588854,NaN,NaN,0.0,0.0,0.0,0.0,0.0,0.0
482434206,1.2205716,1.2976128,0.011005878,0.4101227,NaN,NaN,0.89697343,0.85723865,-0.005676397,1.33357,1.2140718,-0.017071178,1.8069007,NaN,NaN,1.39641,0.9581968,-0.06260188
482455102,NaN,0.43346664,NaN,0.0,0.0,0.0,0.0,0.0,0.0,NaN,0.951744,NaN,0.0,0.0,0.0,0.0,0.0,0.0
488035106,0.5835766,0.58442026,1.2052059E-4,0.0,0.0,0.0,0.0,0.0,0.0,0.53205997,0.4735812,-0.008354111,0.0,0.0,0.0,0.0,0.0,0.0
492716105,0.4601029,0.49906254,0.0055656647,0.0,0.0,0.0,0.0,0.0,0.0,0.42372534,0.40605754,-0.0025239715,0.0,0.0,0.0,0.0,0.0,0.0
494521305,0.70587397,0.665467,-0.00577242,0.0,0.0,0.0,0.8000477,0.76350325,-0.0052206344,0.57518524,0.39848927,-0.025242282,0.0,0.0,0.0,0.6900715,0.81222564,0.017450588
498326206,0.47841647,0.34948707,-0.018418487,0.0,0.0,0.0,0.0,0.0,0.0,0.80313754,1.1811464,0.054001264,0.0,0.0,0.0,0.0,0.0,0.0
812350106,0.31013235,0.39370695,0.011939228,0.11111951,NaN,NaN,0.24746363,0.6577611,0.058613922,1.4924096,1.2895238,-0.028983679,1.2853717,NaN,NaN,1.2914226,0.9911281,-0.042899217
500453204,0.7884318,0.6186192,-0.024258945,0.0,0.0,0.0,0.72647554,1.032931,0.043779347,0.77805656,0.5648669,-0.030455666,0.0,0.0,0.0,0.8880503,0.9020854,0.002005015
505606103,0.29263094,0.3737913,0.011594338,0.0,0.0,0.0,0.0,0.0,0.0,0.75972795,0.7125519,-0.0067394376,0.0,0.0,0.0,0.0,0.0,0.0
51808R206,0.4288579,NaN,NaN,0.0,0.0,0.0,0.0,0.0,0.0,4.1193323,NaN,NaN,0.0,0.0,0.0,0.0,0.0,0.0
521863308,0.95321876,0.90688074,-0.0066197175,0.0,0.0,0.0,NaN,0.94091445,NaN,1.2440242,0.8442487,-0.05711078,0.0,0.0,0.0,NaN,1.1882277,NaN
521865204,0.37416223,0.36523622,-0.0012751435,0.0,0.0,0.0,NaN,0.47188532,NaN,1.0586137,0.48544285,-0.08188154,0.0,0.0,0.0,NaN,0.8725473,NaN
521098202,0.9852168,NaN,NaN,0.0,0.0,0.0,0.0,0.0,0.0,0.5689931,NaN,NaN,0.0,0.0,0.0,0.0,0.0,0.0
526262100,0.36018586,0.31270573,-0.006782877,0.0,0.0,0.0,0.0,0.0,0.0,NaN,NaN,NaN,0.0,0.0,0.0,0.0,0.0,0.0
B5628B104,2.926718,4.7857356,0.26557395,0.0,0.0,0.0,0.0,0.0,0.0,2.9518986,5.226788,0.32498422,0.0,0.0,0.0,0.0,0.0,0.0
527016109,0.8526964,0.70620656,-0.020927122,0.086731456,0.003931984,-0.005174967,0.48607454,0.3563401,-0.018533489,0.99920815,0.9417068,-0.008214482,0.81155807,1.033775,0.0138885565,0.98050225,0.99689615,0.0023419857
527482103,0.56969476,0.65948427,0.012827073,0.0,0.0,0.0,0.0,0.0,0.0,0.6045719,0.8572145,0.036091805,0.0,0.0,0.0,0.0,0.0,0.0
530129204,0.4795793,NaN,NaN,0.0,0.0,0.0,0.0,0.0,0.0,1.215255,NaN,NaN,0.0,0.0,0.0,0.0,0.0,0.0
536257108,0.55851185,0.32562855,-0.033269044,0.15224653,NaN,NaN,0.19744097,0.5800029,0.054651704,0.99069387,0.9588728,-0.0045458674,1.1973755,NaN,NaN,1.2403815,0.9712979,-0.038440507
538032400,0.64783615,0.41221312,-0.033660434,0.0,0.0,0.0,0.43124595,0.47060704,0.005623013,1.0723797,1.6809428,0.086937584,0.0,0.0,0.0,2.092555,1.4306912,-0.09455197
54021P403,0.6308337,0.59186155,-0.0055674487,0.0,0.0,0.0,0.71484166,0.61334157,-0.014500014,0.6768099,0.7143082,0.0053568995,0.0,0.0,0.0,0.7274639,0.87465477,0.021027267
014383103,0.81097203,0.5195047,-0.041638188,-0.001342632,NaN,NaN,0.29900828,0.27088648,-0.0040174,1.7657217,1.4289554,-0.048109464,1.1042478,NaN,NaN,1.02689,0.93498844,-0.0131288
540423100,0.61661917,0.522023,-0.0135137355,0.0,0.0,0.0,0.0,0.0,0.0,0.60321265,0.46399596,-0.0198881,0.0,0.0,0.0,0.0,0.0,0.0
542290408,0.5781723,0.55117697,-0.0038564801,0.092707634,0.06064085,-0.0024666758,NaN,0.748788,NaN,0.9106834,0.7999202,-0.015823314,0.76553094,0.9306082,0.012698252,NaN,1.0591689,NaN
543881106,0.8843398,0.94597435,0.008804934,0.0,0.0,0.0,0.36835942,NaN,NaN,1.3522792,0.7807724,-0.08164383,0.0,0.0,0.0,1.6505831,NaN,NaN
501921100,0.14297676,0.19134681,0.006910007,0.06012779,0.021857612,-0.001417414,0.2010986,0.27687994,0.010825904,0.79257476,0.56561583,-0.032422703,0.6497846,-0.66574013,-0.048723143,0.7629729,0.74017763,-0.0032564658
552078107,0.580461,NaN,NaN,0.0,0.0,0.0,0.0,0.0,0.0,0.9853672,NaN,NaN,0.0,0.0,0.0,0.0,0.0,0.0
559211305,0.47249642,0.23797391,-0.033503216,0.0,0.0,0.0,0.0,0.0,0.0,1.0829505,0.7708182,-0.044590328,0.0,0.0,0.0,0.0,0.0,0.0
478129109,NaN,0.3395834,NaN,0.1408043,0.13313964,-4.508627E-4,0.0,0.0,0.0,NaN,1.4874084,NaN,0.5459258,1.0366366,0.028865341,0.0,0.0,0.0
566244109,4.649346,0.28065658,-0.6240985,0.0,0.0,0.0,0.0,0.0,0.0,2.3158576,1.4470472,-0.12411577,0.0,0.0,0.0,0.0,0.0,0.0
568695209,NaN,0.31466892,NaN,0.43820947,0.06447268,-0.031144733,0.0,0.0,0.0,NaN,1.3282202,NaN,1.3305873,1.127728,-0.01690494,0.0,0.0,0.0
573913100,1.8465462,1.1262498,-0.102899484,0.37796628,NaN,NaN,0.56473947,NaN,NaN,1.109528,1.041473,-0.00972213,1.0415199,NaN,NaN,2.1497416,NaN,NaN
582266706,0.6931928,0.81773883,0.017792294,0.0,0.0,0.0,0.0,0.0,0.0,0.9868375,0.94131345,-0.006503437,0.0,0.0,0.0,0.0,0.0,0.0
55270M108,0.59457016,0.3748945,-0.031382237,0.0,0.0,0.0,0.0,0.0,0.0,0.68860495,0.77900493,0.012914283,0.0,0.0,0.0,0.0,0.0,0.0
58461Q409,0.5361075,NaN,NaN,0.0,0.0,0.0,0.0,0.0,0.0,1.2732271,NaN,NaN,0.0,0.0,0.0,0.0,0.0,0.0
584951107,0.5589156,0.51749057,-0.0059178644,0.0,0.0,0.0,0.0,0.0,0.0,0.6295118,0.5952611,-0.0048929537,0.0,0.0,0.0,0.0,0.0,0.0
590436101,1.3315014,1.0679014,-0.03765714,0.18350685,NaN,NaN,0.0,0.0,0.0,0.96274763,1.9785988,0.1451216,1.0551451,NaN,NaN,0.0,0.0,0.0
590479101,0.38344407,0.35216704,-0.004468147,0.0,0.0,0.0,0.0,0.0,0.0,0.5888534,0.58014643,-0.0012438552,0.0,0.0,0.0,0.0,0.0,0.0
591324207,0.41396356,0.39731452,-0.002378434,0.0,0.0,0.0,0.31606972,0.5575026,0.034490414,0.4746543,0.43393436,-0.0058171325,0.0,0.0,0.0,0.39832193,0.4999342,0.014516039
591596101,5.869988,0.9036067,-0.709483,0.0,0.0,0.0,0.0,0.0,0.0,2.6599517,1.2546147,-0.20076242,0.0,0.0,0.0,0.0,0.0,0.0
00374N107,2.7511814,0.40093553,-0.33574942,0.0,0.0,0.0,0.0,0.0,0.0,1.8044038,1.0642743,-0.10573278,0.0,0.0,0.0,0.0,0.0,0.0
552813107,0.8365566,1.0752223,0.03409509,0.0,0.0,0.0,0.0,0.0,0.0,1.3400052,1.2683966,-0.0102297915,0.0,0.0,0.0,0.0,0.0,0.0
594517104,0.5919876,0.59506005,4.3892008E-4,0.0,0.0,0.0,0.0,0.0,0.0,0.5618428,0.662939,0.014442316,0.0,0.0,0.0,0.0,0.0,0.0
598126100,0.44523117,0.48643526,0.005886299,0.0,0.0,0.0,0.0,0.0,0.0,0.8370774,0.80217427,-0.0049861586,0.0,0.0,0.0,0.0,0.0,0.0
598130102,0.59396917,0.4505652,-0.020486282,0.19502561,NaN,NaN,0.0,0.0,0.0,0.84759825,0.58572024,-0.037411146,0.6267855,NaN,NaN,0.0,0.0,0.0
598709301,0.47633052,NaN,NaN,0.0,0.0,0.0,0.0,0.0,0.0,3.901579,NaN,NaN,0.0,0.0,0.0,0.0,0.0,0.0
603669102,0.98876685,0.6382038,-0.04382038,0.0,0.0,0.0,0.0,0.0,0.0,1.1721194,1.2027268,0.0038259327,0.0,0.0,0.0,0.0,0.0,0.0
605288208,0.4398874,0.36706161,-0.010403684,0.0,0.0,0.0,0.0,0.0,0.0,1.2963593,1.0996591,-0.02810003,0.0,0.0,0.0,0.0,0.0,0.0
553100108,0.3806877,0.32217315,-0.008359224,0.09006811,NaN,NaN,0.0,0.0,0.0,0.48754546,0.44470346,-0.006120286,0.5097009,NaN,NaN,0.0,0.0,0.0
607415106,1.4956067,0.68642735,-0.11559705,0.0,0.0,0.0,0.0,0.0,0.0,1.519834,1.3928205,-0.018144796,0.0,0.0,0.0,0.0,0.0,0.0
60886R103,0.47451362,0.20120104,-0.039044652,0.0,0.0,0.0,0.0,0.0,0.0,0.72659475,0.60866296,-0.016847398,0.0,0.0,0.0,0.0,0.0,0.0
618447106,0.40353647,0.3591888,-0.006335382,0.0,0.0,0.0,0.0,0.0,0.0,1.4526917,1.1798146,-0.038982444,0.0,0.0,0.0,0.0,0.0,0.0
624581203,0.6605316,0.834882,0.024907205,0.0,0.0,0.0,0.0,0.0,0.0,1.3466762,1.0614747,-0.04074308,0.0,0.0,0.0,0.0,0.0,0.0
553166109,0.25823334,0.21141112,-0.0066888887,0.0,0.0,0.0,0.0,0.0,0.0,2.242883,1.1307188,-0.15888059,0.0,0.0,0.0,0.0,0.0,0.0
62473L309,1.2100619,0.9847415,-0.032188628,0.0,0.0,0.0,NaN,0.66858095,NaN,1.4495924,0.9584786,-0.0701591,0.0,0.0,0.0,NaN,0.9868371,NaN
635570500,0.518704,0.43902102,-0.011383282,0.07411051,NaN,NaN,0.47146955,0.3226957,-0.021253407,0.44853252,0.3881034,-0.008632733,0.3418966,NaN,NaN,0.32623163,0.41931954,0.013298273
635812209,0.8450055,1.259038,0.059147496,0.0,0.0,0.0,0.0,0.0,0.0,1.535212,1.4029454,-0.018895235,0.0,0.0,0.0,0.0,0.0,0.0
640820106,0.6874245,0.8140131,0.018084092,0.0,0.0,0.0,0.0,0.0,0.0,0.7515905,0.7787924,0.0038859844,0.0,0.0,0.0,0.0,0.0,0.0
638588103,0.6917782,0.64139104,-0.0071981633,0.0,0.0,0.0,0.0,0.0,0.0,0.9245844,0.74168205,-0.026128905,0.0,0.0,0.0,0.0,0.0,0.0
64122D506,1.7765493,0.8246691,-0.13598289,0.0,0.0,0.0,0.0,0.0,0.0,1.8803883,0.9822889,-0.1282999,0.0,0.0,0.0,0.0,0.0,0.0
641881107,0.92435753,0.6254825,-0.042696435,0.0,0.0,0.0,0.0,0.0,0.0,0.77056164,0.47959164,-0.041567143,0.0,0.0,0.0,0.0,0.0,0.0
655053106,0.5415406,0.3473945,-0.02773516,0.0,0.0,0.0,0.0,0.0,0.0,1.436672,0.9230678,-0.07337202,0.0,0.0,0.0,0.0,0.0,0.0
656568508,0.7177179,0.42566133,-0.041722365,0.0,0.0,0.0,0.74209285,0.8290421,0.012421318,1.243459,0.7793187,-0.06630576,0.0,0.0,0.0,1.8029019,1.7520237,-0.0072683096
666610100,3.6665072,2.3724785,-0.18486126,0.0,0.0,0.0,0.0,0.0,0.0,2.3649044,2.7959876,0.061583314,0.0,0.0,0.0,0.0,0.0,0.0
667280408,0.5500489,0.5682259,0.002596719,0.0,0.0,0.0,0.31412086,NaN,NaN,0.7303136,0.63839823,-0.013130767,0.0,0.0,0.0,0.659214,NaN,NaN
668367204,0.33090448,NaN,NaN,0.0,0.0,0.0,0.0,0.0,0.0,0.79257476,NaN,NaN,0.0,0.0,0.0,0.0,0.0,0.0
67019U101,0.9019277,0.897912,-5.7366915E-4,0.0,0.0,0.0,0.0,0.0,0.0,1.2823746,0.9078551,-0.05350279,0.0,0.0,0.0,0.0,0.0,0.0
69367F108,0.822594,0.97600806,0.021916296,0.0,0.0,0.0,0.0,0.0,0.0,1.4495924,0.9584786,-0.0701591,0.0,0.0,0.0,0.0,0.0,0.0
669935108,0.58665234,0.47645238,-0.015742851,0.0,0.0,0.0,0.0,0.0,0.0,1.2118841,1.1983268,-0.0019367592,0.0,0.0,0.0,0.0,0.0,0.0
62944T105,0.63713485,0.5651966,-0.010276897,0.3879704,0.3856945,-4.5517684E-4,0.6315811,0.5481856,-0.011913649,0.64970195,0.9653855,0.04509765,0.88903445,0.8235716,-0.013092565,0.7912586,0.68915105,-0.0145867895
674098207,0.32653978,0.37032068,0.006254413,0.0,0.0,0.0,0.0,0.0,0.0,0.8510176,0.80191714,-0.0070143514,0.0,0.0,0.0,0.0,0.0,0.0
67083Q101,0.59635144,NaN,NaN,0.0,0.0,0.0,0.0,0.0,0.0,1.0855501,NaN,NaN,0.0,0.0,0.0,0.0,0.0,0.0
677007205,0.51477283,0.54742414,0.0046644723,0.0,0.0,0.0,0.0,0.0,0.0,1.0082718,1.2303697,0.031728268,0.0,0.0,0.0,0.0,0.0,0.0
682505102,0.47298947,NaN,NaN,0.0,0.0,0.0,0.0,0.0,0.0,0.65841776,NaN,NaN,0.0,0.0,0.0,0.0,0.0,0.0
686285503,0.70958877,0.51260036,-0.0281412,0.0688111,NaN,NaN,0.547044,0.731013,0.026281288,1.3021758,1.1277614,-0.024916342,1.6352911,NaN,NaN,1.3664031,1.186591,-0.02568744
686588104,0.68499607,NaN,NaN,0.0,0.0,0.0,0.0,0.0,0.0,0.66894704,NaN,NaN,0.0,0.0,0.0,0.0,0.0,0.0
690020102,NaN,0.29918197,NaN,0.0,0.0,0.0,0.0,0.0,0.0,NaN,1.2777696,NaN,0.0,0.0,0.0,0.0,0.0,0.0
690742101,0.6228418,0.4404941,-0.02604967,0.02698662,NaN,NaN,0.6946698,0.50289136,-0.027396917,1.2145478,1.8987064,0.097736955,1.6018006,NaN,NaN,2.2575772,1.2063416,-0.15017651
694327107,2.5479052,0.37711015,-0.31011358,0.0,0.0,0.0,0.0,0.0,0.0,1.9090692,2.241669,0.047514252,0.0,0.0,0.0,0.0,0.0,0.0
695542100,1.2980936,1.3334895,0.0050565684,0.0,0.0,0.0,0.0,0.0,0.0,1.6241909,2.3998432,0.11080747,0.0,0.0,0.0,0.0,0.0,0.0
696639103,0.6326637,0.6517427,0.0027255672,0.0,0.0,0.0,0.0,0.0,0.0,0.55478954,0.7449644,0.02716784,0.0,0.0,0.0,0.0,0.0,0.0
697757102,0.47912136,0.42740932,-0.0073874337,0.11235048,NaN,NaN,0.0,0.0,0.0,0.84759825,0.58572024,-0.037411146,0.6267855,NaN,NaN,0.0,0.0,0.0
698891108,0.729976,0.6850518,-0.006417743,0.0,0.0,0.0,0.0,0.0,0.0,1.0273331,0.8554019,-0.02456161,0.0,0.0,0.0,0.0,0.0,0.0
69912K206,0.6425678,0.51177216,-0.018685093,0.066325575,NaN,NaN,0.0,0.0,0.0,1.1079113,1.1067482,-1.6616072E-4,1.076282,NaN,NaN,0.0,0.0,0.0
704378405,0.38398787,0.37586153,-0.0011609069,0.0,0.0,0.0,0.0,0.0,0.0,0.6833312,0.74675626,0.009060724,0.0,0.0,0.0,0.0,0.0,0.0
70556K106,0.81202537,0.96903706,0.022430241,0.0,0.0,0.0,0.0,0.0,0.0,2.0270257,1.440936,-0.08372711,0.0,0.0,0.0,0.0,0.0,0.0
707832309,0.19465634,0.25184333,0.00816957,0.0,0.0,0.0,0.20071623,0.18988593,-0.0015471855,0.66999066,0.6082511,-0.008819938,0.0,0.0,0.0,0.6731948,0.6373274,-0.0051239217
709620108,0.48185286,0.45549414,-0.003765532,0.0,0.0,0.0,0.0,0.0,0.0,0.4195281,0.41640303,-4.464388E-4,0.0,0.0,0.0,0.0,0.0,0.0
71366Q200,1.2056662,2.5059857,0.18575993,0.0,0.0,0.0,0.0,0.0,0.0,2.4451263,1.4633482,-0.14025402,0.0,0.0,0.0,0.0,0.0,0.0
716769203,0.7007055,0.95720625,0.03664296,0.0051998897,0.0050046733,-1.7746945E-5,0.57491904,0.609869,0.004992851,0.6628596,0.6838607,0.0030001572,0.75688744,0.677065,-0.007256584,0.6421994,0.50583,-0.019481344
717113203,0.29452848,0.27002183,-0.0035009512,0.0,0.0,0.0,0.0,0.0,0.0,0.99308366,0.97862345,-0.0020657438,0.0,0.0,0.0,0.0,0.0,0.0
719151102,0.6072702,0.67393607,0.009523698,0.0,0.0,0.0,0.0,0.0,0.0,0.64672434,0.5431289,-0.014799348,0.0,0.0,0.0,0.0,0.0,0.0
72147K108,0.50714713,0.36697844,-0.0200241,0.0,0.0,0.0,NaN,0.58946717,NaN,0.6121412,0.55534893,-0.00811318,0.0,0.0,0.0,NaN,0.66637933,NaN
721506103,0.5689601,0.5583318,-0.0015183261,0.0,0.0,0.0,0.0,0.0,0.0,0.69082546,0.5047026,-0.026588976,0.0,0.0,0.0,0.0,0.0,0.0
723643300,0.8876398,0.84031653,-0.0067604696,0.0,0.0,0.0,0.0,0.0,0.0,0.968919,0.93119806,-0.0053887027,0.0,0.0,0.0,0.0,0.0,0.0
72702Q102,1.6961665,0.75391924,-0.13460675,0.0,0.0,0.0,0.0,0.0,0.0,1.0145562,0.90245056,-0.016015086,0.0,0.0,0.0,0.0,0.0,0.0
731095105,0.7060721,0.5042752,-0.028828127,0.0,0.0,0.0,0.0,0.0,0.0,1.3762494,0.7976098,-0.082662806,0.0,0.0,0.0,0.0,0.0,0.0
731745204,0.6716961,0.6878951,0.0023141417,0.0,0.0,0.0,0.0,0.0,0.0,0.60021174,0.67207795,0.010266602,0.0,0.0,0.0,0.0,0.0,0.0
732827100,0.51511353,0.44986248,-0.009321579,0.0,0.0,0.0,0.0,0.0,0.0,1.1090934,1.2295376,0.017206311,0.0,0.0,0.0,0.0,0.0,0.0
741016307,0.9922015,NaN,NaN,0.0,0.0,0.0,0.0,0.0,0.0,1.4267944,NaN,NaN,0.0,0.0,0.0,0.0,0.0,0.0
741917108,1.3371893,0.8594247,-0.06825209,NaN,0.032299604,NaN,0.75666493,0.91153014,0.022123601,0.9907837,1.329755,0.048424464,NaN,1.2631533,NaN,0.91598594,0.9616565,0.006524367
74342L105,0.46518025,0.46246237,-3.882689E-4,0.0,0.0,0.0,0.0,0.0,0.0,1.109736,0.7376576,-0.05315405,0.0,0.0,0.0,0.0,0.0,0.0
74437C101,1.6587578,1.7471129,0.012622152,0.0,0.0,0.0,0.0,0.0,0.0,4.702044,1.9662995,-0.39082065,0.0,0.0,0.0,0.0,0.0,0.0
747275105,0.78923845,1.1215159,0.047468204,0.8262097,NaN,NaN,0.0,0.0,0.0,0.908282,-2.1483483,-0.43666148,1.14473,NaN,NaN,0.0,0.0,0.0
749361200,1.8650126,2.175209,0.04431377,0.0,0.0,0.0,0.8696671,NaN,NaN,0.9660737,1.2819068,0.04511902,0.0,0.0,0.0,1.19557,NaN,NaN
749412102,0.61912006,0.5777487,-0.005910192,0.0,0.0,0.0,0.0,0.0,0.0,1.3959336,1.6949081,0.042710643,0.0,0.0,0.0,0.0,0.0,0.0
756268108,0.79067403,0.54048663,-0.035741057,0.0,0.0,0.0,0.0,0.0,0.0,2.5013435,2.6513388,0.021427903,0.0,0.0,0.0,0.0,0.0,0.0
756285102,1.0701933,0.7916234,-0.039795697,0.0,0.0,0.0,0.0,0.0,0.0,1.232068,0.8579683,-0.05344281,0.0,0.0,0.0,0.0,0.0,0.0
757209507,1.1080273,1.0051135,-0.014701979,0.0,0.0,0.0,1.0436745,1.4561394,0.05892357,1.3123863,1.3110893,-1.852853E-4,0.0,0.0,0.0,1.836354,1.7278099,-0.015506302
398189100,0.5601682,0.7023155,0.020306757,0.0,0.0,0.0,0.47911432,0.62139416,0.02032569,1.6486378,2.241695,0.08472245,0.0,0.0,0.0,1.3299909,1.4205381,0.012935315
761406107,NaN,0.38426593,NaN,0.12964538,0.13196588,2.1095439E-4,0.6474466,NaN,NaN,NaN,0.711636,NaN,0.8183721,0.6768499,-0.012865651,0.6541576,NaN,NaN
74957T104,0.6210324,1.0532268,0.06174206,0.0,0.0,0.0,0.0,0.0,0.0,1.1030798,1.3732308,0.038593,0.0,0.0,0.0,0.0,0.0,0.0
762430205,2.8717434,1.3855474,-0.21231373,0.0,0.0,0.0,0.0,0.0,0.0,4.2833195,1.6266115,-0.3795297,0.0,0.0,0.0,0.0,0.0,0.0
779088103,0.20970346,NaN,NaN,0.0,0.0,0.0,0.0,0.0,0.0,0.49900797,NaN,NaN,0.0,0.0,0.0,0.0,0.0,0.0
G7702U102,1.2008866,0.91388977,-0.04099955,0.0,0.0,0.0,0.0,0.0,0.0,2.172043,1.8803883,-0.041664977,0.0,0.0,0.0,0.0,0.0,0.0
794004200,0.55160874,0.52537274,-0.0037479997,0.001105024,0.14065583,0.010734677,0.60968953,0.54015946,-0.009932867,1.4707555,1.366681,-0.014867783,1.4397228,1.1746373,-0.020391189,1.2336318,1.3332516,0.014231392
795872100,NaN,0.7523711,NaN,0.0,0.0,0.0,0.0,0.0,0.0,NaN,1.092508,NaN,0.0,0.0,0.0,0.0,0.0,0.0
811371707,0.6308568,NaN,NaN,0.0,0.0,0.0,0.0,0.0,0.0,0.56248784,NaN,NaN,0.0,0.0,0.0,0.0,0.0,0.0
816074405,0.78215176,0.6685928,-0.016222706,0.0,0.0,0.0,0.0,0.0,0.0,0.6991604,0.6649534,-0.0048867124,0.0,0.0,0.0,0.0,0.0,0.0
817587108,0.4488864,0.37540624,-0.010497166,0.15728426,NaN,NaN,0.0,0.0,0.0,0.85752165,0.75648016,-0.0144345,0.7847832,NaN,NaN,0.0,0.0,0.0
G80550109,0.5699818,0.5538524,-0.002304205,0.0,0.0,0.0,0.0,0.0,0.0,1.5790113,1.1210974,-0.06541627,0.0,0.0,0.0,0.0,0.0,0.0
82967Y104,0.37513757,0.24902001,-0.018016795,0.0,0.0,0.0,0.0,0.0,0.0,0.8746536,0.83474976,-0.005700546,0.0,0.0,0.0,0.0,0.0,0.0
83001A102,0.8576458,0.76495284,-0.013241853,0.0,0.0,0.0,NaN,0.61250913,NaN,1.0252463,0.8993818,-0.017980635,0.0,0.0,0.0,NaN,1.5977173,NaN
78442T108,0.50192374,0.49135995,-0.001509113,0.0,0.0,0.0,0.0,0.0,0.0,0.93010694,0.8269467,-0.01473718,0.0,0.0,0.0,0.0,0.0,0.0
434149100,1.4889652,NaN,NaN,0.0,0.0,0.0,0.0,0.0,0.0,2.1417043,NaN,NaN,0.0,0.0,0.0,0.0,0.0,0.0
83169A100,2.080576,0.98563325,-0.15642038,0.0,0.0,0.0,0.0,0.0,0.0,2.4625232,1.6385683,-0.11770785,0.0,0.0,0.0,0.0,0.0,0.0
832110100,0.5638543,0.33646238,-0.032484557,0.06512942,0.29831848,0.03331272,0.94043225,1.3611083,0.06009658,1.6027405,1.7813733,0.025518963,2.1460066,2.2938488,0.02112031,74.06199,16.369308,-8.241812
83272A104,0.66013974,0.51473504,-0.0207721,0.0,0.0,0.0,NaN,0.34494483,NaN,0.5853566,0.43354064,-0.021687994,0.0,0.0,0.0,NaN,0.55827767,NaN
83546Q109,0.6260913,0.5394265,-0.012380685,0.0,0.0,0.0,0.0,0.0,0.0,1.6046752,0.99858826,-0.086583845,0.0,0.0,0.0,0.0,0.0,0.0
836151209,0.32172096,0.5345335,0.030401792,0.0,0.0,0.0,0.0,0.0,0.0,0.53912216,0.16354421,-0.053653993,0.0,0.0,0.0,0.0,0.0,0.0
84649R200,0.6137719,0.5033211,-0.015778687,0.05688743,NaN,NaN,NaN,0.85572463,NaN,1.9232843,1.1877562,-0.10507544,1.105335,NaN,NaN,NaN,2.1165705,NaN
84741Y103,0.4840375,0.511357,0.0039027887,0.0,0.0,0.0,0.0,0.0,0.0,0.55889976,0.6323266,0.010489549,0.0,0.0,0.0,0.0,0.0,0.0
84761M104,0.9175298,0.9081418,-0.0013411471,0.0,0.0,0.0,1.4344815,2.3250089,0.1272182,1.100082,0.9640909,-0.019427309,0.0,0.0,0.0,1.2991831,1.3296356,0.004350356
847607108,1.2826908,1.6274872,0.04925663,0.0,0.0,0.0,0.0,0.0,0.0,2.4038718,1.7062612,-0.09965866,0.0,0.0,0.0,0.0,0.0,0.0
84763R101,0.65388495,0.7401654,0.0123257805,0.0,0.0,0.0,NaN,0.5236948,NaN,2.1511605,1.9155084,-0.033664584,0.0,0.0,0.0,NaN,2.2617261,NaN
848457107,0.58370537,NaN,NaN,0.0,0.0,0.0,0.0,0.0,0.0,0.77561253,NaN,NaN,0.0,0.0,0.0,0.0,0.0,0.0
85254C305,NaN,0.6046591,NaN,0.0,0.0,0.0,0.84325135,0.5446612,-0.042655732,NaN,1.6756067,NaN,0.0,0.0,0.0,0.9628229,0.86350256,-0.014188622
853156206,0.7027374,0.6661504,-0.005226714,0.55375946,0.5762093,0.0044899704,0.46302742,0.80666864,0.049091604,1.8304234,1.8094437,-0.0029970917,1.4702404,1.6399593,0.033943795,1.4776171,1.4788362,1.7414775E-4
854923109,NaN,0.30610204,NaN,0.0,0.0,0.0,0.0,0.0,0.0,NaN,1.8803883,NaN,0.0,0.0,0.0,0.0,0.0,0.0
85569E103,1.035468,0.76565933,-0.038544092,0.0,0.0,0.0,0.0,0.0,0.0,4.1193323,1.3401337,-0.3970284,0.0,0.0,0.0,0.0,0.0,0.0
857689103,1.9353609,NaN,NaN,0.0,0.0,0.0,0.0,0.0,0.0,1.4541733,NaN,NaN,0.0,0.0,0.0,0.0,0.0,0.0
861572105,0.40181231,0.26126835,-0.02007771,0.0,0.0,0.0,0.0,0.0,0.0,0.9404677,0.8039105,-0.019508174,0.0,0.0,0.0,0.0,0.0,0.0
862111200,0.70979947,0.5750723,-0.01924674,0.103479885,0.37335527,0.026987538,0.91528606,0.81034935,-0.01499096,3.0470805,2.243597,-0.114783354,1.9146174,1.9884737,0.0073856236,1.2437409,1.2733012,0.004222904
86677E100,0.7383774,0.6850269,-0.007621501,0.0,0.0,0.0,0.0,0.0,0.0,0.9983407,0.5698899,-0.06120726,0.0,0.0,0.0,0.0,0.0,0.0
866881105,0.21774961,0.30343387,0.012240608,0.0,0.0,0.0,0.0,0.0,0.0,0.3502327,0.46726492,0.01671889,0.0,0.0,0.0,0.0,0.0,0.0
86688Q100,0.21168469,NaN,NaN,0.0,0.0,0.0,0.0,0.0,0.0,0.98969114,NaN,NaN,0.0,0.0,0.0,0.0,0.0,0.0
87163L103,0.90419286,NaN,NaN,0.0,0.0,0.0,0.0,0.0,0.0,2.024309,NaN,NaN,0.0,0.0,0.0,0.0,0.0,0.0
871839205,0.9000423,0.7608063,-0.019890854,0.0,0.0,0.0,0.0,0.0,0.0,2.4448466,4.9248867,0.35429144,0.0,0.0,0.0,0.0,0.0,0.0
873452304,0.4938631,0.5198149,0.0037074003,0.12557325,0.54761004,0.0527546,3.5033085,1.1684337,-0.33355355,0.45325908,0.5498793,0.013802891,0.50529164,1.6543756,0.14363548,0.61981374,0.68047106,0.008665332
878415108,NaN,0.8651539,NaN,0.0,0.0,0.0,0.0,0.0,0.0,NaN,0.67640585,NaN,0.0,0.0,0.0,0.0,0.0,0.0
879908101,0.84824187,0.5691623,-0.039868508,0.0,0.0,0.0,0.0,0.0,0.0,1.4386815,1.0604757,-0.054029398,0.0,0.0,0.0,0.0,0.0,0.0
87959Y103,4.582662,1.838829,-0.39197615,0.0,0.0,0.0,0.0,0.0,0.0,2.351462,1.6281159,-0.10333514,0.0,0.0,0.0,0.0,0.0,0.0
87971Q104,1.1176496,0.31486347,-0.11468373,0.0,0.0,0.0,0.0,0.0,0.0,3.4474177,1.8044041,-0.23471622,0.0,0.0,0.0,0.0,0.0,0.0
881451108,0.3642237,0.20806503,-0.02230838,0.0,0.0,0.0,0.0,0.0,0.0,0.95204973,1.2569159,0.043552313,0.0,0.0,0.0,0.0,0.0,0.0
881694103,0.34099224,0.35303712,0.0017206967,0.20521249,NaN,NaN,0.5156869,0.5560082,0.0057601845,0.52628857,0.651205,0.017845204,0.8581598,NaN,NaN,0.66876584,0.71157295,0.0061153
882445109,2.6375468,1.0039092,-0.23337679,1.5625695,NaN,NaN,1.5284386,1.1226727,-0.057966556,1.7266147,1.3282202,-0.056913495,1.2821671,NaN,NaN,1.5578201,1.3056457,-0.03602491
872424106,0.5713257,0.43891242,-0.018916186,0.537602,1.2764935,0.09236144,2.095952,NaN,NaN,0.9794458,1.2785872,0.042734485,1.2184523,1.1214364,-0.012126997,1.2777236,NaN,NaN
885184101,0.63726366,0.5834797,-0.007683422,0.0,0.0,0.0,0.0,0.0,0.0,0.7569161,0.8362865,0.011338626,0.0,0.0,0.0,0.0,0.0,0.0
889039103,0.2949098,0.40589023,0.015854346,0.06785715,0.11937572,0.0039629666,0.3301157,0.36137673,0.004465861,0.4595123,1.4580666,0.14265062,0.7649229,0.7044518,-0.0046516242,0.7726456,0.55203253,-0.031516153
889073201,0.5628728,0.66613585,0.01475186,0.0,0.0,0.0,0.0,0.0,0.0,1.29238,1.4202018,0.018260257,0.0,0.0,0.0,0.0,0.0,0.0
872962105,0.589855,0.560814,-0.0041487133,0.0,0.0,0.0,0.0,0.0,0.0,NaN,1.4964879,NaN,0.0,0.0,0.0,0.0,0.0,0.0
891697104,0.39530754,0.38938054,-8.467138E-4,0.0,0.0,0.0,0.0,0.0,0.0,1.0372182,0.9272241,-0.015713444,0.0,0.0,0.0,0.0,0.0,0.0
891707101,0.42340377,0.4369424,0.0019340898,0.0,0.0,0.0,0.0,0.0,0.0,0.35246748,0.51326174,0.022970608,0.0,0.0,0.0,0.0,0.0,0.0
89299Y009,0.7584841,0.7084392,-0.007149279,0.74602145,0.8766652,0.021773955,0.0,0.0,0.0,NaN,NaN,NaN,NaN,NaN,NaN,0.0,0.0,0.0
892149105,0.62208486,0.82219696,0.028587444,0.0,0.0,0.0,0.0,0.0,0.0,1.2928183,1.3400656,0.0067496127,0.0,0.0,0.0,0.0,0.0,0.0
89376N108,1.3521715,1.0914156,-0.037250843,0.0,0.0,0.0,0.0,0.0,0.0,1.5339265,1.3359433,-0.028283307,0.0,0.0,0.0,0.0,0.0,0.0
893878108,0.35801828,0.2924695,-0.009364111,0.0,0.0,0.0,0.0,0.0,0.0,1.248685,1.3636326,0.01642108,0.0,0.0,0.0,0.0,0.0,0.0
894859107,0.42808056,0.4459879,0.002558193,0.0,0.0,0.0,0.0,0.0,0.0,1.4213537,1.4385842,0.0024615016,0.0,0.0,0.0,0.0,0.0,0.0
896106200,0.5826873,0.6020415,0.0027648807,0.0,0.0,0.0,0.6278122,0.85482895,0.032430965,0.77274805,1.4354169,0.09466698,0.0,0.0,0.0,1.3216347,1.3071922,-0.0020632062
896925203,0.58928853,0.59194756,3.798604E-4,0.0,0.0,0.0,0.0,0.0,0.0,0.7877944,0.5990556,-0.026962688,0.0,0.0,0.0,0.0,0.0,0.0
89816T103,0.6164052,0.69462794,0.011174679,0.0,0.0,0.0,0.70213324,0.6675006,-0.0049475175,1.8278267,0.98717034,-0.12009377,0.0,0.0,0.0,1.6078159,1.8465011,0.03409789
872918107,0.63729763,0.42963934,-0.02966547,0.0,0.0,0.0,0.0,0.0,0.0,1.1104914,1.1567754,0.0066119945,0.0,0.0,0.0,0.0,0.0,0.0
899900104,0.59442544,0.4870371,-0.0153411925,0.0,0.0,0.0,0.0,0.0,0.0,1.5454187,1.3221647,-0.03189344,0.0,0.0,0.0,0.0,0.0,0.0
901167106,0.3216549,0.29662278,-0.0035760147,0.0,0.0,0.0,0.0,0.0,0.0,0.96985143,0.9225585,-0.0067561353,0.0,0.0,0.0,0.0,0.0,0.0
87311M102,1.2567052,0.6293728,-0.089618914,0.0,0.0,0.0,0.0,0.0,0.0,1.4839284,1.2243531,-0.037082195,0.0,0.0,0.0,0.0,0.0,0.0
90334D109,0.6420416,0.16715714,-0.06784064,0.0,0.0,0.0,0.0,0.0,0.0,1.1417918,0.9682344,-0.024793914,0.0,0.0,0.0,0.0,0.0,0.0
90333L201,0.5125349,0.62327117,0.015819464,0.0,0.0,0.0,0.0,0.0,0.0,0.63620454,0.8419427,0.02939117,0.0,0.0,0.0,0.0,0.0,0.0
911920106,0.60468763,0.59260154,-0.0017265847,0.21278179,0.16709438,-0.005710926,0.7194152,0.51899225,-0.02863185,0.72108316,0.64970195,-0.010197316,0.958647,0.84820193,-0.013805635,0.8149795,0.6958803,-0.017014172
90331T107,0.3649093,NaN,NaN,0.0,0.0,0.0,0.0,0.0,0.0,1.3149244,NaN,NaN,0.0,0.0,0.0,0.0,0.0,0.0
910047109,0.2679431,0.38017216,0.016032722,0.01333992,NaN,NaN,0.43875253,0.40547782,-0.00475353,0.7696927,0.7122102,-0.0082117915,0.70343506,NaN,NaN,0.7935469,0.74077314,-0.0075391107
902646108,0.6319964,0.60811377,-0.0034118039,0.0,0.0,0.0,0.0,0.0,0.0,0.83516675,0.7045598,-0.018658135,0.0,0.0,0.0,0.0,0.0,0.0
903849107,0.24161538,0.25619385,0.0020826373,0.0,0.0,0.0,0.0,0.0,0.0,0.69945204,0.93862504,0.03416757,0.0,0.0,0.0,0.0,0.0,0.0
910858109,0.58320576,0.91917634,0.0479958,1.1399902,NaN,NaN,NaN,0.78540283,NaN,1.0739118,1.5696315,0.0708171,1.2597253,NaN,NaN,NaN,0.9807972,NaN
35241Q107,NaN,0.3723105,NaN,0.074134186,0.069931544,-1.556534E-4,0.5395761,0.46057266,-0.0112862075,NaN,0.7024339,NaN,0.45143214,0.5419194,0.0033513804,0.5078107,0.409032,-0.014111246
903293405,1.1859031,1.1892629,4.7997065E-4,0.0,0.0,0.0,0.79731524,0.6533259,-0.020569904,0.7320197,0.6969862,-0.005004789,0.0,0.0,0.0,0.826334,0.77595806,-0.007196563
917311805,4.983914,0.7733053,-0.6015155,0.0,0.0,0.0,0.0,0.0,0.0,4.2274966,1.5332851,-0.38488737,0.0,0.0,0.0,0.0,0.0,0.0
91972C106,0.3163409,0.31755558,1.7352615E-4,0.0,0.0,0.0,0.0,0.0,0.0,NaN,NaN,NaN,0.0,0.0,0.0,0.0,0.0,0.0
919902106,0.84274346,0.40578675,-0.062422387,0.0,0.0,0.0,0.0,0.0,0.0,0.9615397,0.83334607,-0.018313374,0.0,0.0,0.0,0.0,0.0,0.0
494580103,1.0070227,0.42411342,-0.08327276,0.0,0.0,0.0,0.44330823,0.27077955,-0.024646955,1.0723599,0.6349291,-0.062490113,0.0,0.0,0.0,0.7338164,0.5816335,-0.02174041
923275101,0.2865539,0.41759267,0.018719826,0.0,0.0,0.0,0.0,0.0,0.0,0.7927665,1.4575548,0.09496976,0.0,0.0,0.0,0.0,0.0,0.0
92335X100,1.5446547,3.6677487,0.30329916,0.0,0.0,0.0,0.0,0.0,0.0,1.8803889,0.98228866,-0.12830003,0.0,0.0,0.0,0.0,0.0,0.0
92336G106,1.4966043,0.48842096,-0.14402619,0.0,0.0,0.0,0.0,0.0,0.0,1.0694743,0.91832924,-0.021592157,0.0,0.0,0.0,0.0,0.0,0.0
925492100,0.65692633,1.1320777,0.06787877,0.0,0.0,0.0,0.0,0.0,0.0,0.81387377,0.9404109,0.018076735,0.0,0.0,0.0,0.0,0.0,0.0
92553H803,0.9924581,0.96588665,-0.0033214316,0.0,0.0,0.0,0.0,0.0,0.0,0.89518285,0.6597764,-0.029425807,0.0,0.0,0.0,0.0,0.0,0.0
925529208,1.3522687,1.05775,-0.042074103,0.0,0.0,0.0,0.0,0.0,0.0,2.384403,1.4495919,-0.13354445,0.0,0.0,0.0,0.0,0.0,0.0
63845P101,0.90523463,0.5695907,-0.047949135,0.0,0.0,0.0,0.5379159,0.53655195,-1.9484758E-4,1.649445,1.3085774,-0.048695378,0.0,0.0,0.0,1.2040129,1.0248846,-0.025589755
92839U206,0.3127211,0.3462811,0.004794287,0.0,0.0,0.0,0.0,0.0,0.0,1.205763,0.7329128,-0.067550026,0.0,0.0,0.0,0.0,0.0,0.0
928559103,0.93593454,0.948926,0.0018559183,0.0,0.0,0.0,0.0,0.0,0.0,1.2518827,1.0671936,-0.026384149,0.0,0.0,0.0,0.0,0.0,0.0
38388F108,0.44558132,0.23103055,-0.03575846,0.07221106,0.31361032,0.0063526123,0.53001904,0.47830468,-0.0073877657,0.92502046,0.9969791,0.01199311,1.0954227,1.0999569,1.1931909E-4,0.77648574,0.67534035,-0.014449341
93369N109,0.4954737,0.7351958,0.034246016,0.12194028,NaN,NaN,0.59205914,0.5656345,-0.0037749496,1.6635475,2.6543603,0.14154468,2.882963,NaN,NaN,2.2344506,2.667819,0.061909776
934390402,0.77622557,0.6225474,-0.021954026,0.0,0.0,0.0,0.5090593,0.7069371,0.028268252,0.7626991,0.85384923,0.013021444,0.0,0.0,0.0,1.0998851,0.967973,-0.018844588
938862208,0.3481404,0.31626773,-0.004553237,0.0,0.0,0.0,NaN,0.31201693,NaN,0.8039105,1.1365727,0.047523174,0.0,0.0,0.0,NaN,1.2058887,NaN
94769A101,1.663881,1.3879694,-0.039415937,0.0,0.0,0.0,0.0,0.0,0.0,2.351462,1.6281159,-0.10333514,0.0,0.0,0.0,0.0,0.0,0.0
94845V103,2.7517548,0.101661205,-0.3785848,0.0,0.0,0.0,0.0,0.0,0.0,1.8307102,0.8615567,-0.13845049,0.0,0.0,0.0,0.0,0.0,0.0
948462106,0.9469492,0.8757229,-0.010175185,0.0,0.0,0.0,0.0,0.0,0.0,0.7971437,0.9860337,0.026984284,0.0,0.0,0.0,0.0,0.0,0.0
948774104,0.40792313,NaN,NaN,0.0,0.0,0.0,0.0,0.0,0.0,0.51705027,NaN,NaN,0.0,0.0,0.0,0.0,0.0,0.0
955465109,0.3545858,0.33597344,-0.0026589078,0.0,0.0,0.0,0.4856489,NaN,NaN,0.5452783,0.6039083,0.008375713,0.0,0.0,0.0,0.62238026,NaN,NaN
958043408,0.70117426,1.1229186,0.06024919,0.108025834,NaN,NaN,0.73409957,0.85241663,0.016902437,1.9280343,1.664522,-0.037644606,0.82817286,NaN,NaN,1.1714686,1.1473708,-0.0034425429
960878106,0.21973039,0.19131668,-0.004059102,0.0,0.0,0.0,0.09455159,0.14073998,0.006598341,1.3969465,1.3014158,-0.01364725,0.0,0.0,0.0,0.9271203,0.93826437,0.001592006
961238102,0.7505663,0.78069085,0.0043035066,0.0,0.0,0.0,0.0,0.0,0.0,0.44454718,0.52795595,0.011915539,0.0,0.0,0.0,0.0,0.0,0.0
410315105,0.4854072,0.4450748,-0.0057617724,0.48856822,0.35941112,-0.01291571,0.49060097,0.5871145,0.013787649,0.42522904,0.41192374,-0.001900758,0.4204561,0.44633353,0.0025877417,0.74122334,0.7014164,-0.0056867087
194831004,NaN,0.44362378,NaN,0.0921499,0.10827595,0.0017917835,0.102695726,NaN,NaN,NaN,0.666927,NaN,0.59680486,0.7265287,0.014413761,0.5743297,NaN,NaN
972218101,0.15354353,0.16160703,0.0011519279,0.0935526,0.120128445,0.008858616,0.21986918,0.24304675,0.0033110806,0.34025374,0.33230418,-0.0011356516,0.37345153,0.37971425,0.0020875733,0.37249115,0.41319588,0.005814961
974280307,0.3624545,0.22525503,-0.019599926,0.0,0.0,0.0,0.38226607,0.24343306,-0.019833287,0.5824459,0.62163025,0.005597762,0.0,0.0,0.0,0.87202036,0.66637534,-0.029377861
975515107,1.8030475,1.0697486,-0.10475699,0.0,0.0,0.0,0.0,0.0,0.0,2.384403,1.4495919,-0.13354445,0.0,0.0,0.0,0.0,0.0,0.0
97652H109,0.9484517,1.2033007,0.036407,0.0,0.0,0.0,0.0,0.0,0.0,1.440571,1.8247361,0.05488074,0.0,0.0,0.0,0.0,0.0,0.0
98141A101,0.672653,0.32760045,-0.049293224,0.0,0.0,0.0,0.0,0.0,0.0,2.3844037,1.4495921,-0.13354452,0.0,0.0,0.0,0.0,0.0,0.0
981902109,3.6351852,1.1786237,-0.35093737,0.66372263,NaN,NaN,0.0,0.0,0.0,4.245483,1.498878,-0.39237213,0.72515106,NaN,NaN,0.0,0.0,0.0
981579105,0.08904052,-0.23382828,-0.04612411,0.0,0.0,0.0,0.0,0.0,0.0,1.525718,1.1867714,-0.04842094,0.0,0.0,0.0,0.0,0.0,0.0
981907108,0.55151695,0.52893305,-0.0032262716,0.0,0.0,0.0,0.0,0.0,0.0,0.68971646,0.5389163,-0.02154288,0.0,0.0,0.0,0.0,0.0,0.0
894688100,0.5734928,0.5234757,-0.007145303,0.37644866,0.047718983,-0.046961386,0.6919661,0.6151602,-0.01097227,0.602619,0.5341045,-0.009787781,0.58669704,0.7053495,0.016950352,0.754966,0.66916305,-0.012257568
98416J118,NaN,0.7777953,NaN,0.0,0.0,0.0,NaN,0.6566659,NaN,NaN,0.6019423,NaN,0.0,0.0,0.0,NaN,1.5190552,NaN
98417K106,1.6494013,0.7811772,-0.12403201,0.0,0.0,0.0,0.0,0.0,0.0,1.4495924,0.9584785,-0.07015912,0.0,0.0,0.0,0.0,0.0,0.0
989349105,0.8144303,NaN,NaN,0.0,0.0,0.0,0.0,0.0,0.0,1.74389,NaN,NaN,0.0,0.0,0.0,0.0,0.0,0.0
20557T101,0.0,0.0,0.0,0.42718756,NaN,NaN,0.76139194,1.3734336,0.08743452,0.0,0.0,0.0,2.881591,NaN,NaN,2.397399,2.3584864,-0.0055589336
212072102,0.0,0.0,0.0,0.13437295,NaN,NaN,0.13968255,0.32559326,0.026558673,0.0,0.0,0.0,0.81676,NaN,NaN,0.521395,0.5840322,0.008948164
086553104,0.0,0.0,0.0,0.0,0.0,0.0,NaN,0.32539555,NaN,0.0,0.0,0.0,0.0,0.0,0.0,NaN,0.39184117,NaN
G3921A175,0.0,0.0,0.0,0.0,0.0,0.0,NaN,0.30718476,NaN,0.0,0.0,0.0,0.0,0.0,0.0,NaN,0.97236,NaN
172936106,0.0,0.0,0.0,0.0,0.0,0.0,0.6708295,1.093141,0.060330212,0.0,0.0,0.0,0.0,0.0,0.0,1.9378188,2.8818655,0.13486382
457661106,0.0,0.0,0.0,0.0,0.0,0.0,NaN,0.84761286,NaN,0.0,0.0,0.0,0.0,0.0,0.0,NaN,1.152954,NaN
44980Y305,0.0,0.0,0.0,0.0,0.0,0.0,NaN,1.4391549,NaN,0.0,0.0,0.0,0.0,0.0,0.0,NaN,1.4184468,NaN
46624E405,0.0,0.0,0.0,0.0,0.0,0.0,0.61139095,0.4191951,-0.027456552,0.0,0.0,0.0,0.0,0.0,0.0,1.1434416,0.95827585,-0.026452243
48577P106,0.0,0.0,0.0,0.0,0.0,0.0,NaN,0.5568051,NaN,0.0,0.0,0.0,0.0,0.0,0.0,NaN,0.6322964,NaN
578349102,0.0,0.0,0.0,0.0,0.0,0.0,0.37959263,0.42255414,0.0061373585,0.0,0.0,0.0,0.0,0.0,0.0,1.047347,1.0251694,-0.0031682253
586014102,0.0,0.0,0.0,0.0,0.0,0.0,0.17531158,0.1942598,0.0027068874,0.0,0.0,0.0,0.0,0.0,0.0,0.7969017,1.0253171,0.032630768
636317109,0.0,0.0,0.0,0.0,0.0,0.0,0.87579817,1.0248934,0.02129932,0.0,0.0,0.0,0.0,0.0,0.0,0.8319023,0.7693572,-0.0089350175
70322A101,0.0,0.0,0.0,0.0,0.0,0.0,0.38652918,0.44314393,0.008087822,0.0,0.0,0.0,0.0,0.0,0.0,0.63211864,0.67737603,0.0064653414
98387T103,0.0,0.0,0.0,0.0,0.0,0.0,0.23334245,NaN,NaN,0.0,0.0,0.0,0.0,0.0,0.0,1.0531493,NaN,NaN
71654J108,0.0,0.0,0.0,0.0,0.0,0.0,0.58928007,0.650302,0.008717418,0.0,0.0,0.0,0.0,0.0,0.0,0.82783157,0.97390634,0.020867825
746276104,0.0,0.0,0.0,0.0,0.0,0.0,0.24312484,NaN,NaN,0.0,0.0,0.0,0.0,0.0,0.0,1.0638095,NaN,NaN
686857103,0.0,0.0,0.0,0.0,0.0,0.0,0.5929575,NaN,NaN,0.0,0.0,0.0,0.0,0.0,0.0,0.63155174,NaN,NaN
761339100,0.0,0.0,0.0,0.0,0.0,0.0,0.47682703,0.57945246,0.014660776,0.0,0.0,0.0,0.0,0.0,0.0,1.1160685,1.0490527,-0.009573681
827056300,0.0,0.0,0.0,0.0,0.0,0.0,0.60955626,NaN,NaN,0.0,0.0,0.0,0.0,0.0,0.0,2.4810283,NaN,NaN
834376501,0.0,0.0,0.0,0.0,0.0,0.0,0.3878733,0.45952055,0.010235323,0.0,0.0,0.0,0.0,0.0,0.0,0.6614585,0.58834404,-0.010444922
817826209,0.0,0.0,0.0,0.0,0.0,0.0,0.8051071,1.0880136,0.04041522,0.0,0.0,0.0,0.0,0.0,0.0,0.37211978,0.3061468,-0.009424712
849416201,0.0,0.0,0.0,0.0,0.0,0.0,0.2871887,0.32890487,0.005959451,0.0,0.0,0.0,0.0,0.0,0.0,0.8046103,0.7328261,-0.010254885
893349837,0.0,0.0,0.0,0.0,0.0,0.0,0.4483509,0.3809312,-0.009631387,0.0,0.0,0.0,0.0,0.0,0.0,1.0652461,0.84597045,-0.031325094
988858106,0.0,0.0,0.0,0.0,0.0,0.0,0.5323882,0.60626847,0.010554322,0.0,0.0,0.0,0.0,0.0,0.0,0.7192989,0.68778116,-0.004502535
