00252W104,60.95645,60.220875,-0.10508238,0.0,0.0,0.0,0.0,0.0,0.0,57.128906,47.74387,-1.3407195,0.0,0.0,0.0,0.0,0.0,0.0
,0.0,0.0,0.0,0.0,0.0,0.0,0.0,0.0,0.0,0.0,0.0,0.0,0.0,0.0,0.0,0.0,0.0,0.0
00439T206,331.13626,NaN,NaN,0.0,0.0,0.0,NaN,157.69482,NaN,518.6322,NaN,NaN,0.0,0.0,0.0,NaN,493.55783,NaN
004724100,536.8389,631.05835,13.459917,0.0,0.0,0.0,0.0,0.0,0.0,513.58905,554.66187,5.867545,0.0,0.0,0.0,0.0,0.0,0.0
000973107,39.320454,NaN,NaN,0.0,0.0,0.0,0.0,0.0,0.0,137.93347,NaN,NaN,0.0,0.0,0.0,0.0,0.0,0.0
006847107,810.7957,1080.4441,38.5212,0.0,0.0,0.0,0.0,0.0,0.0,4128.722,5397.3003,181.22545,0.0,0.0,0.0,0.0,0.0,0.0
006848105,3957.4841,5469.1494,215.95218,0.0,0.0,0.0,0.0,0.0,0.0,982.0075,1184.8447,28.976746,0.0,0.0,0.0,0.0,0.0,0.0
31865X106,20.343155,36.197845,2.2649558,0.0,0.0,0.0,0.0,0.0,0.0,5692.3647,7201.624,215.60847,0.0,0.0,0.0,0.0,0.0,0.0
008494106,31.774815,42.15159,1.4823962,0.0,0.0,0.0,0.0,0.0,0.0,32.13708,32.99777,0.12295532,0.0,0.0,0.0,0.0,0.0,0.0
009114109,210.44771,159.0493,-7.3426294,0.0,0.0,0.0,0.0,0.0,0.0,449.86917,498.79434,6.9893103,0.0,0.0,0.0,0.0,0.0,0.0
867071102,NaN,171.16592,NaN,163.78883,152.07729,-1.1711547,0.0,0.0,0.0,NaN,3.3186862,NaN,3.4395292,2.5610235,-0.08785057,0.0,0.0,0.0
018593103,22.125246,30.387365,1.1803027,0.0,0.0,0.0,0.0,0.0,0.0,NaN,NaN,NaN,0.0,0.0,0.0,0.0,0.0,0.0
019223106,293.71027,320.15652,3.7780368,0.0,0.0,0.0,0.0,0.0,0.0,318.0277,353.98776,5.1371503,0.0,0.0,0.0,0.0,0.0,0.0
019411107,80.69801,79.78308,-0.13070461,0.0,0.0,0.0,0.0,0.0,0.0,302.80435,453.52002,21.53081,0.0,0.0,0.0,0.0,0.0,0.0
019645506,330.895,261.34705,-9.93542,232.06696,NaN,NaN,0.0,0.0,0.0,348.4156,420.98907,10.3676405,375.81262,NaN,NaN,0.0,0.0,0.0
02146C104,561.72736,363.89868,-28.26124,0.0,0.0,0.0,0.0,0.0,0.0,124.12204,109.87773,-2.0349011,0.0,0.0,0.0,0.0,0.0,0.0
625440102,88.57312,82.448944,-0.8748823,NaN,113.68213,NaN,24.57339,26.995275,0.3027358,167.15704,179.24419,1.7267348,NaN,100.30269,NaN,84.55734,92.61321,1.0069838
023006109,NaN,321.37875,NaN,356.43396,NaN,NaN,0.0,0.0,0.0,NaN,1077.4003,NaN,385.0014,NaN,NaN,0.0,0.0,0.0
023395106,328.48615,NaN,NaN,0.0,0.0,0.0,0.0,0.0,0.0,376.68216,NaN,NaN,0.0,0.0,0.0,0.0,0.0,0.0
023426703,NaN,51.460114,NaN,0.0,0.0,0.0,0.0,0.0,0.0,NaN,305.14114,NaN,0.0,0.0,0.0,0.0,0.0,0.0
023586100,1711.714,1803.5109,13.113839,1800.7325,NaN,NaN,1414.5864,1395.3562,-2.747175,2622.9255,3524.2444,128.75984,3403.167,NaN,NaN,4268.7104,3905.2327,-51.925396
90341W108,547.65704,835.09894,41.06313,822.9353,771.8597,-3.928894,401.78125,484.60876,11.832502,1299.2345,1277.773,-3.0659354,1706.953,2159.6426,34.822273,2018.8307,1609.3077,-58.503277
024490302,232.19804,NaN,NaN,0.0,0.0,0.0,0.0,0.0,0.0,340.22723,NaN,NaN,0.0,0.0,0.0,0.0,0.0,0.0
024928103,224.27339,NaN,NaN,0.0,0.0,0.0,0.0,0.0,0.0,897.0176,NaN,NaN,0.0,0.0,0.0,0.0,0.0,0.0
02553G101,37.217484,49.073627,1.6937349,0.0,0.0,0.0,0.0,0.0,0.0,76.551865,47.684467,-4.123914,0.0,0.0,0.0,0.0,0.0,0.0
026496208,439.35873,379.45752,-8.557317,356.0599,NaN,NaN,0.0,0.0,0.0,756.8424,888.1916,18.76417,899.3816,NaN,NaN,0.0,0.0,0.0
026652107,73.15706,69.85956,-0.4710715,0.0,0.0,0.0,0.0,0.0,0.0,28.024853,27.051386,-0.1390667,0.0,0.0,0.0,0.0,0.0,0.0
028816106,115.39102,NaN,NaN,0.0,0.0,0.0,0.0,0.0,0.0,359.2903,NaN,NaN,0.0,0.0,0.0,0.0,0.0,0.0
029318300,53.324787,74.88087,3.0794399,0.0,0.0,0.0,0.0,0.0,0.0,106.41283,144.07889,5.380866,0.0,0.0,0.0,0.0,0.0,0.0
030789507,467.70987,715.7197,35.42998,502.33368,390.96997,-11.136371,59.029007,69.29482,1.4665451,284.4339,385.80496,14.481581,563.8297,751.0483,18.721857,192.72575,166.91008,-3.6879535
03113V109,656.305,NaN,NaN,0.0,0.0,0.0,0.0,0.0,0.0,68.89667,NaN,NaN,0.0,0.0,0.0,0.0,0.0,0.0
03237E108,113.684105,93.712685,-2.85306,0.0,0.0,0.0,21.571753,27.195572,0.8034028,903.1533,792.70886,-15.77778,0.0,0.0,0.0,407.41647,318.01154,-12.772134
001813104,4309.2314,3682.6426,-89.512695,0.0,0.0,0.0,0.0,0.0,0.0,2456.8635,3108.3926,93.07558,0.0,0.0,0.0,0.0,0.0,0.0
03304B300,305.43494,319.19345,1.965502,0.0,0.0,0.0,0.0,0.0,0.0,2890.4436,3207.2566,45.259,0.0,0.0,0.0,0.0,0.0,0.0
G6359F103,NaN,224.06639,NaN,211.1998,206.33083,-0.54099697,NaN,198.68332,NaN,NaN,276.11563,NaN,305.08676,342.9609,4.2082386,NaN,375.81262,NaN
035250109,8.80446,NaN,NaN,0.0,0.0,0.0,0.0,0.0,0.0,13.556587,NaN,NaN,0.0,0.0,0.0,0.0,0.0,0.0
381119106,403.2999,231.1377,-24.5946,0.0,0.0,0.0,NaN,7.065,NaN,790.62976,973.0577,26.06113,0.0,0.0,0.0,NaN,650.23956,NaN
038196101,NaN,341.25098,NaN,0.0,0.0,0.0,0.0,0.0,0.0,NaN,230.48978,NaN,0.0,0.0,0.0,0.0,0.0,0.0
038213104,235.61682,287.25662,7.3771143,0.0,0.0,0.0,0.0,0.0,0.0,79.44673,86.06037,0.9448057,0.0,0.0,0.0,0.0,0.0,0.0
001937101,41.667572,45.54394,0.5537671,0.0,0.0,0.0,0.0,0.0,0.0,87.23111,93.97407,0.9632797,0.0,0.0,0.0,0.0,0.0,0.0
G04397108,219.0085,264.5787,6.5100293,0.0,0.0,0.0,0.0,0.0,0.0,97.060684,97.14796,0.01246752,0.0,0.0,0.0,0.0,0.0,0.0
90341G103,447.29184,797.8718,50.082855,0.0,0.0,0.0,NaN,215.03784,NaN,6392.874,8042.9736,235.72852,0.0,0.0,0.0,NaN,9817.264,NaN
042384107,1628.0487,1445.289,-26.108538,1528.5292,NaN,NaN,0.0,0.0,0.0,164.31075,223.9093,8.514079,238.36337,NaN,NaN,0.0,0.0,0.0
G05330108,1322.3754,NaN,NaN,0.0,0.0,0.0,0.0,0.0,0.0,4945.383,NaN,NaN,0.0,0.0,0.0,0.0,0.0,0.0
04544X300,193.63506,179.37097,-1.7830105,0.0,0.0,0.0,0.0,0.0,0.0,147.7332,115.04334,-4.086232,0.0,0.0,0.0,0.0,0.0,0.0
045919107,177.31133,320.20358,20.41318,0.0,0.0,0.0,0.0,0.0,0.0,188.29036,160.29462,-3.9993918,0.0,0.0,0.0,0.0,0.0,0.0
04649A106,289.14572,276.76007,-1.7693787,0.0,0.0,0.0,0.0,0.0,0.0,5478.8716,6936.393,208.21736,0.0,0.0,0.0,0.0,0.0,0.0
37990V204,252.21461,285.07718,4.694652,0.0,0.0,0.0,0.0,0.0,0.0,3233.522,3663.151,61.375557,0.0,0.0,0.0,0.0,0.0,0.0
050727106,98.65142,NaN,NaN,0.0,0.0,0.0,0.0,0.0,0.0,387.027,NaN,NaN,0.0,0.0,0.0,0.0,0.0,0.0
05164B106,174.11855,NaN,NaN,0.0,0.0,0.0,0.0,0.0,0.0,2025.709,NaN,NaN,0.0,0.0,0.0,0.0,0.0,0.0
05873K108,559.8589,756.2977,28.062693,0.0,0.0,0.0,0.0,0.0,0.0,988.8602,1168.8291,25.709839,0.0,0.0,0.0,0.0,0.0,0.0
069744100,36.151207,58.97491,3.260529,0.0,0.0,0.0,0.0,0.0,0.0,2710.1558,2781.1865,10.147252,0.0,0.0,0.0,0.0,0.0,0.0
077266104,262.3823,261.3382,-0.14915684,0.0,0.0,0.0,0.0,0.0,0.0,414.66177,417.33713,0.38219342,0.0,0.0,0.0,0.0,0.0,0.0
087509105,4318.0044,4152.9395,-23.580706,3963.2021,NaN,NaN,0.0,0.0,0.0,961.8778,1239.0333,39.593647,1591.5432,NaN,NaN,0.0,0.0,0.0
091250100,502.76688,601.5883,14.117349,0.0,0.0,0.0,0.0,0.0,0.0,1094.1514,1287.9844,27.69043,0.0,0.0,0.0,0.0,0.0,0.0
055607105,153.01622,NaN,NaN,0.0,0.0,0.0,0.0,0.0,0.0,80.836586,NaN,NaN,0.0,0.0,0.0,0.0,0.0,0.0
098904204,217.9576,NaN,NaN,0.0,0.0,0.0,0.0,0.0,0.0,904.8361,NaN,NaN,0.0,0.0,0.0,0.0,0.0,0.0
099541203,462.545,355.0098,-15.362174,0.0,0.0,0.0,0.0,0.0,0.0,38.383923,49.19488,1.5444227,0.0,0.0,0.0,0.0,0.0,0.0
100578103,228.33759,NaN,NaN,0.0,0.0,0.0,0.0,0.0,0.0,263.10925,NaN,NaN,0.0,0.0,0.0,0.0,0.0,0.0
104499207,NaN,85.83995,NaN,181.73573,NaN,NaN,0.0,0.0,0.0,NaN,267.01553,NaN,153.32979,NaN,NaN,0.0,0.0,0.0
105423404,24.709415,51.414158,3.814963,152.85431,NaN,NaN,0.0,0.0,0.0,1027.639,1128.159,14.3600025,1329.9313,NaN,NaN,0.0,0.0,0.0
105425102,NaN,1358.7877,NaN,0.0,0.0,0.0,0.0,0.0,0.0,NaN,1932.3812,NaN,0.0,0.0,0.0,0.0,0.0,0.0
106702103,NaN,336.68024,NaN,0.0,0.0,0.0,0.0,0.0,0.0,NaN,520.4171,NaN,0.0,0.0,0.0,0.0,0.0,0.0
119003101,2151.0034,2452.113,43.01566,0.0,0.0,0.0,0.0,0.0,0.0,2785.5125,2624.5813,-22.990164,0.0,0.0,0.0,0.0,0.0,0.0
120084108,196.71007,238.28398,5.9391303,0.0,0.0,0.0,0.0,0.0,0.0,194.6416,183.82758,-1.5448608,0.0,0.0,0.0,0.0,0.0,0.0
120113105,196.927,237.54016,5.80188,0.0,0.0,0.0,0.0,0.0,0.0,13641.768,14042.101,57.19043,0.0,0.0,0.0,0.0,0.0,0.0
121693105,670.0588,774.5129,14.922014,0.0,0.0,0.0,0.0,0.0,0.0,247.52083,488.47894,34.42259,0.0,0.0,0.0,0.0,0.0,0.0
12476P203,61.78766,70.805405,1.2882494,0.0,0.0,0.0,0.0,0.0,0.0,1040.8947,1117.1765,10.8974085,0.0,0.0,0.0,0.0,0.0,0.0
128787108,424.37726,441.17017,2.3989868,469.36295,NaN,NaN,0.0,0.0,0.0,1099.4535,1049.142,-7.1873603,164.99757,NaN,NaN,0.0,0.0,0.0
129915203,4.4590163,0.6381621,-0.5458363,0.0,0.0,0.0,0.0,0.0,0.0,20.87025,27.4359,0.93794984,0.0,0.0,0.0,0.0,0.0,0.0
140909102,264.7447,272.79916,1.1506392,0.0,0.0,0.0,0.0,0.0,0.0,4414.8164,4334.7925,-11.43199,0.0,0.0,0.0,0.0,0.0,0.0
140777103,NaN,204.49883,NaN,0.0,0.0,0.0,0.0,0.0,0.0,NaN,306.26935,NaN,0.0,0.0,0.0,0.0,0.0,0.0
141602300,34.072006,43.316025,1.320574,0.0,0.0,0.0,0.0,0.0,0.0,63.077896,62.749454,-0.046920232,0.0,0.0,0.0,0.0,0.0,0.0
141649301,NaN,131.49269,NaN,0.0,0.0,0.0,NaN,56.963234,NaN,NaN,136.7061,NaN,0.0,0.0,0.0,NaN,133.18622,NaN
141706309,103.938034,186.89865,11.851517,0.0,0.0,0.0,0.0,0.0,0.0,108.34342,149.14241,5.828427,0.0,0.0,0.0,0.0,0.0,0.0
143436400,465.18784,505.21378,5.7179914,476.8844,NaN,NaN,341.98904,364.1769,3.1696951,115.785385,120.554146,0.6812515,171.2761,NaN,NaN,617.996,765.65375,21.093967
111572103,893.5801,876.82605,-2.3934326,0.0,0.0,0.0,567.75037,584.3013,2.3644147,1289.5988,1319.6145,4.287964,0.0,0.0,0.0,1222.1001,1259.9534,5.4076104
148710106,80.90079,87.26554,0.90925056,0.0,0.0,0.0,0.0,0.0,0.0,117.43963,141.52304,3.4404874,0.0,0.0,0.0,0.0,0.0,0.0
15115M101,112.201,188.00275,10.828821,0.0,0.0,0.0,0.0,0.0,0.0,33.024914,40.57323,1.078331,0.0,0.0,0.0,0.0,0.0,0.0
125185108,318.94992,303.31403,-2.2336993,355.9298,NaN,NaN,0.0,0.0,0.0,291.1272,302.1815,1.5791844,554.8934,NaN,NaN,0.0,0.0,0.0
158496109,115.47458,174.75375,8.468453,0.0,0.0,0.0,42.623768,45.14028,0.359502,35.452896,35.22123,-0.033095222,0.0,0.0,0.0,19.553822,16.00314,-0.5072403
16115Q308,57.541573,59.75931,0.31681988,0.0,0.0,0.0,0.0,0.0,0.0,71.4706,110.465675,5.5707254,0.0,0.0,0.0,0.0,0.0,0.0
847807104,417.92416,435.8512,2.5610046,188.29005,196.98608,0.869603,204.98344,164.45975,-5.7890997,133.94287,165.2268,4.469134,146.10687,182.78911,3.6682236,216.42409,246.02232,4.2283196
559079207,104.04718,115.86444,1.6881801,0.0,0.0,0.0,470.40414,359.52692,-15.839604,12.312835,15.867244,0.50777274,0.0,0.0,0.0,2.4349217,2.9818285,0.07812953
163893209,NaN,859.46216,NaN,0.0,0.0,0.0,NaN,1971.3024,NaN,NaN,4716.819,NaN,0.0,0.0,0.0,NaN,6451.7285,NaN
165159104,294.82504,NaN,NaN,0.0,0.0,0.0,323.69794,354.02655,4.3326592,4420.731,NaN,NaN,0.0,0.0,0.0,1233.6135,1344.1127,15.785592
170032809,1127.6346,NaN,NaN,0.0,0.0,0.0,206.94942,316.77408,15.689238,222.92273,NaN,NaN,0.0,0.0,0.0,88.41696,80.51314,-1.1291177
12542A206,105.20736,NaN,NaN,0.0,0.0,0.0,0.0,0.0,0.0,19.326757,NaN,NaN,0.0,0.0,0.0,0.0,0.0,0.0
172737108,1112.4601,1665.6595,79.028496,0.0,0.0,0.0,0.0,0.0,0.0,798.1544,953.7569,22.228926,0.0,0.0,0.0,0.0,0.0,0.0
180461105,28.948956,NaN,NaN,0.0,0.0,0.0,0.0,0.0,0.0,217.8653,NaN,NaN,0.0,0.0,0.0,0.0,0.0,0.0
182728204,192.84735,228.9795,5.1617365,0.0,0.0,0.0,0.0,0.0,0.0,1008.0953,1036.099,4.0005317,0.0,0.0,0.0,0.0,0.0,0.0
192481208,363.06702,511.3391,21.181728,0.0,0.0,0.0,0.0,0.0,0.0,857.1534,911.1474,7.7134314,0.0,0.0,0.0,0.0,0.0,0.0
194830204,805.9336,NaN,NaN,0.0,0.0,0.0,0.0,0.0,0.0,406.1183,NaN,NaN,0.0,0.0,0.0,0.0,0.0,0.0
200334100,3807.879,NaN,NaN,2530.647,NaN,NaN,0.0,0.0,0.0,37.883682,NaN,NaN,101.72583,NaN,NaN,0.0,0.0,0.0
20452C104,21.67208,NaN,NaN,0.0,0.0,0.0,0.0,0.0,0.0,6.809018,NaN,NaN,0.0,0.0,0.0,0.0,0.0,0.0
206814105,212.43202,206.5653,-0.83810204,0.0,0.0,0.0,0.0,0.0,0.0,52.077812,49.769672,-0.32973427,0.0,0.0,0.0,0.0,0.0,0.0
209232107,643.05096,650.66406,1.0875854,0.0,0.0,0.0,0.0,0.0,0.0,290.09753,323.70023,4.8003845,0.0,0.0,0.0,0.0,0.0,0.0
21036U206,335.1411,333.21536,-0.27510723,314.344,NaN,NaN,NaN,150.51578,NaN,169.20692,211.3684,6.023067,204.71967,NaN,NaN,NaN,99.571014,NaN
21099Y004,1115.5135,918.34216,-28.167341,910.2652,966.8314,4.713852,0.0,0.0,0.0,354.34027,449.8692,13.64699,526.4083,590.3408,5.327708,0.0,0.0,0.0
211496104,655.0064,NaN,NaN,0.0,0.0,0.0,0.0,0.0,0.0,18.519264,NaN,NaN,0.0,0.0,0.0,0.0,0.0,0.0
211914403,42.591442,62.882595,2.8987362,0.0,0.0,0.0,0.0,0.0,0.0,132.2795,131.16182,-0.15966797,0.0,0.0,0.0,0.0,0.0,0.0
216245100,184.34123,143.84422,-5.062126,100.07425,70.47026,-4.229141,0.0,0.0,0.0,179.73607,189.05743,1.1651707,155.45155,143.6794,-1.6817366,0.0,0.0,0.0
218103109,43.362576,35.924374,-1.0626003,0.0,0.0,0.0,0.0,0.0,0.0,21.824564,17.4579,-0.6238093,0.0,0.0,0.0,0.0,0.0,0.0
22161G103,156.09497,151.95094,-0.59200394,0.0,0.0,0.0,0.0,0.0,0.0,857.1534,911.1473,7.7134137,0.0,0.0,0.0,0.0,0.0,0.0
222814204,171.59937,252.26218,11.523259,0.0,0.0,0.0,0.0,0.0,0.0,4534.8057,4457.372,-11.061942,0.0,0.0,0.0,0.0,0.0,0.0
228439105,380.34058,317.3909,-8.992811,0.0,0.0,0.0,0.0,0.0,0.0,424.92517,317.17407,-15.393014,0.0,0.0,0.0,0.0,0.0,0.0
228622106,810.0603,NaN,NaN,0.0,0.0,0.0,0.0,0.0,0.0,2434.3188,NaN,NaN,0.0,0.0,0.0,0.0,0.0,0.0
229070107,NaN,59.202908,NaN,0.0,0.0,0.0,0.0,0.0,0.0,NaN,34.249935,NaN,0.0,0.0,0.0,0.0,0.0,0.0
229241104,639.4812,NaN,NaN,0.0,0.0,0.0,71.42467,70.43305,-0.14165933,402.57834,NaN,NaN,0.0,0.0,0.0,473.618,515.49567,5.982522
126419100,165.19463,333.2772,24.011795,0.0,0.0,0.0,0.0,0.0,0.0,407.9946,464.217,8.031774,0.0,0.0,0.0,0.0,0.0,0.0
23380G106,62.333115,126.96168,9.232652,0.0,0.0,0.0,0.0,0.0,0.0,149.81142,162.84291,1.861642,0.0,0.0,0.0,0.0,0.0,0.0
234050102,38.028328,38.84628,0.116850175,0.0,0.0,0.0,0.0,0.0,0.0,205.18053,195.01912,-1.4516296,0.0,0.0,0.0,0.0,0.0,0.0
234053106,22.689133,41.16301,2.6391253,0.0,0.0,0.0,0.0,0.0,0.0,1153.1803,1169.3998,2.3170688,0.0,0.0,0.0,0.0,0.0,0.0
235774106,293.70792,272.89886,-2.9727216,0.0,0.0,0.0,0.0,0.0,0.0,53.942387,50.502884,-0.49135754,0.0,0.0,0.0,0.0,0.0,0.0
235825205,NaN,1756.6426,NaN,0.0,0.0,0.0,0.0,0.0,0.0,NaN,480.51566,NaN,0.0,0.0,0.0,0.0,0.0,0.0
240028308,120.91984,162.43213,5.9303274,0.0,0.0,0.0,0.0,0.0,0.0,229.5409,293.9953,9.207772,0.0,0.0,0.0,0.0,0.0,0.0
233162502,108.02472,101.068375,-0.9937635,0.0,0.0,0.0,0.0,0.0,0.0,124.14602,167.42233,6.1823306,0.0,0.0,0.0,0.0,0.0,0.0
241209105,130.28128,NaN,NaN,0.0,0.0,0.0,0.0,0.0,0.0,219.55351,NaN,NaN,0.0,0.0,0.0,0.0,0.0,0.0
243458106,45.28564,41.106674,-0.59699523,0.0,0.0,0.0,0.0,0.0,0.0,313.8835,213.63661,-14.320986,0.0,0.0,0.0,0.0,0.0,0.0
247361702,14170.534,13831.3125,-48.46024,0.0,0.0,0.0,5953.3125,10277.859,617.7924,3396.139,3870.9744,67.83363,0.0,0.0,0.0,3198.852,2942.2478,-36.65775
344822101,67.09624,93.096504,3.7143238,88.34079,129.06104,6.7867074,66.68799,55.985588,-1.5289143,17.676243,12.723116,-0.70758957,12.848885,12.248576,-0.1000514,9.49357,11.308178,0.25922966
261528301,NaN,45.45013,NaN,0.0,0.0,0.0,0.0,0.0,0.0,NaN,279.05457,NaN,0.0,0.0,0.0,0.0,0.0,0.0
262175102,48.876503,53.204506,0.61828613,0.0,0.0,0.0,0.0,0.0,0.0,328.6361,348.3755,2.8199115,0.0,0.0,0.0,0.0,0.0,0.0
262497308,67.28921,77.4811,1.455985,0.0,0.0,0.0,0.0,0.0,0.0,477.80692,533.2369,7.918566,0.0,0.0,0.0,0.0,0.0,0.0
265903104,485.2093,NaN,NaN,0.0,0.0,0.0,0.0,0.0,0.0,439.11627,NaN,NaN,0.0,0.0,0.0,0.0,0.0,0.0
267575108,134.6819,140.80423,0.87461853,0.0,0.0,0.0,0.0,0.0,0.0,94.207,92.48355,-0.2462071,0.0,0.0,0.0,0.0,0.0,0.0
269514204,172.79301,183.44814,1.5221602,0.0,0.0,0.0,140.25467,NaN,NaN,1043.4019,943.02625,-14.339373,0.0,0.0,0.0,1984.5592,NaN,NaN
269524104,38.045273,NaN,NaN,0.0,0.0,0.0,0.0,0.0,0.0,379.4309,NaN,NaN,0.0,0.0,0.0,0.0,0.0,0.0
269803102,323.42197,283.81503,-5.6581335,274.0905,NaN,NaN,0.0,0.0,0.0,724.1446,789.6259,9.354475,688.20197,NaN,NaN,0.0,0.0,0.0
071625107,134.40334,135.51521,0.15883963,0.0,0.0,0.0,0.0,0.0,0.0,181.63655,204.52989,3.2704773,0.0,0.0,0.0,0.0,0.0,0.0
279862106,530.7048,NaN,NaN,0.0,0.0,0.0,0.0,0.0,0.0,2406.733,NaN,NaN,0.0,0.0,0.0,0.0,0.0,0.0
280875303,425.7647,409.4977,-2.3238568,273.7397,218.25456,-7.926446,81.673996,NaN,NaN,35.14255,23.778172,-1.6234828,96.76174,76.488815,-2.8961322,77.16578,NaN,NaN
281067306,352.5326,290.72354,-8.8298645,287.43652,NaN,NaN,74.426315,48.097973,-3.7611918,598.84955,663.1538,9.186323,692.8476,NaN,NaN,667.7776,709.6891,5.987357
26874E107,92.10368,106.41042,2.04382,0.0,0.0,0.0,0.0,0.0,0.0,258.1951,4.647413,-36.221096,0.0,0.0,0.0,0.0,0.0,0.0
291087203,19.918201,19.865192,-0.007572719,0.0,0.0,0.0,8.505405,5.893115,-0.37318435,361.48453,427.70804,9.460502,0.0,0.0,0.0,510.86078,339.87042,-24.427195
29255U104,100.61601,NaN,NaN,0.0,0.0,0.0,0.0,0.0,0.0,8.108486,NaN,NaN,0.0,0.0,0.0,0.0,0.0,0.0
535763106,339.52658,404.07703,9.221492,0.0,0.0,0.0,0.0,0.0,0.0,325.6863,450.2768,17.798641,0.0,0.0,0.0,0.0,0.0,0.0
57685E200,68.1379,68.47037,0.04749516,0.0,0.0,0.0,0.0,0.0,0.0,392.1267,474.55276,11.775151,0.0,0.0,0.0,0.0,0.0,0.0
295866107,88.66236,130.96169,6.0427604,0.0,0.0,0.0,0.0,0.0,0.0,300.94125,269.73315,-4.4583,0.0,0.0,0.0,0.0,0.0,0.0
297862104,10.011538,75.037674,9.289449,0.0,0.0,0.0,0.0,0.0,0.0,27.669676,24.754883,-0.416399,0.0,0.0,0.0,0.0,0.0,0.0
299209106,430.5665,378.42398,-7.448931,402.6203,NaN,NaN,0.0,0.0,0.0,43.9278,45.49226,0.2234944,65.81457,NaN,NaN,0.0,0.0,0.0
300072105,39.90583,54.869328,2.1376424,0.0,0.0,0.0,0.0,0.0,0.0,246.86461,318.06735,10.171821,0.0,0.0,0.0,0.0,0.0,0.0
302051206,560.8802,524.12317,-5.251003,0.0,0.0,0.0,473.8524,460.12958,-1.9604013,34.856125,34.152405,-0.100531444,0.0,0.0,0.0,46.30952,46.015705,-0.041973658
302088109,258.58435,1551.724,184.73424,0.0,0.0,0.0,0.0,0.0,0.0,188.29036,160.29453,-3.999405,0.0,0.0,0.0,0.0,0.0,0.0
302723101,54.8602,60.90582,0.86366,55.116215,NaN,NaN,0.0,0.0,0.0,886.9086,1168.6626,40.25057,774.7876,NaN,NaN,0.0,0.0,0.0
303698104,45.778717,116.751656,10.138991,0.0,0.0,0.0,0.0,0.0,0.0,110.94899,139.99673,4.1496778,0.0,0.0,0.0,0.0,0.0,0.0
305560302,430.21857,2980.9216,364.38617,0.0,0.0,0.0,0.0,0.0,0.0,10730.948,9677.311,-150.51967,0.0,0.0,0.0,0.0,0.0,0.0
306075102,40.992516,58.940083,2.5639381,0.0,0.0,0.0,0.0,0.0,0.0,466.4037,533.0026,9.514134,0.0,0.0,0.0,0.0,0.0,0.0
30701A106,237.52084,263.934,3.7733066,0.0,0.0,0.0,0.0,0.0,0.0,385.0264,596.18567,30.16561,0.0,0.0,0.0,0.0,0.0,0.0
313549404,1831.9495,NaN,NaN,1648.0337,NaN,NaN,0.0,0.0,0.0,584.18866,NaN,NaN,516.40045,NaN,NaN,0.0,0.0,0.0
315646109,NaN,225.07132,NaN,0.0,0.0,0.0,0.0,0.0,0.0,NaN,3290.4456,NaN,0.0,0.0,0.0,0.0,0.0,0.0
317832103,24.268618,24.771147,0.071789876,0.0,0.0,0.0,0.0,0.0,0.0,276.08255,335.0534,8.424408,0.0,0.0,0.0,0.0,0.0,0.0
317884203,52.365013,NaN,NaN,0.0,0.0,0.0,0.0,0.0,0.0,202.25067,NaN,NaN,0.0,0.0,0.0,0.0,0.0,0.0
G3529X106,951.03424,1479.4521,75.48827,0.0,0.0,0.0,0.0,0.0,0.0,4112.493,5478.875,195.1974,0.0,0.0,0.0,0.0,0.0,0.0
339099103,238.64691,266.10638,3.9227817,0.0,0.0,0.0,0.0,0.0,0.0,83.32854,78.970245,-0.6226131,0.0,0.0,0.0,0.0,0.0,0.0
339130106,804.4484,734.2925,-10.022278,0.0,0.0,0.0,0.0,0.0,0.0,315.6133,326.39392,1.540087,0.0,0.0,0.0,0.0,0.0,0.0
339756108,142.19861,60.810963,-11.626807,0.0,0.0,0.0,0.0,0.0,0.0,83.1088,107.5025,3.4848142,0.0,0.0,0.0,0.0,0.0,0.0
34407T104,221.70767,NaN,NaN,0.0,0.0,0.0,0.0,0.0,0.0,3663.1504,NaN,NaN,0.0,0.0,0.0,0.0,0.0,0.0
344123203,226.41577,NaN,NaN,0.0,0.0,0.0,0.0,0.0,0.0,17.820332,NaN,NaN,0.0,0.0,0.0,0.0,0.0,0.0
344155205,327.52817,385.81845,8.327184,0.0,0.0,0.0,0.0,0.0,0.0,4945.383,5676.928,104.506485,0.0,0.0,0.0,0.0,0.0,0.0
345206205,NaN,896.2202,NaN,0.0,0.0,0.0,0.0,0.0,0.0,NaN,900.5157,NaN,0.0,0.0,0.0,0.0,0.0,0.0
34659D104,59.972145,67.965355,1.1418871,0.0,0.0,0.0,0.0,0.0,0.0,131.75632,130.91924,-0.11958313,0.0,0.0,0.0,0.0,0.0,0.0
349841304,308.213,341.13797,4.703565,318.34882,256.95737,-12.27829,227.0435,154.63643,-10.343867,0.26525423,0.3626108,0.01390808,0.3933795,0.43823528,0.008971155,16.388943,15.593554,-0.113627024
302543103,29.672623,52.30318,3.2329369,0.0,0.0,0.0,0.0,0.0,0.0,17.375834,22.858377,0.7832206,0.0,0.0,0.0,0.0,0.0,0.0
358321206,99.10873,102.12027,0.43022045,72.34201,NaN,NaN,0.0,0.0,0.0,76.502396,93.69687,2.4563534,155.1018,NaN,NaN,0.0,0.0,0.0
358430106,215.59026,175.41647,-5.739112,0.0,0.0,0.0,0.0,0.0,0.0,147.25916,187.28354,5.717769,0.0,0.0,0.0,0.0,0.0,0.0
359059102,330.63712,524.37695,27.67712,0.0,0.0,0.0,0.0,0.0,0.0,3500.913,3212.5513,-41.194546,0.0,0.0,0.0,0.0,0.0,0.0
359076106,527.09955,NaN,NaN,0.0,0.0,0.0,0.0,0.0,0.0,562.2813,NaN,NaN,0.0,0.0,0.0,0.0,0.0,0.0
G3682L105,752.483,747.5794,-0.7005092,909.62463,NaN,NaN,0.0,0.0,0.0,21.940948,36.68947,2.1069314,78.11269,NaN,NaN,0.0,0.0,0.0
36352K103,299.64764,285.662,-1.9979509,0.0,0.0,0.0,0.0,0.0,0.0,112.06787,46.593304,-9.353509,0.0,0.0,0.0,0.0,0.0,0.0
368145108,769.7707,621.05756,-21.244734,0.0,0.0,0.0,620.8809,623.29846,0.34536308,464.64236,433.68887,-4.4219275,0.0,0.0,0.0,380.187,365.51715,-2.0956943
36155Q109,152.47807,155.89616,0.48829868,111.36332,NaN,NaN,0.0,0.0,0.0,130.41013,127.58311,-0.40385982,175.50903,NaN,NaN,0.0,0.0,0.0
370054207,18.357082,NaN,NaN,0.0,0.0,0.0,0.0,0.0,0.0,34.706497,NaN,NaN,0.0,0.0,0.0,0.0,0.0,0.0
37045V100,46708.934,39722.598,-998.048,NaN,24847.682,NaN,37482.582,40914.75,490.30972,30768.445,29008.266,-251.45424,NaN,24423.537,NaN,4965.4966,4524.294,-63.02895
64015Y104,443.31216,709.2422,37.99,0.0,0.0,0.0,0.0,0.0,0.0,283.17703,304.92554,3.1069293,0.0,0.0,0.0,0.0,0.0,0.0
372257105,418.45975,406.26498,-1.7421091,0.0,0.0,0.0,110.86356,NaN,NaN,507.33832,665.2209,22.554653,0.0,0.0,0.0,1101.4606,NaN,NaN
372282103,67.32681,79.46123,1.7334878,0.0,0.0,0.0,0.0,0.0,0.0,67.21003,87.83116,2.945876,0.0,0.0,0.0,0.0,0.0,0.0
37245X203,373.5609,NaN,NaN,0.0,0.0,0.0,0.0,0.0,0.0,1306.7261,NaN,NaN,0.0,0.0,0.0,0.0,0.0,0.0
37248E202,2171.4084,834.805,-190.94336,0.0,0.0,0.0,0.0,0.0,0.0,147.34204,252.89406,15.078859,0.0,0.0,0.0,0.0,0.0,0.0
373654102,85.493385,101.332825,2.262777,131.54391,NaN,NaN,0.0,0.0,0.0,2399.2583,3913.755,216.35666,4364.172,NaN,NaN,0.0,0.0,0.0
G3930E101,1789.6084,1813.3656,3.393886,1570.4613,1116.781,-37.80669,361.11588,351.3891,-1.3895395,299.08386,338.85175,5.681126,395.87854,345.84155,-4.169749,323.89404,257.0765,-9.545362
37941P306,21.03321,NaN,NaN,0.0,0.0,0.0,0.0,0.0,0.0,363.3225,NaN,NaN,0.0,0.0,0.0,0.0,0.0,0.0
37936U104,847.1067,NaN,NaN,0.0,0.0,0.0,0.0,0.0,0.0,4272.051,NaN,NaN,0.0,0.0,0.0,0.0,0.0,0.0
64050T101,123.56955,227.36275,14.8276,0.0,0.0,0.0,0.0,0.0,0.0,183.31476,177.96324,-0.7645024,0.0,0.0,0.0,0.0,0.0,0.0
380804203,86.164955,104.62438,2.6370609,0.0,0.0,0.0,0.0,0.0,0.0,196.72964,226.90428,4.3106623,0.0,0.0,0.0,0.0,0.0,0.0
383485109,133.27058,NaN,NaN,0.0,0.0,0.0,0.0,0.0,0.0,2540.668,NaN,NaN,0.0,0.0,0.0,0.0,0.0,0.0
384632105,33.434776,NaN,NaN,0.0,0.0,0.0,0.0,0.0,0.0,116.124405,NaN,NaN,0.0,0.0,0.0,0.0,0.0,0.0
386532402,555.18085,342.30505,-30.410828,0.0,0.0,0.0,501.24573,545.9242,6.382638,882.64594,969.15753,12.3588,0.0,0.0,0.0,1040.9487,1319.1755,39.746685
390064103,1465.0704,1455.1149,-1.4222238,0.0,0.0,0.0,0.0,0.0,0.0,3906.023,3538.7937,-52.461323,0.0,0.0,0.0,0.0,0.0,0.0
36191C205,31.494055,52.48946,2.9993436,0.0,0.0,0.0,0.0,0.0,0.0,184.86676,166.08545,-2.6830444,0.0,0.0,0.0,0.0,0.0,0.0
361942105,372.67566,602.3304,32.80782,0.0,0.0,0.0,0.0,0.0,0.0,5100.4443,4910.988,-27.06522,0.0,0.0,0.0,0.0,0.0,0.0
401794201,472.5806,469.92905,-0.3787929,0.0,0.0,0.0,0.0,0.0,0.0,78.23515,64.526306,-1.9584067,0.0,0.0,0.0,0.0,0.0,0.0
047620109,36.365963,32.06902,-0.6138491,30.622068,NaN,NaN,0.0,0.0,0.0,316.19943,303.7707,-1.7755345,344.47476,NaN,NaN,0.0,0.0,0.0
404429102,42.3638,39.448376,-0.41648918,0.0,0.0,0.0,0.0,0.0,0.0,8.408403,9.42649,0.14544092,0.0,0.0,0.0,0.0,0.0,0.0
481165108,737.7732,705.29,-4.6404595,452.75952,NaN,NaN,149.83655,152.04362,0.3152967,NaN,NaN,NaN,NaN,NaN,NaN,NaN,NaN,NaN
417119104,85.74665,82.145874,-0.51439667,0.0,0.0,0.0,201.81352,208.02856,0.88786316,110.94899,139.99672,4.149676,0.0,0.0,0.0,46.961452,39.963398,-0.99972206
417434503,257.15918,271.95505,2.1136954,0.0,0.0,0.0,69.95942,NaN,NaN,68.46976,61.938236,-0.9330744,0.0,0.0,0.0,52.70266,NaN,NaN
419879101,55.424183,43.862274,-1.6517012,42.425793,NaN,NaN,35.036896,145.30951,15.75323,2314.5896,3258.2883,134.8141,3490.6968,NaN,NaN,3716.5007,3435.5393,-40.13735
420781304,NaN,455.57104,NaN,0.0,0.0,0.0,575.39465,654.29626,11.271659,NaN,524.7604,NaN,0.0,0.0,0.0,428.72656,456.23782,3.93018
670198100,111.73494,NaN,NaN,0.0,0.0,0.0,NaN,38.204178,NaN,1118.0547,NaN,NaN,0.0,0.0,0.0,NaN,982.00745,NaN
422893107,362.43686,352.87967,-1.3653128,0.0,0.0,0.0,0.0,0.0,0.0,95.07109,101.06412,0.8561467,0.0,0.0,0.0,0.0,0.0,0.0
428291108,181.0883,174.9853,-0.8718567,160.22403,125.8973,-6.865346,133.49509,298.77026,23.610739,772.561,1835.5548,151.85628,1915.3252,1736.0182,-35.8614,1724.8204,1920.9153,28.01355
430771105,153.69968,112.34432,-5.907908,0.0,0.0,0.0,0.0,0.0,0.0,54.75725,65.161766,1.4863592,0.0,0.0,0.0,0.0,0.0,0.0
433245107,72.63529,NaN,NaN,0.0,0.0,0.0,0.0,0.0,0.0,112.20071,NaN,NaN,0.0,0.0,0.0,0.0,0.0,0.0
441759107,82.55268,82.37211,-0.025796073,62.075676,40.10134,-3.1391907,15.421734,NaN,NaN,37.630825,64.97166,3.905833,93.421455,127.828964,4.9153585,136.16951,NaN,NaN
404269201,NaN,149.8973,NaN,151.50928,141.4379,-2.014276,136.84932,NaN,NaN,NaN,852.6787,NaN,210.38234,211.53714,0.23096009,144.60733,NaN,NaN
444356109,23.834854,NaN,NaN,0.0,0.0,0.0,0.0,0.0,0.0,22.809336,NaN,NaN,0.0,0.0,0.0,0.0,0.0,0.0
81169P101,365.827,567.09186,28.752123,0.0,0.0,0.0,0.0,0.0,0.0,847.3077,771.0575,-10.892883,0.0,0.0,0.0,0.0,0.0,0.0
868447103,233.19331,225.42342,-1.1099854,0.0,0.0,0.0,NaN,54.87199,NaN,453.66,688.41473,33.53639,0.0,0.0,0.0,NaN,86.48923,NaN
45255G101,64.396065,78.29294,1.9852676,0.0,0.0,0.0,0.0,0.0,0.0,92.23854,113.94612,3.101083,0.0,0.0,0.0,0.0,0.0,0.0
453096208,375.64,331.7254,-6.273516,0.0,0.0,0.0,0.0,0.0,0.0,380.02533,468.96048,12.705022,0.0,0.0,0.0,0.0,0.0,0.0
45321T202,456.9189,562.45734,15.076918,0.0,0.0,0.0,0.0,0.0,0.0,357.93982,436.08212,11.163186,0.0,0.0,0.0,0.0,0.0,0.0
45772G105,15.5002575,29.654732,2.0220678,0.0,0.0,0.0,0.0,0.0,0.0,336.074,269.50992,-9.509155,0.0,0.0,0.0,0.0,0.0,0.0
45811E301,59.385807,41.116398,-2.6099155,0.0,0.0,0.0,15.435435,NaN,NaN,312.31314,149.27531,-23.291119,0.0,0.0,0.0,166.70775,NaN,NaN
45881K104,368.1262,377.9815,1.4079024,0.0,0.0,0.0,0.0,0.0,0.0,NaN,NaN,NaN,0.0,0.0,0.0,0.0,0.0,0.0
459004404,2.2741072,2.5840194,0.04427317,0.9083724,NaN,NaN,0.0,0.0,0.0,32.922886,37.423733,0.64297813,44.12963,NaN,NaN,0.0,0.0,0.0
45950T101,35.604385,53.715614,2.5873184,0.0,0.0,0.0,0.0,0.0,0.0,142.2091,166.97107,3.5374234,0.0,0.0,0.0,0.0,0.0,0.0
46072H108,857.7168,845.2957,-1.7744402,0.0,0.0,0.0,0.0,0.0,0.0,267.4762,200.70563,-9.538652,0.0,0.0,0.0,0.0,0.0,0.0
45031T872,441.15552,557.00226,16.549534,544.70795,NaN,NaN,NaN,341.4834,NaN,4112.493,5478.875,195.1974,5005.071,NaN,NaN,NaN,7514.5244,NaN
469834105,108.50709,149.9681,5.923001,0.0,0.0,0.0,0.0,0.0,0.0,3031.002,3626.3555,85.0505,0.0,0.0,0.0,0.0,0.0,0.0
470737107,125.03921,115.3677,-1.3816441,115.8423,93.81356,-4.405748,0.0,0.0,0.0,699.9507,815.3653,16.487803,1002.65985,1340.205,67.50902,0.0,0.0,0.0
46611Q403,185.38148,218.63104,4.7499366,0.0,0.0,0.0,0.0,0.0,0.0,541.6823,686.39264,20.672903,0.0,0.0,0.0,0.0,0.0,0.0
477066203,84.133675,NaN,NaN,0.0,0.0,0.0,0.0,0.0,0.0,22.869217,NaN,NaN,0.0,0.0,0.0,0.0,0.0,0.0
481138105,158.52141,NaN,NaN,0.0,0.0,0.0,0.0,0.0,0.0,785.9313,NaN,NaN,0.0,0.0,0.0,0.0,0.0,0.0
481386100,197.17688,113.60699,-11.938556,0.0,0.0,0.0,0.0,0.0,0.0,136.16951,176.369,5.742785,0.0,0.0,0.0,0.0,0.0,0.0
48213P106,71.296555,135.91653,9.231425,0.0,0.0,0.0,0.0,0.0,0.0,174.51016,164.58113,-1.4184331,0.0,0.0,0.0,0.0,0.0,0.0
29084Q100,336.53162,NaN,NaN,0.0,0.0,0.0,NaN,27.790035,NaN,7.1030254,NaN,NaN,0.0,0.0,0.0,NaN,3.5921872,NaN
483007704,NaN,1272.809,NaN,0.0,0.0,0.0,86.5451,110.99166,3.4923663,NaN,3818.4797,NaN,0.0,0.0,0.0,5646.7515,4757.233,-127.07408
485808109,19.269928,NaN,NaN,0.0,0.0,0.0,0.0,0.0,0.0,161.1189,NaN,NaN,0.0,0.0,0.0,0.0,0.0,0.0
482434206,543.0138,579.20685,5.1704364,596.4928,NaN,NaN,631.90955,633.9576,0.29257637,900.5154,977.9989,11.069075,912.9553,NaN,NaN,1514.5458,1833.1719,45.518013
482455102,NaN,185.07988,NaN,0.0,0.0,0.0,0.0,0.0,0.0,NaN,852.6787,NaN,0.0,0.0,0.0,0.0,0.0,0.0
488035106,46.112183,NaN,NaN,0.0,0.0,0.0,0.0,0.0,0.0,33.8517,NaN,NaN,0.0,0.0,0.0,0.0,0.0,0.0
492716105,34.1884,36.73012,0.36310306,0.0,0.0,0.0,0.0,0.0,0.0,15.273368,18.49614,0.46039596,0.0,0.0,0.0,0.0,0.0,0.0
494521305,390.36154,376.29562,-2.0094168,0.0,0.0,0.0,291.80884,311.16223,2.7647705,3.749378,4.95239,0.17185889,0.0,0.0,0.0,7.5554924,10.450289,0.41354233
498326206,458.55832,526.94305,9.769248,0.0,0.0,0.0,0.0,0.0,0.0,63.54009,79.330154,2.2557237,0.0,0.0,0.0,0.0,0.0,0.0
812350106,6984.5176,NaN,NaN,6915.1685,NaN,NaN,86.55416,182.9204,13.766604,273.7356,NaN,NaN,302.66946,NaN,NaN,1625.495,1210.525,-59.281425
500453204,512.02545,401.87637,-15.735582,0.0,0.0,0.0,NaN,134.56505,NaN,618.5837,538.5282,-11.436498,0.0,0.0,0.0,NaN,406.21735,NaN
505606103,154.50903,171.44696,2.419704,0.0,0.0,0.0,0.0,0.0,0.0,509.18036,570.7277,8.79248,0.0,0.0,0.0,0.0,0.0,0.0
51808R206,76.88989,NaN,NaN,0.0,0.0,0.0,0.0,0.0,0.0,180.89734,NaN,NaN,0.0,0.0,0.0,0.0,0.0,0.0
521863308,693.09326,802.7217,15.661202,0.0,0.0,0.0,NaN,360.31033,NaN,8716.027,9655.247,134.17424,0.0,0.0,0.0,NaN,12491.214,NaN
521865204,1353.8627,1254.4844,-14.196899,0.0,0.0,0.0,NaN,756.3079,NaN,585.0275,599.78235,2.1078317,0.0,0.0,0.0,NaN,520.59753,NaN
521098202,526.8586,NaN,NaN,0.0,0.0,0.0,0.0,0.0,0.0,32.154636,NaN,NaN,0.0,0.0,0.0,0.0,0.0,0.0
526262100,41.707737,NaN,NaN,0.0,0.0,0.0,0.0,0.0,0.0,NaN,NaN,NaN,0.0,0.0,0.0,0.0,0.0,0.0
B5628B104,27.468712,68.75003,5.897331,0.0,0.0,0.0,0.0,0.0,0.0,25.899015,27.452093,0.22186825,0.0,0.0,0.0,0.0,0.0,0.0
527016109,48.088837,59.224434,1.5907996,34.520275,22.07606,-0.7777635,0.5349779,2.2233129,0.2411907,73.6195,73.447624,-0.02455357,71.98142,66.44804,-0.34583664,75.370155,98.65135,3.3258853
527482103,380.38165,361.36694,-2.716387,0.0,0.0,0.0,0.0,0.0,0.0,75.13685,66.452126,-1.2406747,0.0,0.0,0.0,0.0,0.0,0.0
530129204,16.429613,NaN,NaN,0.0,0.0,0.0,0.0,0.0,0.0,43.978245,NaN,NaN,0.0,0.0,0.0,0.0,0.0,0.0
536257108,NaN,82.610466,NaN,77.34433,84.4243,0.5057122,NaN,50.1379,NaN,NaN,405.23633,NaN,120.59279,68.383194,-3.7292569,NaN,86.545494,NaN
538032400,NaN,325.3659,NaN,0.0,0.0,0.0,314.92798,NaN,NaN,NaN,20.832985,NaN,0.0,0.0,0.0,23.71135,NaN,NaN
54021P403,885.5566,NaN,NaN,0.0,0.0,0.0,0.0,0.0,0.0,801.14575,NaN,NaN,0.0,0.0,0.0,0.0,0.0,0.0
014383103,562.9617,618.334,7.910331,601.31195,NaN,NaN,NaN,339.7456,NaN,185.0609,218.053,4.7131567,279.62936,NaN,NaN,NaN,185.78856,NaN
540423100,936.3532,968.0024,4.52131,0.0,0.0,0.0,0.0,0.0,0.0,124.44963,139.9697,2.217152,0.0,0.0,0.0,0.0,0.0,0.0
542290408,791.20905,511.9108,-39.89975,491.22534,476.18695,-1.1567993,NaN,230.70682,NaN,420.0024,598.5757,25.510468,690.78265,630.6373,-4.6265635,NaN,376.86096,NaN
543881106,1473.9882,1504.8666,4.4112024,0.0,0.0,0.0,279.0796,NaN,NaN,390.27472,418.14554,3.9815457,0.0,0.0,0.0,253.22604,NaN,NaN
501921100,2645.2615,3554.759,129.92822,3214.629,3273.7488,2.189625,2301.7292,2380.7095,11.282889,982.7742,961.8778,-2.9851947,298.25192,596.17365,11.034138,675.39154,822.2583,20.980967
552078107,7158.53,NaN,NaN,0.0,0.0,0.0,0.0,0.0,0.0,581.99774,NaN,NaN,0.0,0.0,0.0,0.0,0.0,0.0
478129109,NaN,2182.6575,NaN,2010.3828,1803.0995,-12.193137,0.0,0.0,0.0,NaN,116.14103,NaN,213.83469,261.34683,2.7948322,0.0,0.0,0.0
566244109,45.659897,126.91355,11.607665,0.0,0.0,0.0,0.0,0.0,0.0,11.784846,14.310579,0.360819,0.0,0.0,0.0,0.0,0.0,0.0
568695209,NaN,201.51921,NaN,144.63422,96.875275,-3.9799118,0.0,0.0,0.0,NaN,289.59665,NaN,368.5633,414.3476,3.8153584,0.0,0.0,0.0
573913100,31.891891,73.369225,5.9253335,70.89981,NaN,NaN,50.127754,NaN,NaN,204.95312,248.7062,6.25044,250.86052,NaN,NaN,340.22723,NaN,NaN
582266706,789.211,952.45905,23.32115,0.0,0.0,0.0,0.0,0.0,0.0,7450.257,6595.6313,-122.089355,0.0,0.0,0.0,0.0,0.0,0.0
55270M108,34.464607,NaN,NaN,0.0,0.0,0.0,0.0,0.0,0.0,32.031006,NaN,NaN,0.0,0.0,0.0,0.0,0.0,0.0
58461Q409,60.207905,NaN,NaN,0.0,0.0,0.0,0.0,0.0,0.0,41.990025,NaN,NaN,0.0,0.0,0.0,0.0,0.0,0.0
584951107,29.723967,76.515236,6.684467,0.0,0.0,0.0,0.0,0.0,0.0,744.1038,774.2754,4.310224,0.0,0.0,0.0,0.0,0.0,0.0
590436101,203.89032,253.92073,7.1472015,244.87572,NaN,NaN,0.0,0.0,0.0,165.9428,154.82726,-1.5879343,156.86316,NaN,NaN,0.0,0.0,0.0
590479101,358.98898,NaN,NaN,0.0,0.0,0.0,0.0,0.0,0.0,3015.7578,NaN,NaN,0.0,0.0,0.0,0.0,0.0,0.0
591324207,168.20001,NaN,NaN,0.0,0.0,0.0,0.0,0.0,0.0,201.73209,NaN,NaN,0.0,0.0,0.0,0.0,0.0,0.0
591596101,63.040638,414.9768,50.276592,0.0,0.0,0.0,0.0,0.0,0.0,9.659727,3.4500096,-0.88710254,0.0,0.0,0.0,0.0,0.0,0.0
00374N107,1346.6932,2484.8025,162.58704,0.0,0.0,0.0,0.0,0.0,0.0,357.93982,436.08215,11.163191,0.0,0.0,0.0,0.0,0.0,0.0
552813107,411.401,447.88297,5.211709,0.0,0.0,0.0,0.0,0.0,0.0,367.76636,391.0218,3.3222046,0.0,0.0,0.0,0.0,0.0,0.0
594517104,88.12223,82.027466,-0.8706807,0.0,0.0,0.0,0.0,0.0,0.0,75.90587,135.79271,8.555263,0.0,0.0,0.0,0.0,0.0,0.0
598126100,93.76544,158.83228,9.295262,0.0,0.0,0.0,0.0,0.0,0.0,2991.2275,2514.0044,-68.174736,0.0,0.0,0.0,0.0,0.0,0.0
598130102,214.1226,246.77258,4.664283,214.53271,NaN,NaN,0.0,0.0,0.0,1139.0631,1376.4731,33.915718,1589.0222,NaN,NaN,0.0,0.0,0.0
603669102,85.51277,102.81201,2.162405,0.0,0.0,0.0,0.0,0.0,0.0,46.549522,58.0405,1.4363723,0.0,0.0,0.0,0.0,0.0,0.0
605288208,476.2212,656.4136,25.74177,0.0,0.0,0.0,0.0,0.0,0.0,412.07657,416.1682,0.58452064,0.0,0.0,0.0,0.0,0.0,0.0
553100108,9.760385,11.058967,0.18551172,8.142193,NaN,NaN,0.0,0.0,0.0,30.12243,20.227642,-1.4135412,7.108196,NaN,NaN,0.0,0.0,0.0
607415106,NaN,339.08777,NaN,0.0,0.0,0.0,0.0,0.0,0.0,NaN,2364.0447,NaN,0.0,0.0,0.0,0.0,0.0,0.0
618447106,321.99307,163.12971,-22.694765,0.0,0.0,0.0,0.0,0.0,0.0,14.076863,21.305496,1.0326618,0.0,0.0,0.0,0.0,0.0,0.0
624581203,465.86826,455.76987,-1.442627,0.0,0.0,0.0,0.0,0.0,0.0,448.56857,514.81635,9.463967,0.0,0.0,0.0,0.0,0.0,0.0
553166109,4.57171,NaN,NaN,0.0,0.0,0.0,0.0,0.0,0.0,292.60687,NaN,NaN,0.0,0.0,0.0,0.0,0.0,0.0
62473L309,284.45184,281.96524,-0.35522896,0.0,0.0,0.0,NaN,28.680346,NaN,4112.493,5478.8716,195.19691,0.0,0.0,0.0,NaN,7450.258,NaN
635570500,306.828,268.70987,-5.4454474,0.0,0.0,0.0,115.0276,124.73132,1.3862457,1098.1942,1505.596,58.20025,0.0,0.0,0.0,2057.8916,1562.6606,-70.74728
635812209,138.5706,272.85626,19.183666,0.0,0.0,0.0,0.0,0.0,0.0,764.5713,891.3583,18.112427,0.0,0.0,0.0,0.0,0.0,0.0
640820106,528.959,NaN,NaN,0.0,0.0,0.0,0.0,0.0,0.0,507.9685,NaN,NaN,0.0,0.0,0.0,0.0,0.0,0.0
638588103,464.0442,NaN,NaN,0.0,0.0,0.0,0.0,0.0,0.0,357.87457,NaN,NaN,0.0,0.0,0.0,0.0,0.0,0.0
64122D506,154.90005,NaN,NaN,0.0,0.0,0.0,0.0,0.0,0.0,4128.7217,NaN,NaN,0.0,0.0,0.0,0.0,0.0,0.0
641881107,76.78957,51.325027,-3.6377923,0.0,0.0,0.0,0.0,0.0,0.0,367.55774,444.86978,11.044578,0.0,0.0,0.0,0.0,0.0,0.0
655053106,140.20546,NaN,NaN,0.0,0.0,0.0,0.0,0.0,0.0,30.322714,NaN,NaN,0.0,0.0,0.0,0.0,0.0,0.0
656568508,1744.352,2211.765,66.77326,0.0,0.0,0.0,814.44037,971.8278,22.483921,121.100365,113.70653,-1.0562624,0.0,0.0,0.0,26.081137,20.602715,-0.78263175
666610100,74.205696,293.53522,31.33279,0.0,0.0,0.0,0.0,0.0,0.0,269.63358,353.0757,11.920305,0.0,0.0,0.0,0.0,0.0,0.0
667280408,5951.007,6288.877,48.26716,0.0,0.0,0.0,3993.2422,NaN,NaN,3396.1375,3870.9744,67.83385,0.0,0.0,0.0,3198.8518,NaN,NaN
668367204,190.99669,NaN,NaN,0.0,0.0,0.0,0.0,0.0,0.0,982.774,NaN,NaN,0.0,0.0,0.0,0.0,0.0,0.0
67019U101,580.02026,588.8866,1.266619,0.0,0.0,0.0,0.0,0.0,0.0,8342.652,9664.968,188.9022,0.0,0.0,0.0,0.0,0.0,0.0
69367F108,7940.776,9828.887,269.73013,0.0,0.0,0.0,0.0,0.0,0.0,4112.493,5478.875,195.1974,0.0,0.0,0.0,0.0,0.0,0.0
669935108,70.2128,69.48644,-0.10376521,0.0,0.0,0.0,0.0,0.0,0.0,862.0764,916.1178,7.720197,0.0,0.0,0.0,0.0,0.0,0.0
62944T105,33.896843,30.892647,-0.42917088,0.0,0.0,0.0,29.33795,NaN,NaN,44.13467,43.328148,-0.115217485,0.0,0.0,0.0,20.314594,NaN,NaN
674098207,NaN,265.1325,NaN,0.0,0.0,0.0,0.0,0.0,0.0,NaN,74.734795,NaN,0.0,0.0,0.0,0.0,0.0,0.0
67083Q101,89.62847,NaN,NaN,0.0,0.0,0.0,0.0,0.0,0.0,19.690666,NaN,NaN,0.0,0.0,0.0,0.0,0.0,0.0
677007205,406.63086,546.15265,19.931684,0.0,0.0,0.0,0.0,0.0,0.0,648.0437,735.7957,12.536002,0.0,0.0,0.0,0.0,0.0,0.0
686588104,3.5402176,NaN,NaN,0.0,0.0,0.0,0.0,0.0,0.0,50.67544,NaN,NaN,0.0,0.0,0.0,0.0,0.0,0.0
690742101,2184.6016,2161.3743,-3.318185,2147.7432,NaN,NaN,1295.055,1549.2622,36.315308,52.980186,32.40527,-2.9392738,61.98022,NaN,NaN,109.723015,122.88469,1.8802392
694327107,73.85399,102.65287,4.1141257,0.0,0.0,0.0,0.0,0.0,0.0,5294.2583,4272.051,-146.02965,0.0,0.0,0.0,0.0,0.0,0.0
695542100,877.0832,920.2292,6.163714,0.0,0.0,0.0,0.0,0.0,0.0,4886.4834,6023.115,162.37598,0.0,0.0,0.0,0.0,0.0,0.0
696639103,54.133858,44.695007,-1.3484071,0.0,0.0,0.0,0.0,0.0,0.0,31.845371,85.464066,7.6598134,0.0,0.0,0.0,0.0,0.0,0.0
697757102,1841.8129,1780.8218,-8.713013,1700.8776,NaN,NaN,0.0,0.0,0.0,1139.0631,1376.4731,33.915718,1589.0222,NaN,NaN,0.0,0.0,0.0
698891108,324.83102,203.70575,-17.30361,0.0,0.0,0.0,0.0,0.0,0.0,1459.5457,1229.9591,-32.798077,0.0,0.0,0.0,0.0,0.0,0.0
69912K206,173.02238,187.54596,2.0747964,175.35971,NaN,NaN,0.0,0.0,0.0,255.03499,286.07214,4.4338794,332.56702,NaN,NaN,0.0,0.0,0.0
704378405,545.15125,627.38715,11.747986,0.0,0.0,0.0,0.0,0.0,0.0,657.4925,825.0259,23.93334,0.0,0.0,0.0,0.0,0.0,0.0
70556K106,526.50507,342.0,-26.357866,0.0,0.0,0.0,0.0,0.0,0.0,234.79105,305.85306,10.151716,0.0,0.0,0.0,0.0,0.0,0.0
709620108,11.420501,NaN,NaN,0.0,0.0,0.0,0.0,0.0,0.0,46.17151,NaN,NaN,0.0,0.0,0.0,0.0,0.0,0.0
71366Q200,79.10635,101.729774,3.2319171,0.0,0.0,0.0,0.0,0.0,0.0,30.01448,36.474064,0.9227976,0.0,0.0,0.0,0.0,0.0,0.0
716769203,60.42036,31.62295,-4.113916,19.499435,17.98627,-0.13756041,18.413559,NaN,NaN,153.67448,123.02766,-4.378118,112.35723,91.8147,-1.867503,56.65287,NaN,NaN
717113203,NaN,99.3679,NaN,0.0,0.0,0.0,0.0,0.0,0.0,NaN,410.10306,NaN,0.0,0.0,0.0,0.0,0.0,0.0
719151102,158.20338,168.7939,1.5129308,0.0,0.0,0.0,0.0,0.0,0.0,1323.1458,1362.924,5.6825995,0.0,0.0,0.0,0.0,0.0,0.0
72147K108,1312.2987,1287.2452,-3.5790668,0.0,0.0,0.0,NaN,1576.198,NaN,238.03857,253.95801,2.2742047,0.0,0.0,0.0,NaN,188.57304,NaN
721506103,455.73587,516.27106,8.647883,0.0,0.0,0.0,0.0,0.0,0.0,4.9135737,5.4706554,0.0795831,0.0,0.0,0.0,0.0,0.0,0.0
723643300,301.9812,229.72536,-10.322264,0.0,0.0,0.0,0.0,0.0,0.0,849.0989,1146.8682,42.53847,0.0,0.0,0.0,0.0,0.0,0.0
72702Q102,236.12898,208.13837,-3.9986594,0.0,0.0,0.0,0.0,0.0,0.0,324.8885,357.75238,4.694842,0.0,0.0,0.0,0.0,0.0,0.0
731095105,1203.7837,1588.8711,55.012486,0.0,0.0,0.0,0.0,0.0,0.0,917.72986,1634.061,102.33302,0.0,0.0,0.0,0.0,0.0,0.0
731745204,630.87335,553.65845,-11.030701,0.0,0.0,0.0,0.0,0.0,0.0,384.69174,560.1121,25.060055,0.0,0.0,0.0,0.0,0.0,0.0
732827100,428.10263,708.16565,40.009003,0.0,0.0,0.0,0.0,0.0,0.0,958.9746,990.94073,4.5665894,0.0,0.0,0.0,0.0,0.0,0.0
741016307,346.66992,NaN,NaN,0.0,0.0,0.0,0.0,0.0,0.0,709.68884,NaN,NaN,0.0,0.0,0.0,0.0,0.0,0.0
74342L105,19.424372,26.234205,0.97283334,0.0,0.0,0.0,0.0,0.0,0.0,13.172782,16.839521,0.5238199,0.0,0.0,0.0,0.0,0.0,0.0
74437C101,629.3107,1140.897,73.08375,0.0,0.0,0.0,0.0,0.0,0.0,194.91197,173.74483,-3.0238779,0.0,0.0,0.0,0.0,0.0,0.0
747275105,45.97621,200.33942,22.051886,0.0,0.0,0.0,0.0,0.0,0.0,226.93967,270.69458,6.250702,0.0,0.0,0.0,0.0,0.0,0.0
749361200,1163.4122,999.174,-23.462603,0.0,0.0,0.0,431.5222,NaN,NaN,2081.4048,2960.19,125.54073,0.0,0.0,0.0,3020.8516,NaN,NaN
749412102,68.57401,41.152893,-3.9173028,0.0,0.0,0.0,0.0,0.0,0.0,120.212006,108.50319,-1.6726881,0.0,0.0,0.0,0.0,0.0,0.0
756268108,53.083145,NaN,NaN,0.0,0.0,0.0,0.0,0.0,0.0,889.93335,NaN,NaN,0.0,0.0,0.0,0.0,0.0,0.0
756285102,20.118462,117.24618,13.875388,0.0,0.0,0.0,0.0,0.0,0.0,84.92289,118.92655,4.857666,0.0,0.0,0.0,0.0,0.0,0.0
757209507,84.46695,77.37986,-1.0124414,0.0,0.0,0.0,13.803268,18.692139,0.69841003,205.85947,136.88661,-9.853265,0.0,0.0,0.0,158.95279,156.96902,-0.28339496
398189100,365.31906,369.7457,0.63237655,0.0,0.0,0.0,199.93561,206.44492,0.9299011,253.75348,225.40643,-4.049578,0.0,0.0,0.0,209.8861,228.34145,2.636479
761406107,NaN,360.02716,NaN,258.59692,201.27658,-5.2109404,165.6543,NaN,NaN,NaN,2777.1694,NaN,1178.7633,1056.4949,-11.115312,1323.953,NaN,NaN
74957T104,0.42730162,NaN,NaN,0.0,0.0,0.0,0.0,0.0,0.0,213.09253,NaN,NaN,0.0,0.0,0.0,0.0,0.0,0.0
762430205,72.3721,180.28133,15.415604,0.0,0.0,0.0,0.0,0.0,0.0,188.29034,160.29462,-3.9993896,0.0,0.0,0.0,0.0,0.0,0.0
779088103,218.47742,NaN,NaN,0.0,0.0,0.0,0.0,0.0,0.0,1504.7717,NaN,NaN,0.0,0.0,0.0,0.0,0.0,0.0
G7702U102,286.125,411.73474,17.944248,0.0,0.0,0.0,0.0,0.0,0.0,5039.267,4128.7217,-130.07791,0.0,0.0,0.0,0.0,0.0,0.0
794004200,35.147415,NaN,NaN,49.65743,46.531384,-0.24046502,43.232685,NaN,NaN,41.529716,NaN,NaN,28.547138,35.208744,0.5124312,33.476994,NaN,NaN
795872100,NaN,549.5467,NaN,0.0,0.0,0.0,0.0,0.0,0.0,NaN,391.87775,NaN,0.0,0.0,0.0,0.0,0.0,0.0
811371707,1347.7828,NaN,NaN,0.0,0.0,0.0,0.0,0.0,0.0,9094.764,NaN,NaN,0.0,0.0,0.0,0.0,0.0,0.0
816074405,598.223,926.6744,46.921623,0.0,0.0,0.0,0.0,0.0,0.0,331.50284,197.5768,-19.132292,0.0,0.0,0.0,0.0,0.0,0.0
817587108,740.895,680.88794,-8.57244,726.61365,NaN,NaN,0.0,0.0,0.0,1090.4838,863.5235,-32.422894,843.12714,NaN,NaN,0.0,0.0,0.0
G80550109,144.06233,153.35281,1.3272116,0.0,0.0,0.0,0.0,0.0,0.0,1309.3165,1667.5603,51.17768,0.0,0.0,0.0,0.0,0.0,0.0
83001A102,1282.8922,1238.3005,-6.3702393,0.0,0.0,0.0,NaN,966.4334,NaN,1240.3439,1194.4321,-6.5588202,0.0,0.0,0.0,NaN,716.26373,NaN
78442T108,259.16318,268.86728,1.3863002,0.0,0.0,0.0,0.0,0.0,0.0,118.37918,124.503365,0.87488335,0.0,0.0,0.0,0.0,0.0,0.0
434149100,44.4446,NaN,NaN,0.0,0.0,0.0,0.0,0.0,0.0,27.086977,NaN,NaN,0.0,0.0,0.0,0.0,0.0,0.0
83169A100,2.6068945,15.8868065,1.8971303,0.0,0.0,0.0,0.0,0.0,0.0,170.69418,208.81013,5.445136,0.0,0.0,0.0,0.0,0.0,0.0
832110100,649.076,576.63477,-10.348746,488.86703,298.21277,-27.236324,301.7725,262.4422,-5.6186132,278.1539,298.53574,2.911691,340.35107,380.2696,5.7026453,379.9445,445.56866,9.374883
83272A104,NaN,3031.9165,NaN,0.0,0.0,0.0,NaN,4795.767,NaN,NaN,4287.4976,NaN,0.0,0.0,0.0,NaN,5731.937,NaN
836151209,54.824738,94.1752,5.621495,0.0,0.0,0.0,0.0,0.0,0.0,10.682088,22.158443,1.6394794,0.0,0.0,0.0,0.0,0.0,0.0
84649R200,NaN,363.33432,NaN,0.0,0.0,0.0,NaN,177.5097,NaN,NaN,1141.9215,NaN,0.0,0.0,0.0,NaN,833.948,NaN
84741Y103,209.76923,203.27753,-0.9273856,0.0,0.0,0.0,0.0,0.0,0.0,2890.037,3818.4797,132.63466,0.0,0.0,0.0,0.0,0.0,0.0
84761M104,1155.446,1513.399,51.136143,0.0,0.0,0.0,699.6222,714.83344,2.1730347,407.99466,464.2171,8.031777,0.0,0.0,0.0,518.8233,516.7838,-0.29135567
847607108,150.38417,206.82951,8.063621,0.0,0.0,0.0,0.0,0.0,0.0,537.5868,652.44727,16.40864,0.0,0.0,0.0,0.0,0.0,0.0
84763R101,240.41743,234.28299,-0.87634933,0.0,0.0,0.0,NaN,120.92855,NaN,64.21675,108.39061,6.310551,0.0,0.0,0.0,NaN,54.69898,NaN
85254C305,NaN,216.3231,NaN,0.0,0.0,0.0,64.94944,88.53974,3.370043,NaN,292.81277,NaN,0.0,0.0,0.0,394.76007,418.67743,3.4167655
853156206,166.93422,160.03525,-0.9855674,155.46939,147.79457,-1.534964,112.88375,60.82424,-7.4370728,121.86507,142.72525,2.9800262,159.28673,191.65335,6.473325,109.376854,300.94125,27.366343
854923109,NaN,227.75215,NaN,0.0,0.0,0.0,0.0,0.0,0.0,NaN,4128.7217,NaN,0.0,0.0,0.0,0.0,0.0,0.0
85569E103,71.75182,93.960625,3.1726859,0.0,0.0,0.0,0.0,0.0,0.0,180.89735,147.34209,-4.7936096,0.0,0.0,0.0,0.0,0.0,0.0
861572105,219.84174,185.85435,-4.85534,0.0,0.0,0.0,0.0,0.0,0.0,26.044828,27.657372,0.2303633,0.0,0.0,0.0,0.0,0.0,0.0
862111200,518.4113,NaN,NaN,430.3059,371.96072,-5.8345184,384.17798,408.61948,3.4916425,10.297864,NaN,NaN,19.094563,26.09079,0.69962275,41.572903,52.334187,1.5373262
86677E100,427.70242,NaN,NaN,0.0,0.0,0.0,0.0,0.0,0.0,291.39713,NaN,NaN,0.0,0.0,0.0,0.0,0.0,0.0
866881105,81.26611,70.16781,-1.5854721,0.0,0.0,0.0,0.0,0.0,0.0,163.65019,194.01729,4.3381567,0.0,0.0,0.0,0.0,0.0,0.0
86688Q100,150.426,NaN,NaN,0.0,0.0,0.0,0.0,0.0,0.0,785.9313,NaN,NaN,0.0,0.0,0.0,0.0,0.0,0.0
87163L103,9.950625,NaN,NaN,0.0,0.0,0.0,0.0,0.0,0.0,2797.4155,NaN,NaN,0.0,0.0,0.0,0.0,0.0,0.0
871839205,42.009686,48.190918,0.8830332,0.0,0.0,0.0,0.0,0.0,0.0,24.561996,25.071587,0.072798595,0.0,0.0,0.0,0.0,0.0,0.0
873452304,95.44436,105.32795,1.4119415,28.530487,19.647518,-1.1103711,5.7884145,7.445278,0.23669481,660.1864,846.5992,26.630398,1039.7848,780.717,-32.383476,705.83624,589.39026,-16.635141
879908101,36.405724,51.169357,2.1090906,0.0,0.0,0.0,0.0,0.0,0.0,7035.8555,6697.3335,-48.360283,0.0,0.0,0.0,0.0,0.0,0.0
87959Y103,218.64465,430.97974,30.333584,0.0,0.0,0.0,0.0,0.0,0.0,5692.3647,7201.624,215.60847,0.0,0.0,0.0,0.0,0.0,0.0
87971Q104,30.269186,89.752914,8.497675,0.0,0.0,0.0,0.0,0.0,0.0,285.79697,357.93985,10.306127,0.0,0.0,0.0,0.0,0.0,0.0
881451108,349.14258,591.35144,34.601265,0.0,0.0,0.0,0.0,0.0,0.0,280.8403,361.81693,11.5680895,0.0,0.0,0.0,0.0,0.0,0.0
881694103,34557.184,34549.312,-1.124442,34601.64,NaN,NaN,29920.578,24928.242,-713.19086,12115.04,12906.973,113.13323,10766.237,NaN,NaN,12418.187,11701.464,-102.388954
882445109,26.822739,91.538475,9.245105,60.643215,NaN,NaN,45.202488,86.81435,5.944551,801.5459,289.59665,-73.135605,532.67035,NaN,NaN,574.51807,298.72855,-39.398502
872424106,199.43329,189.63403,-1.3998936,181.58018,164.22766,-2.1690655,228.87872,NaN,NaN,495.7697,543.0246,6.7506976,550.50037,650.1767,12.459541,661.2516,NaN,NaN
885184101,156.69623,138.306,-2.6271756,0.0,0.0,0.0,0.0,0.0,0.0,933.67786,999.94836,9.467216,0.0,0.0,0.0,0.0,0.0,0.0
889039103,267.90808,272.8364,0.7040449,258.58496,72.88536,-14.284585,45.2451,42.65829,-0.36954388,1010.03265,884.65625,-17.910915,700.1869,539.8226,-12.335717,449.61475,437.64545,-1.7098999
889073201,85.201866,116.18336,4.425927,0.0,0.0,0.0,0.0,0.0,0.0,96.08009,28.547255,-9.647548,0.0,0.0,0.0,0.0,0.0,0.0
891697104,292.79135,379.1768,12.340776,0.0,0.0,0.0,0.0,0.0,0.0,2169.0247,2833.9153,94.984375,0.0,0.0,0.0,0.0,0.0,0.0
89299Y009,64.86184,61.16455,-0.52818406,46.546253,23.453333,-3.84882,0.0,0.0,0.0,NaN,NaN,NaN,NaN,NaN,NaN,0.0,0.0,0.0
892149105,151.78728,191.97314,5.740838,0.0,0.0,0.0,0.0,0.0,0.0,329.37375,395.0313,9.379652,0.0,0.0,0.0,0.0,0.0,0.0
89376N108,199.97963,217.43277,2.4933057,0.0,0.0,0.0,0.0,0.0,0.0,2317.137,2555.8738,34.10526,0.0,0.0,0.0,0.0,0.0,0.0
893878108,11.145608,23.90892,1.8233303,0.0,0.0,0.0,0.0,0.0,0.0,22.066936,26.135069,0.5811618,0.0,0.0,0.0,0.0,0.0,0.0
894859107,19.626162,24.025537,0.6284823,0.0,0.0,0.0,0.0,0.0,0.0,634.6046,62.518616,-81.72657,0.0,0.0,0.0,0.0,0.0,0.0
896106200,376.45947,342.9457,-4.7876806,0.0,0.0,0.0,125.96658,134.22952,1.1804199,2012.0793,981.057,-147.28891,0.0,0.0,0.0,585.9465,599.9954,2.0069928
896925203,112.55844,124.94625,1.769687,0.0,0.0,0.0,0.0,0.0,0.0,181.75027,210.96112,4.172978,0.0,0.0,0.0,0.0,0.0,0.0
89816T103,NaN,1112.834,NaN,0.0,0.0,0.0,770.98047,807.2883,5.186837,NaN,930.2267,NaN,0.0,0.0,0.0,988.8602,1168.829,25.709822
899900104,217.3376,245.29744,3.9942627,0.0,0.0,0.0,0.0,0.0,0.0,69.80705,66.11409,-0.5275661,0.0,0.0,0.0,0.0,0.0,0.0
901167106,97.57372,92.572075,-0.7145211,0.0,0.0,0.0,0.0,0.0,0.0,794.2525,850.1882,7.99081,0.0,0.0,0.0,0.0,0.0,0.0
87311M102,204.14778,266.73264,8.940694,0.0,0.0,0.0,0.0,0.0,0.0,2342.1267,2683.5818,48.779297,0.0,0.0,0.0,0.0,0.0,0.0
90334D109,213.84735,143.43027,-10.059584,0.0,0.0,0.0,0.0,0.0,0.0,360.36978,575.51385,30.734867,0.0,0.0,0.0,0.0,0.0,0.0
90333L201,173.09828,170.267,-0.40446907,0.0,0.0,0.0,0.0,0.0,0.0,427.39423,368.50446,-8.412825,0.0,0.0,0.0,0.0,0.0,0.0
90331T107,35.76445,NaN,NaN,0.0,0.0,0.0,0.0,0.0,0.0,34.120144,NaN,NaN,0.0,0.0,0.0,0.0,0.0,0.0
910047109,13624.52,12784.5625,-119.99386,12065.162,NaN,NaN,5921.7007,6039.565,16.837751,2229.323,3221.748,141.77501,3325.2192,NaN,NaN,3500.913,3212.5513,-41.194546
902646108,28.523678,27.438858,-0.15497425,0.0,0.0,0.0,0.0,0.0,0.0,24.698103,16.649813,-1.1497557,0.0,0.0,0.0,0.0,0.0,0.0
903849107,110.95164,NaN,NaN,0.0,0.0,0.0,0.0,0.0,0.0,110.541084,NaN,NaN,0.0,0.0,0.0,0.0,0.0,0.0
910858109,94.47864,79.77487,-2.100538,69.40646,NaN,NaN,NaN,53.11599,NaN,14.250409,11.048366,-0.4574348,11.393687,NaN,NaN,NaN,13.163665,NaN
35241Q107,NaN,102.48755,NaN,98.78029,104.694,0.21902636,110.13745,110.30446,0.023858206,NaN,101.36548,NaN,34.139606,36.58724,0.09065303,51.823097,53.273594,0.2072138
903293405,1061.8036,1042.7852,-2.716919,0.0,0.0,0.0,549.8615,651.6892,14.546814,209.80846,233.28094,3.3532126,0.0,0.0,0.0,222.04826,184.22527,-5.4032855
917311805,117.44464,180.11693,8.953184,0.0,0.0,0.0,0.0,0.0,0.0,26.940506,33.568626,0.9468743,0.0,0.0,0.0,0.0,0.0,0.0
91972C106,25.574091,28.883991,0.4728429,0.0,0.0,0.0,0.0,0.0,0.0,NaN,NaN,NaN,0.0,0.0,0.0,0.0,0.0,0.0
919902106,40.049564,61.695797,3.092319,0.0,0.0,0.0,0.0,0.0,0.0,726.3295,886.9086,22.93987,0.0,0.0,0.0,0.0,0.0,0.0
494580103,1219.5332,449.49475,-110.00549,0.0,0.0,0.0,285.50842,331.03253,6.503444,261.67554,385.05643,17.625841,0.0,0.0,0.0,527.36816,496.08893,-4.4684625
923275101,347.72717,311.55133,-5.1679773,0.0,0.0,0.0,0.0,0.0,0.0,151.45663,166.87749,2.2029788,0.0,0.0,0.0,0.0,0.0,0.0
92335X100,95.47767,6.1834354,-12.756319,0.0,0.0,0.0,0.0,0.0,0.0,4128.722,5397.3,181.22537,0.0,0.0,0.0,0.0,0.0,0.0
92336G106,158.21144,NaN,NaN,0.0,0.0,0.0,0.0,0.0,0.0,581.11975,NaN,NaN,0.0,0.0,0.0,0.0,0.0,0.0
925492100,195.69492,73.54141,-17.4505,0.0,0.0,0.0,0.0,0.0,0.0,9.052632,10.258811,0.17231123,0.0,0.0,0.0,0.0,0.0,0.0
92553H803,407.77725,NaN,NaN,0.0,0.0,0.0,0.0,0.0,0.0,119.692795,NaN,NaN,0.0,0.0,0.0,0.0,0.0,0.0
925529208,470.5922,940.56836,67.13945,0.0,0.0,0.0,0.0,0.0,0.0,4910.988,4112.494,-114.07052,0.0,0.0,0.0,0.0,0.0,0.0
63845P101,58.909657,68.05534,1.3065268,0.0,0.0,0.0,17.556822,19.985271,0.34692138,31.019,32.947872,0.2755533,0.0,0.0,0.0,28.466408,51.592514,3.3037295
92839U206,2584.568,2363.0884,-31.639963,0.0,0.0,0.0,0.0,0.0,0.0,498.1875,524.76056,3.7961514,0.0,0.0,0.0,0.0,0.0,0.0
928559103,456.09653,309.43106,-20.95221,0.0,0.0,0.0,0.0,0.0,0.0,625.02527,616.20337,-1.2602713,0.0,0.0,0.0,0.0,0.0,0.0
38388F108,920.1921,886.0108,-5.696879,971.31915,1158.9917,4.938751,4045.4954,4497.9844,64.64129,844.8313,952.51,17.946451,1257.6422,1197.0262,-1.595157,792.1924,852.92834,8.676566
93369N109,1259.0698,831.6267,-61.0633,680.2379,NaN,NaN,72.57064,138.74109,9.452921,25.70556,28.039314,0.33339337,29.98249,NaN,NaN,22.611803,25.03442,0.34608814
934390402,255.34566,301.45096,6.5864716,0.0,0.0,0.0,69.17447,84.24987,2.1536288,148.9532,153.304,0.6215428,0.0,0.0,0.0,199.70412,178.96303,-2.9630127
938862208,167.85991,261.25003,13.341446,0.0,0.0,0.0,NaN,81.119896,NaN,27.657372,27.65411,-4.6593804E-4,0.0,0.0,0.0,NaN,45.35541,NaN
94769A101,257.54312,261.5559,0.57325524,0.0,0.0,0.0,0.0,0.0,0.0,5692.3647,7201.624,215.60847,0.0,0.0,0.0,0.0,0.0,0.0
94845V103,82.54182,235.61311,21.867327,0.0,0.0,0.0,0.0,0.0,0.0,24.8392,31.285763,0.92093766,0.0,0.0,0.0,0.0,0.0,0.0
948462106,61.232243,89.95569,4.103349,0.0,0.0,0.0,0.0,0.0,0.0,998.9541,1225.8204,32.409477,0.0,0.0,0.0,0.0,0.0,0.0
955465109,634.17395,626.9618,-1.0303084,0.0,0.0,0.0,594.3352,NaN,NaN,177.53603,181.87366,0.6196616,0.0,0.0,0.0,238.1565,NaN,NaN
958043408,1064.3774,719.8914,-49.212288,700.325,NaN,NaN,204.21596,236.16705,4.564442,884.0398,956.5836,10.363403,1240.1953,NaN,NaN,1135.8242,925.9574,-29.980974
960878106,296.50824,233.77934,-8.961271,0.0,0.0,0.0,190.95917,127.25433,-9.100691,218.5618,244.55673,3.713562,0.0,0.0,0.0,359.4088,345.54648,-1.9803336
961238102,779.10785,998.74384,31.37657,0.0,0.0,0.0,0.0,0.0,0.0,5.394736,5.706434,0.04452828,0.0,0.0,0.0,0.0,0.0,0.0
410315105,797.4009,840.248,6.121015,132.6272,78.58699,-5.404021,79.72727,78.01272,-0.24493626,1514.5365,1649.2772,19.248674,2689.847,2660.4915,-2.9355469,3501.9668,4602.499,157.21889
194831004,NaN,631.47644,NaN,549.447,534.7283,-1.6354166,504.8041,NaN,NaN,NaN,310.74692,NaN,55.58084,58.88935,0.3676122,58.62391,NaN,NaN
972218101,198.97234,200.77428,0.25742012,200.27988,204.08743,1.2691854,150.1425,149.72893,-0.05908203,152.40224,115.684845,-5.245342,126.74289,121.03003,-1.9042867,134.56003,145.53755,1.5682176
974280307,1630.0669,1324.6301,-43.633823,0.0,0.0,0.0,146.49828,257.92365,15.91791,1824.1287,2046.689,31.794329,0.0,0.0,0.0,3374.3503,4058.14,97.68422
975515107,1216.3093,NaN,NaN,0.0,0.0,0.0,0.0,0.0,0.0,4910.988,NaN,NaN,0.0,0.0,0.0,0.0,0.0,0.0
97652H109,77.69852,88.04363,1.4778737,0.0,0.0,0.0,0.0,0.0,0.0,1137.5614,1010.9248,-18.090942,0.0,0.0,0.0,0.0,0.0,0.0
98141A101,85.753914,136.17258,7.2026663,0.0,0.0,0.0,0.0,0.0,0.0,4910.988,4112.493,-114.07066,0.0,0.0,0.0,0.0,0.0,0.0
981902109,NaN,16.928766,NaN,0.0,0.0,0.0,0.0,0.0,0.0,NaN,81.91021,NaN,0.0,0.0,0.0,0.0,0.0,0.0
981579105,384.75555,NaN,NaN,0.0,0.0,0.0,0.0,0.0,0.0,269.50992,NaN,NaN,0.0,0.0,0.0,0.0,0.0,0.0
981907108,94.851715,114.95119,2.8713531,0.0,0.0,0.0,0.0,0.0,0.0,192.9937,297.8948,14.985872,0.0,0.0,0.0,0.0,0.0,0.0
894688100,93.92571,110.175514,2.3214002,53.038525,51.26993,-0.25265613,51.78418,52.31964,0.07649449,452.14178,488.52472,5.197562,594.72107,1729.482,162.10872,930.13715,1816.0317,126.55637
98416J118,NaN,375.0488,NaN,0.0,0.0,0.0,NaN,436.44168,NaN,NaN,74.25819,NaN,0.0,0.0,0.0,NaN,18.66949,NaN
98417K106,1480.257,NaN,NaN,0.0,0.0,0.0,0.0,0.0,0.0,4112.493,NaN,NaN,0.0,0.0,0.0,0.0,0.0,0.0
989349105,616.6962,NaN,NaN,0.0,0.0,0.0,0.0,0.0,0.0,335.0171,NaN,NaN,0.0,0.0,0.0,0.0,0.0,0.0
172585101,0.0,0.0,0.0,761.20496,657.99274,-8.601018,NaN,445.1707,NaN,0.0,0.0,0.0,1320.0972,1415.5436,7.9538674,NaN,1698.5004,NaN
20557T101,0.0,0.0,0.0,248.56927,NaN,NaN,171.47903,136.92567,-4.9361944,0.0,0.0,0.0,28.862679,NaN,NaN,22.19267,24.72845,0.3622543
431692102,0.0,0.0,0.0,271.93307,292.98358,2.1050506,190.09695,211.22838,3.0187747,0.0,0.0,0.0,667.7552,872.7107,20.49555,1168.6626,774.7876,-56.267857
212072102,0.0,0.0,0.0,118.86313,NaN,NaN,92.229065,40.369766,-7.408471,0.0,0.0,0.0,1415.9603,NaN,NaN,1359.5894,1284.0916,-10.7854
086553104,0.0,0.0,0.0,0.0,0.0,0.0,NaN,128.74759,NaN,0.0,0.0,0.0,0.0,0.0,0.0,NaN,1079.3718,NaN
44980Y305,0.0,0.0,0.0,0.0,0.0,0.0,NaN,108.48326,NaN,0.0,0.0,0.0,0.0,0.0,0.0,NaN,336.07416,NaN
46624E405,0.0,0.0,0.0,0.0,0.0,0.0,70.63895,63.159138,-1.0685441,0.0,0.0,0.0,0.0,0.0,0.0,53.673252,52.354588,-0.18838064
48577P106,0.0,0.0,0.0,0.0,0.0,0.0,NaN,117.40127,NaN,0.0,0.0,0.0,0.0,0.0,0.0,NaN,883.6388,NaN
578349102,0.0,0.0,0.0,0.0,0.0,0.0,90.453636,99.426956,1.2819029,0.0,0.0,0.0,0.0,0.0,0.0,694.2798,925.29156,33.001682
636317109,0.0,0.0,0.0,0.0,0.0,0.0,256.3601,274.3047,2.5635114,0.0,0.0,0.0,0.0,0.0,0.0,232.18056,185.97746,-6.600442
70322A101,0.0,0.0,0.0,0.0,0.0,0.0,305.5245,373.25842,9.676274,0.0,0.0,0.0,0.0,0.0,0.0,1984.5587,2284.9167,42.90829
98387T103,0.0,0.0,0.0,0.0,0.0,0.0,15.099743,NaN,NaN,0.0,0.0,0.0,0.0,0.0,0.0,288.18954,NaN,NaN
707832309,0.0,0.0,0.0,0.0,0.0,0.0,183.13107,204.1543,3.0033176,0.0,0.0,0.0,0.0,0.0,0.0,1157.843,1848.6486,98.68651
71654J108,0.0,0.0,0.0,0.0,0.0,0.0,224.57825,244.72966,2.8787732,0.0,0.0,0.0,0.0,0.0,0.0,27.231842,114.514725,12.468984
741917108,0.0,0.0,0.0,0.0,0.0,0.0,NaN,126.10042,NaN,0.0,0.0,0.0,0.0,0.0,0.0,NaN,219.86012,NaN
746276104,0.0,0.0,0.0,0.0,0.0,0.0,126.28587,NaN,NaN,0.0,0.0,0.0,0.0,0.0,0.0,757.02325,NaN,NaN
686857103,0.0,0.0,0.0,0.0,0.0,0.0,247.57901,NaN,NaN,0.0,0.0,0.0,0.0,0.0,0.0,409.6134,NaN,NaN
827056300,0.0,0.0,0.0,0.0,0.0,0.0,24.357811,NaN,NaN,0.0,0.0,0.0,0.0,0.0,0.0,209.21596,NaN,NaN
834376501,0.0,0.0,0.0,0.0,0.0,0.0,642.8746,478.9574,-23.416739,0.0,0.0,0.0,0.0,0.0,0.0,4716.8184,4943.0996,32.325893
817826209,0.0,0.0,0.0,0.0,0.0,0.0,1844.1647,1627.4565,-30.958303,0.0,0.0,0.0,0.0,0.0,0.0,1796.2463,1457.7047,-48.36309
849416201,0.0,0.0,0.0,0.0,0.0,0.0,78.24673,86.65261,1.2008406,0.0,0.0,0.0,0.0,0.0,0.0,68.372894,61.306297,-1.0095139
893349837,0.0,0.0,0.0,0.0,0.0,0.0,441.86942,498.97885,8.158491,0.0,0.0,0.0,0.0,0.0,0.0,1609.308,1585.1274,-3.454363
988858106,0.0,0.0,0.0,0.0,0.0,0.0,19.229918,NaN,NaN,0.0,0.0,0.0,0.0,0.0,0.0,52.80475,NaN,NaN
