00252W104,0.7270432,1.1909612,0.066274,0.0,0.0,0.0,0.0,0.0,0.0,3.787632,2.8568127,-0.13297418,0.0,0.0,0.0,0.0,0.0,0.0
,0.0,0.0,0.0,0.0,0.0,0.0,0.0,0.0,0.0,0.0,0.0,0.0,0.0,0.0,0.0,0.0,0.0,0.0
00439T206,9.04127,NaN,NaN,0.0,0.0,0.0,NaN,3.025862,NaN,24.411163,NaN,NaN,0.0,0.0,0.0,NaN,31.135597,NaN
004724100,1.9469794,4.699738,0.3932512,0.0,0.0,0.0,0.0,0.0,0.0,34.875988,39.1219,0.6065587,0.0,0.0,0.0,0.0,0.0,0.0
000973107,8.501982,8.586231,0.012035643,0.0,0.0,0.0,0.0,0.0,0.0,8.324186,5.884044,-0.34859174,0.0,0.0,0.0,0.0,0.0,0.0
00503U105,NaN,-2.7459126,NaN,0.0,0.0,0.0,0.0,0.0,0.0,NaN,-0.03734243,NaN,0.0,0.0,0.0,0.0,0.0,0.0
006847107,-15.379856,-7.265081,1.1592535,0.0,0.0,0.0,0.0,0.0,0.0,178.69792,208.60275,4.2721186,0.0,0.0,0.0,0.0,0.0,0.0
006848105,161.93593,202.64926,5.8161902,0.0,0.0,0.0,0.0,0.0,0.0,29.67386,30.031734,0.051124845,0.0,0.0,0.0,0.0,0.0,0.0
31865X106,-6.6485314,-7.8030167,-0.16492645,0.0,0.0,0.0,0.0,0.0,0.0,250.23831,310.11026,8.553136,0.0,0.0,0.0,0.0,0.0,0.0
008494106,1.7656933,-6.794909,-1.2229432,0.0,0.0,0.0,0.0,0.0,0.0,2.4249554,3.3881488,0.13759907,0.0,0.0,0.0,0.0,0.0,0.0
009114109,-2.8001528,-0.7102151,0.29856253,0.0,0.0,0.0,0.0,0.0,0.0,7.4230742,15.357528,1.1334933,0.0,0.0,0.0,0.0,0.0,0.0
867071102,NaN,-16.334522,NaN,0.6128755,9.268468,0.8655592,0.0,0.0,0.0,NaN,0.92910296,NaN,1.0293272,0.8293627,-0.019996446,0.0,0.0,0.0
018593103,7.943647,-6.3872037,-2.0472643,0.0,0.0,0.0,0.0,0.0,0.0,NaN,NaN,NaN,0.0,0.0,0.0,0.0,0.0,0.0
019223106,7.824379,5.37694,-0.34963417,0.0,0.0,0.0,0.0,0.0,0.0,14.778477,18.78447,0.5722847,0.0,0.0,0.0,0.0,0.0,0.0
019411107,-8.928533,-1.4765224,1.0645729,0.0,0.0,0.0,0.0,0.0,0.0,41.889904,50.0601,1.1671709,0.0,0.0,0.0,0.0,0.0,0.0
02146C104,4.3059754,1.8435732,-0.35177177,0.0,0.0,0.0,0.0,0.0,0.0,3.443311,4.0018935,0.07979751,0.0,0.0,0.0,0.0,0.0,0.0
625440102,5.1932716,-8.564786,-1.9654368,NaN,10.4896345,NaN,4.7612243,2.5903773,-0.27135587,11.829848,12.862679,0.14754717,NaN,9.015746,NaN,10.388896,8.040149,-0.2935934
023006109,NaN,5.0726304,NaN,-0.8591051,NaN,NaN,0.0,0.0,0.0,NaN,39.104515,NaN,16.427773,NaN,NaN,0.0,0.0,0.0
023395106,6.330061,NaN,NaN,0.0,0.0,0.0,0.0,0.0,0.0,29.548803,NaN,NaN,0.0,0.0,0.0,0.0,0.0,0.0
023426703,6.2130437,-8.713941,-2.1324265,2.9179802,NaN,NaN,1.6494169,2.1334,0.069140434,32.14306,33.335403,0.17033495,35.4892,NaN,NaN,37.178997,32.52448,-0.6649312
023586100,32.583557,17.275152,-2.186915,62.761326,NaN,NaN,50.33009,62.67588,1.7636844,238.58063,94.116455,-20.63774,516.1948,NaN,NaN,250.41429,167.01787,-11.9137745
90341W108,19.594063,-5.4018884,-3.5708501,3.6790988,40.460503,2.8293386,38.464504,49.528275,1.5805386,48.71954,34.30399,-2.0593643,45.2994,72.198204,2.0691388,87.4903,78.194374,-1.3279898
024490302,6.3448563,NaN,NaN,0.0,0.0,0.0,0.0,0.0,0.0,17.78794,NaN,NaN,0.0,0.0,0.0,0.0,0.0,0.0
024928103,1.3537188,-8.143356,-1.356725,0.0,0.0,0.0,0.0,0.0,0.0,33.28018,42.82712,1.3638486,0.0,0.0,0.0,0.0,0.0,0.0
02553G101,0.9892483,-2.98744,-0.56809837,0.0,0.0,0.0,0.0,0.0,0.0,-4.1795063,2.642733,0.9746056,0.0,0.0,0.0,0.0,0.0,0.0
026496208,15.0353155,10.913728,-0.5887982,1.8469107,7.673216,0.64736724,7.3859773,6.999385,-0.055227485,43.51858,37.615097,-0.8433549,41.46881,25.224834,-1.8048863,27.825672,26.479378,-0.19232777
026652107,7.4588957,NaN,NaN,0.0,0.0,0.0,0.0,0.0,0.0,0.77238053,NaN,NaN,0.0,0.0,0.0,0.0,0.0,0.0
028816106,1.3944111,NaN,NaN,0.0,0.0,0.0,0.0,0.0,0.0,22.386719,NaN,NaN,0.0,0.0,0.0,0.0,0.0,0.0
029318300,6.576445,-0.36347827,-0.9914176,0.0,0.0,0.0,0.0,0.0,0.0,9.715772,10.723762,0.14399855,0.0,0.0,0.0,0.0,0.0,0.0
030789507,17.064867,-5.287701,-3.193224,-48.034813,-3.344865,4.468995,3.8412323,4.394496,0.07903767,28.599476,37.97054,1.3387233,39.206474,42.85609,0.36496162,25.454817,32.049427,0.9420872
03113V109,17.256319,NaN,NaN,0.0,0.0,0.0,0.0,0.0,0.0,3.3622699,NaN,NaN,0.0,0.0,0.0,0.0,0.0,0.0
03237E108,20.915733,NaN,NaN,0.0,0.0,0.0,28.252712,NaN,NaN,44.059155,NaN,NaN,0.0,0.0,0.0,29.795214,NaN,NaN
001813104,231.32817,198.86926,-4.6369867,0.0,0.0,0.0,0.0,0.0,0.0,171.64764,198.95856,3.901559,0.0,0.0,0.0,0.0,0.0,0.0
03304B300,12.063556,5.12283,-0.99153227,0.0,0.0,0.0,NaN,14.244276,NaN,147.93048,184.26656,5.190868,0.0,0.0,0.0,NaN,160.76903,NaN
G6359F103,12.754124,4.0871396,-1.2381407,-0.06405176,3.1888828,0.3614372,2.5373962,-0.33780724,-0.41074333,13.549604,7.2846866,-0.89498824,5.079682,6.98075,0.2112298,0.26396462,2.4263246,0.30890855
381119106,-6.5674863,-4.5423255,0.2893087,0.0,0.0,0.0,NaN,-8.039375,NaN,27.26449,33.48665,0.8888798,0.0,0.0,0.0,NaN,23.680155,NaN
038196101,6.3142686,4.0596275,-0.32209158,0.0,0.0,0.0,0.0,0.0,0.0,4.662884,6.1504607,0.21251093,0.0,0.0,0.0,0.0,0.0,0.0
038213104,-14.717128,-20.957825,-0.8915281,0.0,0.0,0.0,0.0,0.0,0.0,1.9851785,4.4313817,0.3494576,0.0,0.0,0.0,0.0,0.0,0.0
001937101,9.064555,3.4600856,-0.8006385,0.0,0.0,0.0,0.0,0.0,0.0,17.948488,15.163355,-0.3978762,0.0,0.0,0.0,0.0,0.0,0.0
G04397108,24.584255,3.5769444,-3.0010445,0.0,0.0,0.0,0.0,0.0,0.0,2.7832417,0.75345236,-0.28996992,0.0,0.0,0.0,0.0,0.0,0.0
90341G103,38.28658,49.47072,1.5977342,0.0,0.0,0.0,NaN,22.462166,NaN,264.56934,346.63647,11.723877,0.0,0.0,0.0,NaN,521.073,NaN
042384107,81.96319,NaN,NaN,58.187378,NaN,NaN,0.0,0.0,0.0,14.464151,NaN,NaN,15.587754,NaN,NaN,0.0,0.0,0.0
G05330108,-24.768183,NaN,NaN,0.0,0.0,0.0,0.0,0.0,0.0,187.76477,NaN,NaN,0.0,0.0,0.0,0.0,0.0,0.0
04544X300,0.85368985,1.729146,0.10943202,0.0,0.0,0.0,0.0,0.0,0.0,3.3163114,3.6465905,0.04128489,0.0,0.0,0.0,0.0,0.0,0.0
04648X107,3.7663898,-1.6592672,-0.7750939,0.0,0.0,0.0,0.0,0.0,0.0,37.118076,9.241056,-3.9824314,0.0,0.0,0.0,0.0,0.0,0.0
045919107,-44.638813,-128.91603,-12.039603,0.0,0.0,0.0,0.0,0.0,0.0,13.580829,8.522087,-0.72267735,0.0,0.0,0.0,0.0,0.0,0.0
04649A106,-14.397485,-5.10946,1.3268607,0.0,0.0,0.0,0.0,0.0,0.0,197.53786,300.95868,14.774404,0.0,0.0,0.0,0.0,0.0,0.0
37990V204,6.956266,-1.9191619,-1.2679183,0.0,0.0,0.0,0.0,0.0,0.0,48.23419,88.715454,5.7830377,0.0,0.0,0.0,0.0,0.0,0.0
046613105,0.51575565,NaN,NaN,0.0,0.0,0.0,0.0,0.0,0.0,NaN,NaN,NaN,0.0,0.0,0.0,0.0,0.0,0.0
050727106,5.175537,NaN,NaN,0.0,0.0,0.0,0.0,0.0,0.0,12.01533,NaN,NaN,0.0,0.0,0.0,0.0,0.0,0.0
05164B106,16.15635,18.80387,0.37821716,0.0,0.0,0.0,0.0,0.0,0.0,262.57877,254.86795,-1.1015451,0.0,0.0,0.0,0.0,0.0,0.0
05873K108,16.290274,93.210045,10.988539,0.0,0.0,0.0,0.0,0.0,0.0,43.694416,47.19712,0.50038636,0.0,0.0,0.0,0.0,0.0,0.0
069744100,0.15279357,-9.66801,-1.402972,0.0,0.0,0.0,0.0,0.0,0.0,275.48828,179.00728,-13.783,0.0,0.0,0.0,0.0,0.0,0.0
074002205,-9.986828,22.936646,4.7033534,0.0,0.0,0.0,0.0,0.0,0.0,6.5822544,5.6577244,-0.13207571,0.0,0.0,0.0,0.0,0.0,0.0
077266104,9.074712,NaN,NaN,0.0,0.0,0.0,0.0,0.0,0.0,17.916271,NaN,NaN,0.0,0.0,0.0,0.0,0.0,0.0
087509105,43.5358,-25.760397,-9.899457,-47.961098,NaN,NaN,0.0,0.0,0.0,46.218822,13.604685,-4.659162,33.671246,NaN,NaN,0.0,0.0,0.0
091250100,10.346474,20.021957,1.3822119,0.0,0.0,0.0,0.0,0.0,0.0,16.904919,14.31679,-0.3697327,0.0,0.0,0.0,0.0,0.0,0.0
055607105,2.959853,NaN,NaN,0.0,0.0,0.0,0.0,0.0,0.0,2.010911,NaN,NaN,0.0,0.0,0.0,0.0,0.0,0.0
099541203,8.322856,-4.876292,-1.8855926,0.0,0.0,0.0,0.0,0.0,0.0,1.2371373,-0.70690334,-0.2777201,0.0,0.0,0.0,0.0,0.0,0.0
100578103,35.67412,-14.764382,-7.2055006,0.0,0.0,0.0,0.0,0.0,0.0,10.973701,12.569436,0.22796223,0.0,0.0,0.0,0.0,0.0,0.0
104499207,-5.9248166,6.760336,1.8121645,-11.202732,NaN,NaN,0.0,0.0,0.0,20.924631,28.21273,1.041157,11.159042,NaN,NaN,0.0,0.0,0.0
105423404,1.2663167,-12.208681,-1.9249996,-41.198677,NaN,NaN,0.0,0.0,0.0,33.793594,40.962494,1.0241286,41.98316,NaN,NaN,0.0,0.0,0.0
105425102,NaN,10.574311,NaN,0.0,0.0,0.0,0.0,0.0,0.0,NaN,57.09911,NaN,0.0,0.0,0.0,0.0,0.0,0.0
106702103,NaN,7.9379587,NaN,0.0,0.0,0.0,0.0,0.0,0.0,NaN,32.63458,NaN,0.0,0.0,0.0,0.0,0.0,0.0
119003101,8.69839,79.68091,10.14036,0.0,0.0,0.0,0.0,0.0,0.0,187.71025,191.1307,0.48863655,0.0,0.0,0.0,0.0,0.0,0.0
120084108,3.1885614,1.0325272,-0.3080049,0.0,0.0,0.0,0.0,0.0,0.0,6.8265653,7.5941863,0.10966015,0.0,0.0,0.0,0.0,0.0,0.0
120113105,7.394445,-8.270083,-2.2377896,0.0,0.0,0.0,0.0,0.0,0.0,740.594,490.71216,-35.697407,0.0,0.0,0.0,0.0,0.0,0.0
121693105,20.838417,13.145737,-1.0989543,0.0,0.0,0.0,0.0,0.0,0.0,2.5795827,1.0966138,-0.2118527,0.0,0.0,0.0,0.0,0.0,0.0
123164105,4.48268,3.1087232,-0.19627953,0.0,0.0,0.0,0.0,0.0,0.0,9.238508,9.091923,-0.02094078,0.0,0.0,0.0,0.0,0.0,0.0
12476P203,-2.3178873,-3.777701,-0.2085448,0.0,0.0,0.0,0.0,0.0,0.0,54.830456,60.48182,0.80733764,0.0,0.0,0.0,0.0,0.0,0.0
128787108,35.73078,27.168396,-1.2231979,-8.933594,NaN,NaN,0.0,0.0,0.0,51.867657,54.17898,0.3301893,14.337056,NaN,NaN,0.0,0.0,0.0
129915203,-0.2714779,0.10884149,0.05433134,-0.6925208,NaN,NaN,0.0,0.0,0.0,-87.801346,-53.734978,4.866624,-9.586747,NaN,NaN,0.0,0.0,0.0
140909102,3.2385094,4.282306,0.14911382,0.0,0.0,0.0,0.0,0.0,0.0,114.03365,91.61485,-3.2026858,0.0,0.0,0.0,0.0,0.0,0.0
140777103,NaN,0.7713099,NaN,0.0,0.0,0.0,0.0,0.0,0.0,NaN,15.369409,NaN,0.0,0.0,0.0,0.0,0.0,0.0
141602300,-2.5245776,-0.017149568,0.35820404,0.0,0.0,0.0,0.0,0.0,0.0,4.291314,13.400063,1.3012497,0.0,0.0,0.0,0.0,0.0,0.0
141649301,7.7024016,-1.3400326,-1.2917764,0.0,0.0,0.0,2.0007699,2.3632355,0.0517808,4.56204,2.2381406,-0.33198562,0.0,0.0,0.0,4.722705,6.446355,0.24623571
141706309,4.8757076,-2.890083,-1.1093987,0.0,0.0,0.0,0.0,0.0,0.0,2.6585226,3.3385286,0.09714372,0.0,0.0,0.0,0.0,0.0,0.0
143436400,13.195987,7.8927875,-0.7575999,9.443449,NaN,NaN,14.3417845,14.602901,0.037302427,1.964071,1.9796456,0.0022249392,2.2764995,NaN,NaN,35.38995,36.97686,0.22670147
111572103,41.2639,17.17552,-3.4411972,15.702599,14.580829,-0.18696165,31.409725,17.076704,-2.0475745,71.00709,72.22665,0.17422268,56.596996,56.754753,0.0262928,60.96076,98.88792,5.4181657
148710106,4.1284156,6.7253327,0.37098816,0.0,0.0,0.0,0.0,0.0,0.0,24.066484,25.425219,0.19410488,0.0,0.0,0.0,0.0,0.0,0.0
15115M101,-11.526364,-12.086859,-0.08007063,0.0,0.0,0.0,0.0,0.0,0.0,4.2729063,4.879952,0.08672081,0.0,0.0,0.0,0.0,0.0,0.0
125185108,-1.1013836,-2.8535788,-0.2503136,3.2067332,NaN,NaN,0.0,0.0,0.0,15.685223,14.229131,-0.20801313,11.446768,NaN,NaN,0.0,0.0,0.0
158496109,4.0659633,-4.9409,-1.2866946,0.0,0.0,0.0,0.0,0.0,0.0,-0.35257986,-1.5219278,-0.16704972,0.0,0.0,0.0,0.0,0.0,0.0
16115Q308,2.2292135,-0.12062257,-0.3356909,0.0,0.0,0.0,0.0,0.0,0.0,1.5887616,2.5969472,0.14402652,0.0,0.0,0.0,0.0,0.0,0.0
847807104,53.56513,107.21507,7.6642776,38.93354,9.195792,-2.9737747,9.161302,1.0283018,-1.161857,14.778533,14.926091,0.021079745,13.770755,26.683323,1.2912568,24.998747,31.889828,0.98444015
559079207,24.379889,20.955715,-0.48916763,0.0,0.0,0.0,21.593657,22.134775,0.07730266,2.5014086,2.4879317,-0.0019252641,0.0,0.0,0.0,1.6241372,2.8853445,0.18017247
163893209,NaN,10.187591,NaN,0.0,0.0,0.0,NaN,78.36645,NaN,NaN,204.24458,NaN,0.0,0.0,0.0,NaN,241.24371,NaN
165159104,12.732052,11.188484,-0.22050966,0.0,0.0,0.0,13.194034,8.776065,-0.6311384,119.658516,103.144646,-2.3591244,0.0,0.0,0.0,56.037655,39.585293,-2.3503375
168710101,-6.018031,-15.853423,-1.405056,0.0,0.0,0.0,0.0,0.0,0.0,53.02549,40.188297,-1.8338846,0.0,0.0,0.0,0.0,0.0,0.0
170032809,26.587069,23.389791,-0.45675388,0.0,0.0,0.0,9.925439,12.381313,0.3508392,7.581137,23.74232,2.3087404,0.0,0.0,0.0,15.024465,7.0899606,-1.1335006
12542A206,25.845877,NaN,NaN,0.0,0.0,0.0,0.0,0.0,0.0,4.470593,NaN,NaN,0.0,0.0,0.0,0.0,0.0,0.0
172585101,49.41359,44.28303,-0.73293686,5.76018,12.83965,0.58995587,NaN,48.42905,NaN,75.25539,92.313644,2.436894,126.58505,176.9838,4.1998954,NaN,203.88565,NaN
172737108,38.229424,-47.41486,-12.234899,0.0,0.0,0.0,0.0,0.0,0.0,89.79618,100.681206,1.5550035,0.0,0.0,0.0,0.0,0.0,0.0
180461105,-9.814965,NaN,NaN,0.0,0.0,0.0,0.0,0.0,0.0,-2.261063,NaN,NaN,0.0,0.0,0.0,0.0,0.0,0.0
182728204,10.492497,8.3825865,-0.30141586,0.0,0.0,0.0,0.0,0.0,0.0,32.46022,33.71313,0.17898723,0.0,0.0,0.0,0.0,0.0,0.0
192481208,0.18484943,-84.25848,-12.063333,0.0,0.0,0.0,0.0,0.0,0.0,19.004772,12.25646,-0.9640446,0.0,0.0,0.0,0.0,0.0,0.0
194830204,66.51702,45.945946,-2.938725,0.0,0.0,0.0,0.0,0.0,0.0,32.55419,36.1706,0.5166299,0.0,0.0,0.0,0.0,0.0,0.0
20452C104,1.0545906,NaN,NaN,0.0,0.0,0.0,0.0,0.0,0.0,1.4224406,NaN,NaN,0.0,0.0,0.0,0.0,0.0,0.0
206814105,5.126841,6.154911,0.14686714,0.0,0.0,0.0,0.0,0.0,0.0,2.4555736,2.4683437,0.0018243109,0.0,0.0,0.0,0.0,0.0,0.0
209232107,6.864858,-13.460294,-2.903593,0.0,0.0,0.0,0.0,0.0,0.0,10.48183,10.81921,0.048197202,0.0,0.0,0.0,0.0,0.0,0.0
21036U206,6.018893,5.175133,-0.12053708,3.5439258,NaN,NaN,NaN,7.3569546,NaN,12.129897,7.2938595,-0.69086254,2.90014,NaN,NaN,NaN,7.6311584,NaN
21099Y004,8.577244,3.786517,-0.68438953,20.8106,50.0477,2.436425,0.0,0.0,0.0,13.398515,7.4230723,-0.85363466,16.128288,19.170095,0.25348392,0.0,0.0,0.0
211496104,53.554806,77.53561,3.4258287,0.0,0.0,0.0,0.0,0.0,0.0,3.5678825,3.3953137,-0.024652686,0.0,0.0,0.0,0.0,0.0,0.0
211914403,-13.282153,-10.70736,0.36782756,0.0,0.0,0.0,0.0,0.0,0.0,7.40999,1.8567871,-0.79331464,0.0,0.0,0.0,0.0,0.0,0.0
216245100,4.4007587,-3.0733678,-0.93426585,-5.3275657,-1.8607825,0.49525473,-1.925926,NaN,NaN,33.210934,21.127775,-1.5103948,19.631035,18.122175,-0.21555138,20.396051,NaN,NaN
22161G103,-2.54167,-10.943321,-1.200236,0.0,0.0,0.0,0.0,0.0,0.0,19.004772,12.256457,-0.964045,0.0,0.0,0.0,0.0,0.0,0.0
222814204,-37.906475,-78.15536,-5.7498403,0.0,0.0,0.0,-11.948452,-8.457462,0.4987128,276.15958,179.09727,-13.866043,0.0,0.0,0.0,253.46255,331.94138,11.21126
228439105,7.256387,2.1491656,-0.7296031,0.0,0.0,0.0,0.0,0.0,0.0,14.66126,10.958089,-0.5290244,0.0,0.0,0.0,0.0,0.0,0.0
228622106,12.562934,NaN,NaN,0.0,0.0,0.0,0.0,0.0,0.0,79.50546,NaN,NaN,0.0,0.0,0.0,0.0,0.0,0.0
229241104,19.571718,8.443309,-1.3910512,0.0,0.0,0.0,5.0402446,2.5883865,-0.35026544,15.051881,7.249738,-0.9752678,0.0,0.0,0.0,11.138053,11.405537,0.03821196
126419100,-4.7282743,0.5961387,0.7606305,0.0,0.0,0.0,0.0,0.0,0.0,5.138611,6.0299983,0.12734106,0.0,0.0,0.0,0.0,0.0,0.0
23380G106,4.0594454,-1.08406,-0.73478645,0.0,0.0,0.0,0.0,0.0,0.0,17.012535,13.324262,-0.5268962,0.0,0.0,0.0,0.0,0.0,0.0
234050102,3.3601792,-2.0303109,-0.77007,0.0,0.0,0.0,0.0,0.0,0.0,5.605718,2.6357954,-0.42427468,0.0,0.0,0.0,0.0,0.0,0.0
234053106,5.5377326,0.052330494,-0.7836289,0.0,0.0,0.0,0.0,0.0,0.0,25.388523,23.498924,-0.2699427,0.0,0.0,0.0,0.0,0.0,0.0
235774106,11.413631,0.6942567,-1.5313393,0.0,0.0,0.0,0.0,0.0,0.0,2.6880922,1.9927877,-0.09932922,0.0,0.0,0.0,0.0,0.0,0.0
235825205,84.848885,21.930712,-8.988311,0.0,0.0,0.0,0.0,0.0,0.0,36.489353,36.54594,0.008083888,0.0,0.0,0.0,0.0,0.0,0.0
240028308,10.350468,7.7560654,-0.3706289,0.0,0.0,0.0,0.0,0.0,0.0,20.253403,32.30442,1.721574,0.0,0.0,0.0,0.0,0.0,0.0
233162502,1.7623287,-1.5419677,-0.47204235,0.0,0.0,0.0,0.57425386,1.1271517,0.07898541,3.8728626,9.522516,0.8070933,0.0,0.0,0.0,13.171131,16.18144,0.43004417
241209105,NaN,12.7231865,NaN,0.0,0.0,0.0,0.0,0.0,0.0,NaN,25.964474,NaN,0.0,0.0,0.0,0.0,0.0,0.0
243458106,13.56001,7.817218,-0.82039887,0.0,0.0,0.0,0.0,0.0,0.0,29.1794,20.233656,-1.2779634,0.0,0.0,0.0,0.0,0.0,0.0
247361702,57.777348,-146.54718,-29.189219,0.0,0.0,0.0,174.37746,120.649864,-7.67537,88.03392,88.31194,0.039717536,0.0,0.0,0.0,80.44618,33.632595,-6.6876554
255374100,-0.6642539,-1.4513146,-0.11243724,0.0,0.0,0.0,0.0,0.0,0.0,7.149246,11.34614,0.59955627,0.0,0.0,0.0,0.0,0.0,0.0
255402406,-23.939514,-22.448784,0.21296147,0.0,0.0,0.0,0.0,0.0,0.0,8.662153,13.313447,0.66447055,0.0,0.0,0.0,0.0,0.0,0.0
344822101,5.1878753,7.718141,0.36146656,5.105859,7.112283,0.33440408,4.882592,4.5902405,-0.04176453,0.8729846,0.763249,-0.015676515,1.0145298,0.7314162,-0.0471856,0.52608037,0.9051567,0.05415376
261528301,NaN,7.33506,NaN,0.0,0.0,0.0,0.0,0.0,0.0,NaN,23.661707,NaN,0.0,0.0,0.0,0.0,0.0,0.0
262175102,6.2410007,-0.44848692,-0.9556411,0.0,0.0,0.0,0.0,0.0,0.0,16.502316,28.27077,1.6812077,0.0,0.0,0.0,0.0,0.0,0.0
262497308,2.900906,1.9921217,-0.12982634,0.0,0.0,0.0,0.0,0.0,0.0,29.822237,37.66465,1.1203448,0.0,0.0,0.0,0.0,0.0,0.0
265903104,24.475487,NaN,NaN,0.0,0.0,0.0,0.0,0.0,0.0,36.648216,NaN,NaN,0.0,0.0,0.0,0.0,0.0,0.0
267575108,5.4818497,4.0035415,-0.21118689,0.0,0.0,0.0,0.0,0.0,0.0,2.199402,2.899814,0.10005883,0.0,0.0,0.0,0.0,0.0,0.0
269514204,4.453808,4.7934804,0.04852465,0.0,0.0,0.0,4.2015185,NaN,NaN,60.74985,70.741066,1.4273164,0.0,0.0,0.0,101.05965,NaN,NaN
269524104,3.0473907,NaN,NaN,0.0,0.0,0.0,0.0,0.0,0.0,36.517475,NaN,NaN,0.0,0.0,0.0,0.0,0.0,0.0
269803102,14.365306,14.89505,0.07567774,11.443194,NaN,NaN,0.0,0.0,0.0,34.005684,34.76487,0.108455114,22.433064,NaN,NaN,0.0,0.0,0.0
071625107,7.608949,5.7697983,-0.26273584,0.0,0.0,0.0,0.0,0.0,0.0,11.470589,9.127874,-0.33467346,0.0,0.0,0.0,0.0,0.0,0.0
279862106,5.8223734,-13.761254,-2.4479535,0.0,0.0,0.0,0.0,0.0,0.0,135.98373,30.375513,-13.201028,0.0,0.0,0.0,0.0,0.0,0.0
280875303,21.840893,9.716183,-1.7321014,4.1122713,4.9592648,0.12099906,-0.88698053,NaN,NaN,2.7149556,1.4011326,-0.18768899,13.405466,13.365329,-0.005733899,16.159523,NaN,NaN
281067306,12.706233,7.178904,-0.78961843,9.85806,NaN,NaN,5.872342,2.5054054,-0.48099095,13.663833,12.067243,-0.2280843,13.954288,NaN,NaN,13.253768,16.779408,0.50366277
26874E107,2.9707878,3.929233,0.13692077,0.0,0.0,0.0,0.0,0.0,0.0,37.247536,3.462567,-4.826424,0.0,0.0,0.0,0.0,0.0,0.0
29255U104,41.52178,13.6165695,-3.9864583,0.0,0.0,0.0,0.0,0.0,0.0,2.1104658,-0.38745236,-0.35684544,0.0,0.0,0.0,0.0,0.0,0.0
535763106,17.667223,4.7986565,-1.8383666,0.0,0.0,0.0,0.0,0.0,0.0,12.3069105,15.213493,0.41522613,0.0,0.0,0.0,0.0,0.0,0.0
57685E200,7.466788,-0.930131,-1.1995599,0.0,0.0,0.0,0.0,0.0,0.0,21.915388,28.630548,0.9593086,0.0,0.0,0.0,0.0,0.0,0.0
295866107,3.9988394,-9.997406,-1.9994637,-2.5920055,NaN,NaN,0.0,0.0,0.0,3.8042612,4.124081,0.045688562,3.507973,NaN,NaN,0.0,0.0,0.0
297862104,-17.398321,-27.661123,-1.4661146,0.0,0.0,0.0,0.0,0.0,0.0,-0.98081195,-3.4920022,-0.3587415,0.0,0.0,0.0,0.0,0.0,0.0
299209106,15.107047,17.800797,0.38482136,-0.8466072,NaN,NaN,0.0,0.0,0.0,5.2817397,6.94599,0.23775005,7.487222,NaN,NaN,0.0,0.0,0.0
300072105,-2.6569507,8.139746,1.5423852,0.0,0.0,0.0,0.0,0.0,0.0,17.379631,23.28943,0.84425706,0.0,0.0,0.0,0.0,0.0,0.0
302051206,32.30421,12.444723,-2.8370697,0.0,0.0,0.0,11.020607,12.89306,0.26749325,0.8578094,-0.09807714,-0.13655522,0.0,0.0,0.0,2.1117666,2.7838671,0.096014366
302088109,-4.12351,7.4087996,1.6474727,0.0,0.0,0.0,0.0,0.0,0.0,13.580829,8.522087,-0.72267735,0.0,0.0,0.0,0.0,0.0,0.0
302723101,6.344352,0.55132806,-0.8275748,-20.016851,NaN,NaN,0.0,0.0,0.0,44.777832,56.956696,1.7398376,43.523045,NaN,NaN,0.0,0.0,0.0
303698104,-6.359131,8.487859,2.1209986,0.0,0.0,0.0,0.0,0.0,0.0,13.2080145,14.017979,0.11570917,0.0,0.0,0.0,0.0,0.0,0.0
305560302,50.606632,31.164148,-2.7774978,0.0,0.0,0.0,0.0,0.0,0.0,564.6489,444.02756,-17.231625,0.0,0.0,0.0,0.0,0.0,0.0
306075102,3.391328,3.2606306,-0.01867107,0.0,0.0,0.0,0.0,0.0,0.0,76.48132,NaN,NaN,0.0,0.0,0.0,0.0,0.0,0.0
30701A106,7.283411,-5.0949435,-1.7683364,0.0,0.0,0.0,0.0,0.0,0.0,14.3007555,21.493896,1.0275916,0.0,0.0,0.0,0.0,0.0,0.0
313549404,147.29242,NaN,NaN,57.13193,NaN,NaN,96.7464,47.654125,-7.013182,40.95443,NaN,NaN,34.439026,NaN,NaN,12.16773,24.925756,1.8225752
315646109,8.726743,4.532184,-0.59922266,0.0,0.0,0.0,0.0,0.0,0.0,161.1515,85.22728,-10.846318,0.0,0.0,0.0,0.0,0.0,0.0
317832103,-0.97246325,-0.7304918,0.03456735,0.0,0.0,0.0,0.0,0.0,0.0,11.243225,13.162689,0.27420917,0.0,0.0,0.0,0.0,0.0,0.0
317884203,8.689285,NaN,NaN,0.0,0.0,0.0,0.0,0.0,0.0,15.694612,NaN,NaN,0.0,0.0,0.0,0.0,0.0,0.0
G3529X106,0.8936828,-3.0419202,-0.562229,0.0,0.0,0.0,0.0,0.0,0.0,182.71274,197.53792,2.117883,0.0,0.0,0.0,0.0,0.0,0.0
339099103,0.56815815,-18.476643,-2.7206857,0.0,0.0,0.0,0.0,0.0,0.0,4.147292,-2.9411964,-1.0126412,0.0,0.0,0.0,0.0,0.0,0.0
339130106,44.068462,74.06214,4.2848115,0.0,0.0,0.0,0.0,0.0,0.0,15.312762,19.65231,0.61993533,0.0,0.0,0.0,0.0,0.0,0.0
339756108,5.4800057,-8.151149,-1.9473078,0.0,0.0,0.0,0.0,0.0,0.0,9.974968,13.795387,0.54577416,0.0,0.0,0.0,0.0,0.0,0.0
34407T104,2.3377762,-41.904587,-6.320338,0.0,0.0,0.0,0.0,0.0,0.0,88.715454,94.41664,0.81445533,0.0,0.0,0.0,0.0,0.0,0.0
344123203,12.283121,NaN,NaN,0.0,0.0,0.0,0.0,0.0,0.0,0.4954169,NaN,NaN,0.0,0.0,0.0,0.0,0.0,0.0
344155205,-2.2909257,-5.4180984,-0.44673896,0.0,0.0,0.0,0.0,0.0,0.0,187.76477,230.77916,6.1449127,0.0,0.0,0.0,0.0,0.0,0.0
345206205,27.62956,-32.578445,-8.601144,0.0,0.0,0.0,37.8095,NaN,NaN,22.90035,10.900564,-1.7142552,0.0,0.0,0.0,55.19736,NaN,NaN
34659D104,4.213498,3.86207,-0.050204005,0.0,0.0,0.0,0.0,0.0,0.0,2.1529708,2.437691,0.04067431,0.0,0.0,0.0,0.0,0.0,0.0
349841304,-1.672843,-3.1956599,-0.21754527,-0.6541777,-3.1169116,-0.4925468,3.0948296,4.9847646,0.2699907,0.077401295,0.13812573,0.00867492,0.30930698,0.42664853,0.02346831,0.22401084,0.16251951,-0.008784475
302543103,0.05296755,15.382988,2.190003,0.0,0.0,0.0,0.0,0.0,0.0,0.86616135,2.1234336,0.17961033,0.0,0.0,0.0,0.0,0.0,0.0
358321206,3.3148003,2.0943818,-0.1743455,-16.714684,NaN,NaN,0.0,0.0,0.0,10.796502,14.494817,0.5283307,10.578628,NaN,NaN,0.0,0.0,0.0
358430106,-8.638949,-9.292282,-0.093333244,0.0,0.0,0.0,0.0,0.0,0.0,9.364728,11.242023,0.26818508,0.0,0.0,0.0,0.0,0.0,0.0
359059102,3.2750976,-2.489323,-0.82348865,0.0,0.0,0.0,0.0,0.0,0.0,123.19415,95.91836,-3.896542,0.0,0.0,0.0,0.0,0.0,0.0
359076106,6.0327454,NaN,NaN,0.0,0.0,0.0,0.0,0.0,0.0,19.8053,NaN,NaN,0.0,0.0,0.0,0.0,0.0,0.0
G3682L105,47.0549,3.655948,-6.1998506,0.0,0.0,0.0,0.0,0.0,0.0,1.1391081,1.0153308,-0.017682467,0.0,0.0,0.0,0.0,0.0,0.0
36352K103,17.01013,7.8596864,-1.3072063,0.0,0.0,0.0,0.0,0.0,0.0,2.7403307,1.9254075,-0.116417594,0.0,0.0,0.0,0.0,0.0,0.0
368145108,19.776375,16.86289,-0.41621208,0.0,0.0,0.0,10.674065,15.889715,0.7450929,23.04515,10.946441,-1.7283871,0.0,0.0,0.0,10.9019165,11.457412,0.07935647
36155Q109,-2.7033832,0.063183226,0.3952238,-0.89765644,NaN,NaN,0.0,0.0,0.0,2.411806,1.7772908,-0.09064504,1.9232479,NaN,NaN,0.0,0.0,0.0
370054207,-6.8892617,0.42031458,1.0442252,0.0,0.0,0.0,0.0,0.0,0.0,8.370088,9.751136,0.1972926,0.0,0.0,0.0,0.0,0.0,0.0
37045V100,591.787,-373.8318,-137.94554,NaN,2271.5232,NaN,1222.7587,1198.8701,-3.4126499,1819.3263,471.1693,-192.59386,NaN,775.52374,NaN,123.6581,181.23863,8.225791
64015Y104,32.77003,35.41211,0.37743977,0.0,0.0,0.0,30.077412,9.330753,-2.9638083,9.475109,21.17058,1.6707815,0.0,0.0,0.0,35.787086,26.865206,-1.2745544
372257105,13.768506,2.2402637,-1.6468917,0.0,0.0,0.0,-7.863259,NaN,NaN,36.045082,43.525227,1.0685921,0.0,0.0,0.0,14.842612,NaN,NaN
372282103,2.7134106,-5.009345,-1.1032507,0.0,0.0,0.0,0.0,0.0,0.0,10.530728,11.724565,0.17054804,0.0,0.0,0.0,0.0,0.0,0.0
37245X203,9.8506365,13.270544,0.48855823,0.0,0.0,0.0,0.0,0.0,0.0,32.337967,37.75378,0.77368766,0.0,0.0,0.0,0.0,0.0,0.0
37248E202,-116.01757,-54.89916,8.731202,0.0,0.0,0.0,0.0,0.0,0.0,7.251149,12.619041,0.76684177,0.0,0.0,0.0,0.0,0.0,0.0
373654102,-16.403278,-24.998804,-1.2279322,-16.193392,NaN,NaN,0.0,0.0,0.0,178.84413,192.14865,1.9006456,178.45412,NaN,NaN,0.0,0.0,0.0
G3930E101,29.699331,-9.495892,-5.599317,-3.2383263,0.5587091,0.31641963,4.2216983,14.65131,1.4899445,4.6249995,7.205086,0.36858383,1.3475714,4.900365,0.29606614,4.522322,5.0583806,0.07657977
37941P306,0.902657,NaN,NaN,0.0,0.0,0.0,0.0,0.0,0.0,35.195557,NaN,NaN,0.0,0.0,0.0,0.0,0.0,0.0
37936U104,1.6418833,3.6200874,0.28260058,0.0,0.0,0.0,0.0,0.0,0.0,244.3974,187.76498,-8.090345,0.0,0.0,0.0,0.0,0.0,0.0
64050T101,-9.052257,-9.116237,-0.009140015,0.0,0.0,0.0,0.0,0.0,0.0,12.379418,8.662153,-0.53103787,0.0,0.0,0.0,0.0,0.0,0.0
380804203,-2.1378086,-13.948277,-1.6872098,0.0,0.0,0.0,0.0,0.0,0.0,16.667475,15.443612,-0.17483751,0.0,0.0,0.0,0.0,0.0,0.0
383485109,10.702809,NaN,NaN,0.0,0.0,0.0,0.0,0.0,0.0,181.17003,NaN,NaN,0.0,0.0,0.0,0.0,0.0,0.0
384632105,0.89333075,NaN,NaN,0.0,0.0,0.0,0.0,0.0,0.0,8.185975,NaN,NaN,0.0,0.0,0.0,0.0,0.0,0.0
386532402,20.945349,12.6870985,-1.1797501,0.0,0.0,0.0,17.390198,6.609705,-1.5400704,49.961735,56.80986,0.9783036,0.0,0.0,0.0,72.12075,87.24202,2.1601813
390064103,28.339529,0.6284578,-3.9587245,0.0,0.0,0.0,19.440594,30.62212,1.5973608,127.5738,100.39293,-3.8829815,0.0,0.0,0.0,28.863335,28.068203,-0.11359024
36191C205,1.3454292,2.316619,0.13874139,0.0,0.0,0.0,0.0,0.0,0.0,20.621725,5.630225,-2.1416428,0.0,0.0,0.0,0.0,0.0,0.0
361942105,-8.740523,-7.9243712,0.11659316,0.0,0.0,0.0,0.0,0.0,0.0,352.33112,311.63318,-5.813991,0.0,0.0,0.0,0.0,0.0,0.0
401794201,4.948014,-3.3098752,-1.1796983,0.0,0.0,0.0,0.0,0.0,0.0,0.7160646,NaN,NaN,0.0,0.0,0.0,0.0,0.0,0.0
047620109,3.1305027,-9.284314,-1.7735453,-19.775166,NaN,NaN,0.0,0.0,0.0,20.284014,16.50901,-0.5392862,15.259065,NaN,NaN,0.0,0.0,0.0
404429102,0.10202464,-10.74362,-1.5493778,0.0,0.0,0.0,0.0,0.0,0.0,1.7036365,NaN,NaN,0.0,0.0,0.0,0.0,0.0,0.0
409900107,-3.2164145,NaN,NaN,0.0,0.0,0.0,0.0,0.0,0.0,30.564508,NaN,NaN,0.0,0.0,0.0,0.0,0.0,0.0
481165108,48.336056,-14.387478,-8.960505,-13.109402,NaN,NaN,-17.8252,9.827963,3.9504516,NaN,NaN,NaN,NaN,NaN,NaN,NaN,NaN,NaN
417119104,2.4495888,-0.11572805,-0.36647385,0.0,0.0,0.0,0.0,0.0,0.0,13.2080145,14.017984,0.11570998,0.0,0.0,0.0,0.0,0.0,0.0
417434503,10.667768,9.6229925,-0.14925358,0.0,0.0,0.0,3.5517197,NaN,NaN,1.6939535,2.9320526,0.1768713,0.0,0.0,0.0,3.0228071,NaN,NaN
419879101,4.9194074,-4.0036244,-1.2747189,-1.8417795,-0.9714574,0.09670245,4.099544,-2.7028093,-0.97176474,34.210503,31.368462,-0.40600586,68.10402,87.59863,2.166068,104.3812,118.21315,1.9759924
420781304,19.59883,13.732413,-0.8380594,0.0,0.0,0.0,20.577028,NaN,NaN,33.082687,8.230972,-3.550245,0.0,0.0,0.0,34.27263,NaN,NaN
670198100,-2.576887,0.6509598,0.46112093,0.0,0.0,0.0,0.70060605,-0.33254144,-0.1475925,57.666035,64.493546,0.97535866,0.0,0.0,0.0,39.290665,29.673857,-1.3738297
422660936,11.657122,NaN,NaN,0.0,0.0,0.0,0.0,0.0,0.0,69.03744,NaN,NaN,0.0,0.0,0.0,0.0,0.0,0.0
422893107,16.88621,27.055159,1.452707,0.0,0.0,0.0,0.0,0.0,0.0,5.0994277,6.2638025,0.16633926,0.0,0.0,0.0,0.0,0.0,0.0
430771105,3.8713515,4.321972,0.06437434,0.0,0.0,0.0,0.0,0.0,0.0,3.7206113,4.337103,0.08807022,0.0,0.0,0.0,0.0,0.0,0.0
431692102,NaN,13.318088,NaN,16.360477,22.17839,0.5817913,27.581812,19.482695,-1.1570168,NaN,38.99215,NaN,44.770706,43.099762,-0.16709442,56.956696,43.523045,-1.919093
441759107,3.8448715,6.20026,0.3364841,5.387236,-1.1437486,-0.9329978,0.26144105,NaN,NaN,2.048377,3.089319,0.14870599,7.2130456,10.107294,0.41346407,10.438205,NaN,NaN
404269201,NaN,1.9907924,NaN,-0.942268,1.5591117,0.50027597,-1.740727,NaN,NaN,NaN,52.57718,NaN,42.327606,25.265238,-3.4124737,19.57306,NaN,NaN
444356109,1.3766032,NaN,NaN,0.0,0.0,0.0,0.0,0.0,0.0,NaN,NaN,NaN,0.0,0.0,0.0,0.0,0.0,0.0
81169P101,16.392118,18.267525,0.2679152,0.0,0.0,0.0,NaN,19.152206,NaN,35.056927,30.395117,-0.6659728,0.0,0.0,0.0,NaN,44.527218,NaN
868447103,187.66148,146.02972,-5.9473944,0.0,0.0,0.0,NaN,7.9966908,NaN,134.3921,201.75534,9.62332,0.0,0.0,0.0,NaN,50.529198,NaN
45255G101,7.462952,12.382018,0.7027237,0.0,0.0,0.0,0.0,0.0,0.0,13.427494,15.363233,0.27653408,0.0,0.0,0.0,0.0,0.0,0.0
453096208,9.04,-3.0550306,-1.7278615,0.0,0.0,0.0,NaN,5.11326,NaN,42.38859,54.1156,1.675287,0.0,0.0,0.0,NaN,66.259964,NaN
45321T202,3.1546195,3.6316345,0.068145,0.0,0.0,0.0,0.0,0.0,0.0,4.515023,4.643049,0.018289361,0.0,0.0,0.0,0.0,0.0,0.0
45772G105,-11.095116,-8.775907,0.33131558,0.0,0.0,0.0,0.0,0.0,0.0,16.811966,10.484355,-0.90394443,0.0,0.0,0.0,0.0,0.0,0.0
45812C106,104.07267,70.27159,-4.8287253,0.0,0.0,0.0,0.0,0.0,0.0,18.793547,15.588766,-0.4578258,0.0,0.0,0.0,0.0,0.0,0.0
459004404,2.7232244,1.934607,-0.112659626,-0.85131556,NaN,NaN,0.0,0.0,0.0,5.7995863,11.130014,0.76148975,6.036958,NaN,NaN,0.0,0.0,0.0
45950T101,5.9659886,-2.136083,-1.1574389,0.0,0.0,0.0,0.0,0.0,0.0,12.447068,6.9412985,-0.78653854,0.0,0.0,0.0,0.0,0.0,0.0
46072H108,25.356174,8.261951,-2.4420319,0.0,0.0,0.0,0.0,0.0,0.0,7.3905644,9.087791,0.242461,0.0,0.0,0.0,0.0,0.0,0.0
45031T872,6.037575,7.206946,0.16705301,8.02443,NaN,NaN,NaN,10.531076,NaN,182.71274,197.53786,2.1178741,222.58809,NaN,NaN,NaN,349.0394,NaN
469834105,4.0713825,-3.3723233,-1.0633866,0.0,0.0,0.0,0.0,0.0,0.0,186.61317,175.88945,-1.5319606,0.0,0.0,0.0,0.0,0.0,0.0
470737107,2.8939598,0.24972801,-0.3777474,-1.3294418,0.15899974,0.2976883,0.0,0.0,0.0,44.49781,44.23942,-0.036912646,52.24844,54.973324,0.54497683,0.0,0.0,0.0
46611Q403,-4.1068416,-8.174993,-0.5811644,0.0,0.0,0.0,0.0,0.0,0.0,19.603415,25.382746,0.82561874,0.0,0.0,0.0,0.0,0.0,0.0
477066203,2.278446,NaN,NaN,0.0,0.0,0.0,0.0,0.0,0.0,1.1448824,NaN,NaN,0.0,0.0,0.0,0.0,0.0,0.0
481138105,11.195633,NaN,NaN,0.0,0.0,0.0,0.0,0.0,0.0,61.26342,NaN,NaN,0.0,0.0,0.0,0.0,0.0,0.0
481386100,5.2864137,-2.3273041,-1.087674,0.0,0.0,0.0,0.0,0.0,0.0,10.438205,14.611184,0.5961399,0.0,0.0,0.0,0.0,0.0,0.0
48213P106,7.8955975,0.76476353,-1.0186906,0.0,0.0,0.0,0.0,0.0,0.0,17.35287,13.180687,-0.5960263,0.0,0.0,0.0,0.0,0.0,0.0
483007704,NaN,-15.674157,NaN,0.0,0.0,0.0,14.785608,22.309883,1.0748965,NaN,128.29868,NaN,0.0,0.0,0.0,233.47469,157.15794,-10.902391
485808109,3.8186035,NaN,NaN,0.0,0.0,0.0,0.0,0.0,0.0,41.11296,NaN,NaN,0.0,0.0,0.0,0.0,0.0,0.0
482434206,1.0607678,15.184117,2.0176213,18.518082,NaN,NaN,15.449069,11.262234,-0.5981193,10.900564,26.219032,2.1883526,41.627354,NaN,NaN,43.670185,65.5753,3.1293025
482455102,NaN,-4.501817,NaN,0.0,0.0,0.0,0.0,0.0,0.0,NaN,52.577164,NaN,0.0,0.0,0.0,0.0,0.0,0.0
488035106,8.690019,1.8206158,-0.98134327,0.0,0.0,0.0,0.0,0.0,0.0,4.1352262,2.895588,-0.1770912,0.0,0.0,0.0,0.0,0.0,0.0
492716105,1.2513107,1.0685343,-0.026110921,0.0,0.0,0.0,0.0,0.0,0.0,1.3090844,3.367267,0.29402608,0.0,0.0,0.0,0.0,0.0,0.0
494521305,7.815588,10.320807,0.3578885,0.0,0.0,0.0,11.156734,12.456425,0.18567003,0.11758602,0.11946871,2.6895638E-4,0.0,0.0,0.0,0.5218219,0.95072746,0.061272223
498326206,17.834766,20.578789,0.3920032,0.0,0.0,0.0,0.0,0.0,0.0,10.509464,12.655235,0.30653873,0.0,0.0,0.0,0.0,0.0,0.0
812350106,308.22955,7.8805823,-42.906994,-153.55621,NaN,NaN,84.24033,148.75774,9.216772,26.781187,24.475597,-0.32936996,23.354683,NaN,NaN,89.56085,68.06981,-3.070149
500453204,3.7081578,0.24943717,-0.49410295,0.0,0.0,0.0,11.021679,16.010887,0.71274406,20.235332,11.630405,-1.2292753,0.0,0.0,0.0,20.707764,17.875038,-0.40467507
505606103,2.4973598,-4.0387044,-0.93372345,0.0,0.0,0.0,0.0,0.0,0.0,34.175392,39.78567,0.80146843,0.0,0.0,0.0,0.0,0.0,0.0
521863308,-49.276226,-14.06115,5.030725,0.0,0.0,0.0,NaN,34.195023,NaN,417.34854,500.87738,11.932692,0.0,0.0,0.0,NaN,556.4793,NaN
521865204,120.517204,41.587643,-11.275652,0.0,0.0,0.0,NaN,133.82457,NaN,62.087456,61.98426,-0.01474217,0.0,0.0,0.0,NaN,35.766785,NaN
521098202,38.297665,NaN,NaN,0.0,0.0,0.0,0.0,0.0,0.0,2.7063313,NaN,NaN,0.0,0.0,0.0,0.0,0.0,0.0
526262100,0.050106686,-4.6019974,-0.66458625,0.0,0.0,0.0,0.0,0.0,0.0,NaN,NaN,NaN,0.0,0.0,0.0,0.0,0.0,0.0
B5628B104,13.713458,22.676361,1.2804147,0.0,0.0,0.0,0.0,0.0,0.0,6.160023,6.393133,0.03330142,0.0,0.0,0.0,0.0,0.0,0.0
527016109,12.332001,-17.834763,-4.3095374,-4.520932,6.6745086,0.699715,1.1843104,1.245092,0.008683085,36.84264,29.64559,-1.02815,22.305817,21.709076,-0.037296295,23.81257,29.763708,0.8501625
527482103,5.402413,7.4205337,0.28830296,0.0,0.0,0.0,0.0,0.0,0.0,4.7696767,4.4047227,-0.052136283,0.0,0.0,0.0,0.0,0.0,0.0
536257108,-3.3912847,1.2458982,0.6624547,-6.593952,NaN,NaN,0.0,0.0,0.0,46.53855,53.02549,0.9267055,38.24379,NaN,NaN,0.0,0.0,0.0
538032400,25.357239,14.866166,-1.4987247,0.0,0.0,0.0,9.52268,7.959239,-0.22334875,5.587484,5.658309,0.010117872,0.0,0.0,0.0,6.6382604,6.8651996,0.032419886
54021P403,-3.3641293,12.822224,2.3123362,0.0,0.0,0.0,7.2312636,9.075897,0.26351908,19.687595,28.055397,1.1954002,0.0,0.0,0.0,17.561419,30.994192,1.9189676
014383103,40.057354,17.300581,-3.2509675,19.012026,NaN,NaN,17.404623,17.442966,0.005477633,14.192874,19.055979,0.69472927,20.976168,NaN,NaN,8.2565155,11.994625,0.53401566
540423100,25.583809,13.523166,-1.722949,0.0,0.0,0.0,0.0,0.0,0.0,2.106685,1.8927842,-0.030557241,0.0,0.0,0.0,0.0,0.0,0.0
542290408,-5.5664,0.1690615,0.8193517,-2.283264,0.37176996,0.20423338,NaN,17.157288,NaN,18.686499,27.668068,1.2830813,27.098753,19.840023,-0.55836385,NaN,24.12722,NaN
543881106,30.789696,-28.909256,-8.528421,0.0,0.0,0.0,8.307096,NaN,NaN,16.394756,27.666578,1.6102602,0.0,0.0,0.0,52.884212,NaN,NaN
501921100,33.49358,43.674816,1.4544623,139.89166,7.668724,-4.8971457,49.7354,86.28378,5.2211976,50.87576,46.218822,-0.66527665,14.162545,9.883045,-0.1585,18.562267,34.714466,2.307457
552078107,359.4077,NaN,NaN,0.0,0.0,0.0,0.0,0.0,0.0,34.804447,NaN,NaN,0.0,0.0,0.0,0.0,0.0,0.0
559211305,1.4749187,-4.4033833,-0.83975744,0.0,0.0,0.0,0.0,0.0,0.0,19.446936,19.280573,-0.02376611,0.0,0.0,0.0,0.0,0.0,0.0
566244109,NaN,-5.844626,NaN,0.0,0.0,0.0,0.0,0.0,0.0,NaN,1.7080476,NaN,0.0,0.0,0.0,0.0,0.0,0.0
568695209,NaN,1.6819559,NaN,-0.09561886,NaN,NaN,0.0,0.0,0.0,NaN,18.54496,NaN,15.761506,NaN,NaN,0.0,0.0,0.0
573913100,11.369441,8.858634,-0.35868672,-48.564137,NaN,NaN,-9.548341,NaN,NaN,13.498863,9.70466,-0.54202896,8.032807,NaN,NaN,17.787937,NaN,NaN
582266706,0.3937638,-2.4918032,-0.41222385,0.0,0.0,0.0,0.0,0.0,0.0,336.2806,392.09705,7.973777,0.0,0.0,0.0,0.0,0.0,0.0
55270M108,12.590506,5.1247206,-1.0665407,0.0,0.0,0.0,0.0,0.0,0.0,7.1650467,7.128433,-0.005230495,0.0,0.0,0.0,0.0,0.0,0.0
58461Q409,4.2592793,NaN,NaN,0.0,0.0,0.0,0.0,0.0,0.0,3.7865713,NaN,NaN,0.0,0.0,0.0,0.0,0.0,0.0
584951107,1.7942686,-4.080154,-0.83920324,0.0,0.0,0.0,0.0,0.0,0.0,44.52153,41.226467,-0.4707233,0.0,0.0,0.0,0.0,0.0,0.0
590436101,8.987231,5.853185,-0.44772086,-1.538835,NaN,NaN,0.0,0.0,0.0,10.5083685,10.86278,0.05063016,16.3349,NaN,NaN,0.0,0.0,0.0
590479101,1.1190115,12.547032,1.6325743,0.0,0.0,0.0,0.0,0.0,0.0,33.909695,50.53898,2.375612,0.0,0.0,0.0,0.0,0.0,0.0
591324207,20.910103,3.9456139,-2.4234984,0.0,0.0,0.0,3.0646486,29.529327,3.7806685,15.63699,6.6185675,-1.288346,0.0,0.0,0.0,6.081548,20.295517,2.030567
591596101,-12.006249,-51.510925,-5.643525,0.0,0.0,0.0,0.0,0.0,0.0,-0.03717924,-0.5143411,-0.06816598,0.0,0.0,0.0,0.0,0.0,0.0
00374N107,-23.180834,-30.052214,-0.9816257,0.0,0.0,0.0,0.0,0.0,0.0,4.515023,4.6430483,0.018289294,0.0,0.0,0.0,0.0,0.0,0.0
552813107,7.287086,3.9983947,-0.46981305,0.0,0.0,0.0,0.0,0.0,0.0,15.821819,16.92672,0.1578429,0.0,0.0,0.0,0.0,0.0,0.0
598126100,1.6757592,-2.86026,-0.64800274,0.0,0.0,0.0,0.0,0.0,0.0,93.433235,82.18914,-1.6062993,0.0,0.0,0.0,0.0,0.0,0.0
598130102,6.387701,-11.601928,-2.5699468,-9.755966,NaN,NaN,0.0,0.0,0.0,34.520744,45.258537,1.5339705,38.8677,NaN,NaN,0.0,0.0,0.0
598709301,3.3675873,NaN,NaN,0.0,0.0,0.0,0.0,0.0,0.0,41.65638,NaN,NaN,0.0,0.0,0.0,0.0,0.0,0.0
603669102,8.225062,NaN,NaN,0.0,0.0,0.0,0.0,0.0,0.0,3.4175055,NaN,NaN,0.0,0.0,0.0,0.0,0.0,0.0
605288208,-0.47926202,3.5806534,0.57998794,0.0,0.0,0.0,0.0,0.0,0.0,11.59465,31.21616,2.8030727,0.0,0.0,0.0,0.0,0.0,0.0
553100108,3.9963667,-2.5301235,-0.93235576,-3.7388475,NaN,NaN,0.0,0.0,0.0,-2.5342586,-0.38308707,0.3073102,0.21850893,NaN,NaN,0.0,0.0,0.0
607415106,9.930022,25.931005,2.2858548,0.0,0.0,0.0,0.0,0.0,0.0,137.64116,168.15387,4.3589587,0.0,0.0,0.0,0.0,0.0,0.0
60886R103,6.463432,-7.0038133,-1.9238921,0.0,0.0,0.0,0.0,0.0,0.0,1733.254,1358.3547,-53.55704,0.0,0.0,0.0,0.0,0.0,0.0
618447106,NaN,6.3156734,NaN,0.0,0.0,0.0,0.0,0.0,0.0,NaN,2.0183568,NaN,0.0,0.0,0.0,0.0,0.0,0.0
624581203,63.887203,54.913586,-1.2819453,0.0,0.0,0.0,0.0,0.0,0.0,66.529655,67.92826,0.19980076,0.0,0.0,0.0,0.0,0.0,0.0
553166109,-1.6993593,-2.7780778,-0.15410265,0.0,0.0,0.0,0.0,0.0,0.0,16.9036,22.902365,0.8569663,0.0,0.0,0.0,0.0,0.0,0.0
62473L309,-27.280207,-15.572631,1.6725109,0.0,0.0,0.0,NaN,1.3525918,NaN,182.71274,197.53786,2.1178741,0.0,0.0,0.0,NaN,336.28067,NaN
635570500,NaN,5.7874074,NaN,-3.7536764,NaN,NaN,8.312152,5.3996973,-0.41606495,NaN,150.77498,NaN,124.51369,NaN,NaN,236.1093,186.94667,-7.0232325
635812209,5.6439686,-25.145975,-4.3985634,0.0,0.0,0.0,0.0,0.0,0.0,24.193415,16.660519,-1.076128,0.0,0.0,0.0,0.0,0.0,0.0
640820106,21.568108,24.76544,0.45676178,0.0,0.0,0.0,0.0,0.0,0.0,75.81186,108.45728,4.663632,0.0,0.0,0.0,0.0,0.0,0.0
638588103,24.086456,11.984517,-1.7288485,0.0,0.0,0.0,0.0,0.0,0.0,58.601166,65.34896,0.9639707,0.0,0.0,0.0,0.0,0.0,0.0
64122D506,-8.3894415,-1.3846763,1.0006807,0.0,0.0,0.0,0.0,0.0,0.0,178.69789,208.60275,4.272123,0.0,0.0,0.0,0.0,0.0,0.0
641881107,3.3662577,-0.90073997,-0.6095711,0.0,0.0,0.0,0.0,0.0,0.0,19.929302,15.459053,-0.638607,0.0,0.0,0.0,0.0,0.0,0.0
655053106,6.321926,2.218125,-0.5862573,0.0,0.0,0.0,0.0,0.0,0.0,9.87031,6.1173754,-0.53613347,0.0,0.0,0.0,0.0,0.0,0.0
656568508,57.26958,269.7878,30.359747,0.0,0.0,0.0,NaN,85.29248,NaN,6.7227488,10.097861,0.48215893,0.0,0.0,0.0,NaN,1.7302548,NaN
666610100,-22.456474,-52.37366,-4.273884,0.0,0.0,0.0,0.0,0.0,0.0,0.7407069,6.233655,0.7847069,0.0,0.0,0.0,0.0,0.0,0.0
667280408,81.330574,-51.053345,-18.911987,0.0,0.0,0.0,130.62636,NaN,NaN,88.03392,88.31192,0.03971427,0.0,0.0,0.0,80.44618,NaN,NaN
668367204,-1.152229,NaN,NaN,0.0,0.0,0.0,0.0,0.0,0.0,50.875763,NaN,NaN,0.0,0.0,0.0,0.0,0.0,0.0
67019U101,1.3617378,13.466306,1.729224,0.0,0.0,0.0,0.0,0.0,0.0,356.8086,506.90424,21.442234,0.0,0.0,0.0,0.0,0.0,0.0
69367F108,46.55546,-6.8541965,-7.6299515,0.0,0.0,0.0,0.0,0.0,0.0,182.71274,197.53792,2.117883,0.0,0.0,0.0,0.0,0.0,0.0
669935108,-4.1623034,-3.1986542,0.13766418,0.0,0.0,0.0,0.0,0.0,0.0,39.42544,44.809834,0.76919883,0.0,0.0,0.0,0.0,0.0,0.0
62944T105,-46.109562,-2.141555,6.2811437,0.0,0.0,0.0,NaN,9.619294,NaN,5.8069606,6.3274136,0.074350424,0.0,0.0,0.0,NaN,4.047093,NaN
674098207,-3.1920493,-23.0446,-2.8360786,0.0,0.0,0.0,0.0,0.0,0.0,10.111505,8.82929,-0.18317345,0.0,0.0,0.0,0.0,0.0,0.0
67083Q101,8.310371,NaN,NaN,0.0,0.0,0.0,0.0,0.0,0.0,1.3643014,NaN,NaN,0.0,0.0,0.0,0.0,0.0,0.0
677007205,10.531983,8.734238,-0.25682083,0.0,0.0,0.0,0.0,0.0,0.0,17.233606,10.154619,-1.0112839,0.0,0.0,0.0,0.0,0.0,0.0
682505102,1.1587301,NaN,NaN,0.0,0.0,0.0,0.0,0.0,0.0,NaN,NaN,NaN,0.0,0.0,0.0,0.0,0.0,0.0
686285503,63.87167,81.11367,2.4631429,36.116177,NaN,NaN,23.92796,26.358482,0.34721756,48.898415,41.817387,-1.0115755,22.084118,NaN,NaN,29.190273,28.074587,-0.15938377
686588104,-10.424102,NaN,NaN,0.0,0.0,0.0,0.0,0.0,0.0,-73.01037,NaN,NaN,0.0,0.0,0.0,0.0,0.0,0.0
690020102,NaN,-3.0490673,NaN,0.0,0.0,0.0,0.0,0.0,0.0,NaN,40.204178,NaN,0.0,0.0,0.0,0.0,0.0,0.0
690742101,94.11953,95.30859,0.1698663,75.197876,NaN,NaN,74.42089,70.2867,-0.59059906,1.5714333,2.221459,0.0928608,1.4894443,NaN,NaN,8.939832,8.282773,-0.09386553
694327107,5.695092,-10.144177,-2.2627528,0.0,0.0,0.0,0.0,0.0,0.0,368.24286,244.3974,-17.69221,0.0,0.0,0.0,0.0,0.0,0.0
695542100,41.181793,18.371897,-3.2585566,0.0,0.0,0.0,0.0,0.0,0.0,216.34834,258.71198,6.0519476,0.0,0.0,0.0,0.0,0.0,0.0
696639103,-3.1281412,-2.088093,0.1485783,0.0,0.0,0.0,0.0,0.0,0.0,-2.4722536,-7.1541495,-0.6688423,0.0,0.0,0.0,0.0,0.0,0.0
697757102,-9.019689,-33.396824,-3.482448,-126.92918,NaN,NaN,0.0,0.0,0.0,34.520744,45.258537,1.5339705,38.8677,NaN,NaN,0.0,0.0,0.0
698891108,10.471805,-0.14111876,-1.516132,0.0,0.0,0.0,0.0,0.0,0.0,85.14942,77.90794,-1.0344969,0.0,0.0,0.0,0.0,0.0,0.0
69912K206,15.317665,9.7714815,-0.79231197,9.02805,NaN,NaN,0.0,0.0,0.0,18.22535,21.77704,0.5073844,22.489141,NaN,NaN,0.0,0.0,0.0
704378405,21.380966,18.653978,-0.3895697,0.0,0.0,0.0,0.0,0.0,0.0,41.53656,56.124332,2.0839674,0.0,0.0,0.0,0.0,0.0,0.0
70556K106,4.5502677,-136.15797,-20.101177,0.0,0.0,0.0,0.0,0.0,0.0,4.979422,3.040325,-0.27701387,0.0,0.0,0.0,0.0,0.0,0.0
707832309,13.85581,10.463138,-0.4846675,0.0,0.0,0.0,1.7561076,11.359816,1.3719584,103.219536,94.95448,-1.1807219,0.0,0.0,0.0,75.13918,102.45513,3.9022784
709620108,4.0494113,4.1054273,0.008002281,0.0,0.0,0.0,0.0,0.0,0.0,3.9225311,1.445794,-0.35381958,0.0,0.0,0.0,0.0,0.0,0.0
716769203,0.22311558,NaN,NaN,0.0,0.0,0.0,2.4897792,NaN,NaN,7.1449075,NaN,NaN,0.0,0.0,0.0,8.047017,NaN,NaN
717113203,4.515207,0.99057245,-0.5035192,0.0,0.0,0.0,0.0,0.0,0.0,24.669247,32.974045,1.1863997,0.0,0.0,0.0,0.0,0.0,0.0
719151102,6.3073654,-4.3059497,-1.5161879,0.0,0.0,0.0,0.0,0.0,0.0,46.317226,12.124574,-4.884665,0.0,0.0,0.0,0.0,0.0,0.0
72147K108,43.670116,-53.983433,-13.950507,0.0,0.0,0.0,NaN,67.41986,NaN,8.337763,5.156825,-0.45441967,0.0,0.0,0.0,NaN,6.1475015,NaN
721506103,29.496923,NaN,NaN,0.0,0.0,0.0,0.0,0.0,0.0,0.77433366,NaN,NaN,0.0,0.0,0.0,0.0,0.0,0.0
723643300,2.3759415,3.4981549,0.1603162,0.0,0.0,0.0,0.0,0.0,0.0,38.995953,34.681873,-0.61629707,0.0,0.0,0.0,0.0,0.0,0.0
72702Q102,4.8573422,-8.526846,-1.9120268,0.0,0.0,0.0,0.0,0.0,0.0,12.569444,16.369446,0.54285747,0.0,0.0,0.0,0.0,0.0,0.0
731095105,36.044598,-15.806756,-7.407336,0.0,0.0,0.0,0.0,0.0,0.0,59.973114,65.03636,0.7233211,0.0,0.0,0.0,0.0,0.0,0.0
731745204,22.797058,14.266604,-1.2186363,0.0,0.0,0.0,0.0,0.0,0.0,-1.1829963,3.7789307,0.7088467,0.0,0.0,0.0,0.0,0.0,0.0
732827100,0.87417984,-12.5743475,-1.9212182,0.0,0.0,0.0,0.0,0.0,0.0,47.60504,54.6906,1.0122229,0.0,0.0,0.0,0.0,0.0,0.0
741016307,3.0852087,NaN,NaN,0.0,0.0,0.0,0.0,0.0,0.0,16.77939,NaN,NaN,0.0,0.0,0.0,0.0,0.0,0.0
741917108,35.33916,26.213135,-1.303718,NaN,0.2514706,NaN,5.2097006,5.5526314,0.04899011,10.179261,7.149244,-0.43285963,NaN,10.208634,NaN,13.452783,14.626045,0.16760895
74342L105,7.035009,-8.21506,-2.1785812,0.0,0.0,0.0,0.0,0.0,0.0,2.321557,2.0314913,-0.041437965,0.0,0.0,0.0,0.0,0.0,0.0
74437C101,-12.645747,-88.621155,-10.85363,0.0,0.0,0.0,0.0,0.0,0.0,16.714176,10.42215,-0.89886093,0.0,0.0,0.0,0.0,0.0,0.0
749361200,-20.287209,2.6017246,3.2698476,0.0,0.0,0.0,9.726688,NaN,NaN,88.34974,109.782906,3.0618808,0.0,0.0,0.0,126.6889,NaN,NaN
749412102,-0.86321497,-12.638766,-1.6822215,0.0,0.0,0.0,0.0,0.0,0.0,34.051003,21.798153,-1.7504071,0.0,0.0,0.0,0.0,0.0,0.0
756285102,0.59425634,-0.74063176,-0.1906983,0.0,0.0,0.0,0.0,0.0,0.0,5.4621162,2.087648,-0.4820669,0.0,0.0,0.0,0.0,0.0,0.0
757209507,-13.268387,-3.5344713,1.3905593,0.0,0.0,0.0,-4.425698,-0.11914608,0.6152217,-0.42139423,10.659127,1.5829316,0.0,0.0,0.0,16.650732,14.34398,-0.32953602
398189100,9.4712515,5.877667,-0.5133692,0.0,0.0,0.0,8.635085,4.969508,-0.52365386,13.87023,11.222389,-0.37826294,0.0,0.0,0.0,10.563677,9.141028,-0.20323549
761406107,NaN,-0.7859162,NaN,1.7029206,13.266941,1.0512745,5.8087144,NaN,NaN,NaN,110.77983,NaN,83.437645,76.03198,-0.67324203,76.047806,NaN,NaN
74957T104,0.8821165,-5.405276,-0.8981989,0.0,0.0,0.0,0.0,0.0,0.0,23.664667,20.800104,-0.4092233,0.0,0.0,0.0,0.0,0.0,0.0
762430205,-43.72585,-73.696045,-4.2814565,0.0,0.0,0.0,0.0,0.0,0.0,13.580829,8.522096,-0.72267616,0.0,0.0,0.0,0.0,0.0,0.0
779088103,-11.221718,NaN,NaN,0.0,0.0,0.0,0.0,0.0,0.0,26.964293,NaN,NaN,0.0,0.0,0.0,0.0,0.0,0.0
G7702U102,-3.1160583,-24.567892,-3.0645478,0.0,0.0,0.0,0.0,0.0,0.0,354.92853,178.69789,-25.175806,0.0,0.0,0.0,0.0,0.0,0.0
794004200,1.4144753,3.6458569,0.31876877,-6.1755195,5.3941836,0.88997716,4.203075,2.8606665,-0.19177262,6.927184,9.735693,0.40121555,2.4649386,3.9321203,0.11286013,5.834059,6.016617,0.026079724
795872100,NaN,2.6773365,NaN,0.0,0.0,0.0,0.0,0.0,0.0,NaN,16.970007,NaN,0.0,0.0,0.0,0.0,0.0,0.0
811371707,15.135844,NaN,NaN,0.0,0.0,0.0,0.0,0.0,0.0,205.305,NaN,NaN,0.0,0.0,0.0,0.0,0.0,0.0
816074405,10.235312,7.854305,-0.34014395,0.0,0.0,0.0,0.0,0.0,0.0,21.916416,12.653185,-1.3233187,0.0,0.0,0.0,0.0,0.0,0.0
817587108,-1.8953999,10.533969,1.7756242,-33.68337,NaN,NaN,0.0,0.0,0.0,137.44183,93.73197,-6.244266,57.92042,NaN,NaN,0.0,0.0,0.0
G80550109,-0.12993729,2.9764044,0.4437631,0.0,0.0,0.0,0.0,0.0,0.0,58.835445,43.176502,-2.236992,0.0,0.0,0.0,0.0,0.0,0.0
82967Y104,7.401671,9.473021,0.29590708,0.0,0.0,0.0,0.0,0.0,0.0,23.334522,18.223705,-0.7301167,0.0,0.0,0.0,0.0,0.0,0.0
83001A102,48.104736,30.176485,-2.5611787,0.0,0.0,0.0,NaN,56.37283,NaN,41.15597,41.747387,0.084487915,0.0,0.0,0.0,NaN,21.38017,NaN
434149100,-4.9487534,NaN,NaN,0.0,0.0,0.0,0.0,0.0,0.0,2.4201813,NaN,NaN,0.0,0.0,0.0,0.0,0.0,0.0
83169A100,-0.56524837,-10.766375,-1.4573038,0.0,0.0,0.0,0.0,0.0,0.0,5.339422,6.765004,0.20365456,0.0,0.0,0.0,0.0,0.0,0.0
832110100,25.85415,12.006713,-1.9782054,NaN,-1.2722092,NaN,NaN,8.492024,NaN,17.358715,13.2168255,-0.5916985,NaN,10.474756,NaN,NaN,20.785076,NaN
83272A104,88.28797,48.35066,-5.7053304,0.0,0.0,0.0,NaN,162.41353,NaN,121.08471,92.54043,-4.0777545,0.0,0.0,0.0,NaN,131.88907,NaN
83546Q109,-27.098724,-7.119552,2.8541675,0.0,0.0,0.0,0.0,0.0,0.0,1.3244919,25.198755,3.410609,0.0,0.0,0.0,0.0,0.0,0.0
836151209,13.138894,24.146996,1.5725859,0.0,0.0,0.0,0.0,0.0,0.0,1.4472369,3.4941838,0.292421,0.0,0.0,0.0,0.0,0.0,0.0
84649R200,31.639612,-1.5157572,-4.736481,-33.622787,NaN,NaN,NaN,14.972171,NaN,50.077843,49.809013,-0.038404193,21.672146,NaN,NaN,NaN,47.4723,NaN
84741Y103,NaN,9.969101,NaN,0.0,0.0,0.0,0.0,0.0,0.0,NaN,128.29868,NaN,0.0,0.0,0.0,0.0,0.0,0.0
84761M104,12.824579,16.116308,0.470247,0.0,0.0,0.0,28.657595,23.987875,-0.6671028,5.1386113,6.029998,0.12734093,0.0,0.0,0.0,21.006744,19.996958,-0.14425524
847607108,9.349505,1.7535161,-1.0851413,0.0,0.0,0.0,0.0,0.0,0.0,28.44835,30.395449,0.27815682,0.0,0.0,0.0,0.0,0.0,0.0
84763R101,44.384846,43.159134,-0.17510168,0.0,0.0,0.0,NaN,51.685825,NaN,3.0690343,5.0269847,0.2797072,0.0,0.0,0.0,NaN,2.9076443,NaN
848457107,-0.019777298,NaN,NaN,0.0,0.0,0.0,0.0,0.0,0.0,-1.1329148,NaN,NaN,0.0,0.0,0.0,0.0,0.0,0.0
85254C305,NaN,26.829542,NaN,0.0,0.0,0.0,17.2086,14.229874,-0.4255322,NaN,44.129078,NaN,0.0,0.0,0.0,30.362915,40.25579,1.413268
853156206,3.7006674,2.0444562,-0.23660159,0.004373178,-0.4784857,-0.09657178,-1.8634062,-1.4759036,0.05535751,2.7721243,23.812319,3.0057423,8.038871,6.6053987,-0.28669444,2.01519,3.804261,0.2555816
854923109,NaN,3.2766442,NaN,0.0,0.0,0.0,0.0,0.0,0.0,NaN,178.69789,NaN,0.0,0.0,0.0,0.0,0.0,0.0
85569E103,-2.6177692,-3.7475,-0.1613901,0.0,0.0,0.0,0.0,0.0,0.0,11.978143,7.251142,-0.6752858,0.0,0.0,0.0,0.0,0.0,0.0
857689103,76.353065,NaN,NaN,0.0,0.0,0.0,0.0,0.0,0.0,42.179943,NaN,NaN,0.0,0.0,0.0,0.0,0.0,0.0
861572105,NaN,16.993378,NaN,0.0,0.0,0.0,0.0,0.0,0.0,NaN,3.4304683,NaN,0.0,0.0,0.0,0.0,0.0,0.0
862111200,33.67351,2.2538977,-4.4885163,-6.94575,25.919504,3.2865252,26.421127,31.725,0.75769615,1.1279529,0.50040525,-0.08964967,1.2428836,4.3047924,0.30619088,4.616546,2.8130586,-0.25764108
86677E100,51.697613,-4.013609,-7.9587455,0.0,0.0,0.0,0.0,0.0,0.0,19.820585,14.278267,-0.7917598,0.0,0.0,0.0,0.0,0.0,0.0
866881105,-5.355527,-2.257582,0.44256356,0.0,0.0,0.0,0.0,0.0,0.0,7.7768283,15.43301,1.0937402,0.0,0.0,0.0,0.0,0.0,0.0
86688Q100,-5.049399,NaN,NaN,0.0,0.0,0.0,0.0,0.0,0.0,61.26342,NaN,NaN,0.0,0.0,0.0,0.0,0.0,0.0
87163L103,9.005933,NaN,NaN,0.0,0.0,0.0,0.0,0.0,0.0,52.454098,NaN,NaN,0.0,0.0,0.0,0.0,0.0,0.0
871839205,-2.8513129,-3.6181679,-0.109550714,0.0,0.0,0.0,0.0,0.0,0.0,6.140843,5.34996,-0.112983294,0.0,0.0,0.0,0.0,0.0,0.0
873452304,-8.058887,-9.7326355,-0.239107,0.6218609,-0.008057989,-0.07873987,0.22466068,-0.30170834,-0.07519557,28.860165,1.5621436,-3.8997173,23.903814,11.105297,-1.5998147,6.9733624,5.7816906,-0.17023884
879908101,3.1638176,1.2087111,-0.27930093,0.0,0.0,0.0,0.0,0.0,0.0,308.91415,289.88477,-2.7184842,0.0,0.0,0.0,0.0,0.0,0.0
87959Y103,-66.08478,-67.85517,-0.25291333,0.0,0.0,0.0,0.0,0.0,0.0,250.23831,310.11026,8.553136,0.0,0.0,0.0,0.0,0.0,0.0
87971Q104,-9.741276,-16.058298,-0.9024318,0.0,0.0,0.0,0.0,0.0,0.0,1.1915834,4.515024,0.47477725,0.0,0.0,0.0,0.0,0.0,0.0
881451108,-13.509625,-21.209938,-1.1000446,0.0,0.0,0.0,0.0,0.0,0.0,5.5093956,2.552475,-0.42241722,0.0,0.0,0.0,0.0,0.0,0.0
881694103,1675.7506,867.2363,-115.50204,852.99457,NaN,NaN,832.771,382.64117,-64.30426,605.93585,462.59506,-20.477255,424.88885,NaN,NaN,493.5312,486.10788,-1.0604727
882445109,NaN,0.15628192,NaN,-1.4793969,NaN,NaN,0.0,0.0,0.0,NaN,18.54498,NaN,13.968916,NaN,NaN,0.0,0.0,0.0
872424106,3.4985292,1.3165473,-0.31171173,0.974684,0.3226498,-0.08150427,0.756383,NaN,NaN,10.858407,12.78277,0.27490902,14.30335,10.882323,-0.4276284,13.543179,NaN,NaN
885184101,6.1563487,4.946432,-0.17284523,0.0,0.0,0.0,0.0,0.0,0.0,42.460815,51.163006,1.24317,0.0,0.0,0.0,0.0,0.0,0.0
889039103,2.5326955,-21.300966,-3.4048088,-4.5829787,2.635879,0.5552968,6.092131,0.65254843,-0.7770833,37.013664,10.434836,-3.7969754,7.5701404,2.2675793,-0.4078893,6.4651437,8.841023,0.3394114
889073201,6.847191,5.427445,-0.20282085,0.0,0.0,0.0,0.0,0.0,0.0,9.208948,2.168612,-1.0057623,0.0,0.0,0.0,0.0,0.0,0.0
872962105,36.233517,-177.0654,-30.471273,0.0,0.0,0.0,0.0,0.0,0.0,NaN,9.321677,NaN,0.0,0.0,0.0,0.0,0.0,0.0
891697104,12.4262,12.867095,0.06298501,0.0,0.0,0.0,0.0,0.0,0.0,104.32756,101.53778,-0.39853996,0.0,0.0,0.0,0.0,0.0,0.0
891707101,35.49856,29.162533,-0.905147,0.0,0.0,0.0,0.0,0.0,0.0,3.5644174,5.3302197,0.2522575,0.0,0.0,0.0,0.0,0.0,0.0
89299Y009,6.0920773,-14.781498,-2.9819393,-2.0754669,-0.95117795,0.18738149,0.0,0.0,0.0,NaN,NaN,NaN,NaN,NaN,NaN,0.0,0.0,0.0
892149105,4.7108803,-0.9500799,-0.8087086,0.0,0.0,0.0,0.0,0.0,0.0,16.030924,17.070185,0.14846584,0.0,0.0,0.0,0.0,0.0,0.0
89376N108,-0.78274846,0.90689,0.2413769,0.0,0.0,0.0,0.0,0.0,0.0,112.25659,110.615105,-0.23449816,0.0,0.0,0.0,0.0,0.0,0.0
893878108,2.4704397,1.3923893,-0.1540072,0.0,0.0,0.0,0.0,0.0,0.0,4.3285103,5.154958,0.11806393,0.0,0.0,0.0,0.0,0.0,0.0
894859107,-1.2411655,1.0262815,0.323921,0.0,0.0,0.0,0.0,0.0,0.0,7.1702704,9.005244,0.2621391,0.0,0.0,0.0,0.0,0.0,0.0
896106200,2.8659012,0.14482939,-0.38872454,0.0,0.0,0.0,12.088432,15.904573,0.54516304,47.006023,52.03259,0.7180808,0.0,0.0,0.0,26.605215,27.26391,0.09409932
896925203,3.8539412,3.6200094,-0.033418827,0.0,0.0,0.0,0.0,0.0,0.0,7.654911,8.796599,0.16309834,0.0,0.0,0.0,0.0,0.0,0.0
89816T103,15.756461,10.966954,-0.68421525,0.0,0.0,0.0,19.405016,14.622229,-0.6832553,49.815136,29.849894,-2.8521774,0.0,0.0,0.0,43.694416,47.19712,0.50038636
872918107,0.6134443,-7.199615,-1.1161513,0.0,0.0,0.0,0.0,0.0,0.0,17.379637,23.289436,0.84425706,0.0,0.0,0.0,0.0,0.0,0.0
899900104,2.2829444,-7.4341817,-1.3881608,0.0,0.0,0.0,0.0,0.0,0.0,1.656137,0.48200715,-0.16773283,0.0,0.0,0.0,0.0,0.0,0.0
901167106,0.21231969,-0.5419944,-0.107759155,0.0,0.0,0.0,0.0,0.0,0.0,87.597755,92.57827,0.7115021,0.0,0.0,0.0,0.0,0.0,0.0
87311M102,7.376808,6.823757,-0.07900728,0.0,0.0,0.0,0.0,0.0,0.0,116.31421,76.94258,-5.6245184,0.0,0.0,0.0,0.0,0.0,0.0
90334D109,5.221515,-2.609042,-1.118651,0.0,0.0,0.0,0.0,0.0,0.0,8.715488,11.400297,0.38354412,0.0,0.0,0.0,0.0,0.0,0.0
90333L201,5.2448506,-0.36517477,-0.8014322,0.0,0.0,0.0,0.0,0.0,0.0,12.940859,4.3424897,-1.2283385,0.0,0.0,0.0,0.0,0.0,0.0
90331T107,3.0299065,NaN,NaN,0.0,0.0,0.0,0.0,0.0,0.0,3.6422894,NaN,NaN,0.0,0.0,0.0,0.0,0.0,0.0
910047109,-20.178625,-192.2846,-24.586569,-343.1178,NaN,NaN,212.67467,243.14236,4.352528,54.226635,20.09274,-4.876271,63.805504,NaN,NaN,123.19415,95.91838,-3.896539
902646108,1.6163435,-21.486664,-3.3004298,0.0,0.0,0.0,0.0,0.0,0.0,4.7283344,4.889932,0.02308539,0.0,0.0,0.0,0.0,0.0,0.0
903849107,NaN,-1.9666983,NaN,0.0,0.0,0.0,0.0,0.0,0.0,NaN,31.796347,NaN,0.0,0.0,0.0,0.0,0.0,0.0
910858109,-5.3007298,-3.496249,0.25778297,-6.244804,NaN,NaN,NaN,-1.6031839,NaN,0.25385752,-0.35518783,-0.08700649,0.07682833,NaN,NaN,NaN,0.2846916,NaN
903293405,39.969646,30.747482,-1.3174521,0.0,0.0,0.0,49.168976,76.68919,3.9314597,4.9070525,9.533108,0.660865,0.0,0.0,0.0,10.570521,10.4003725,-0.024306979
917311805,-16.73076,-7.7461543,1.2835151,0.0,0.0,0.0,0.0,0.0,0.0,6.949295,8.084227,0.16213308,0.0,0.0,0.0,0.0,0.0,0.0
91972C106,-0.081618465,-5.326735,-0.7493024,0.0,0.0,0.0,0.0,0.0,0.0,NaN,NaN,NaN,0.0,0.0,0.0,0.0,0.0,0.0
919902106,NaN,7.6134095,NaN,0.0,0.0,0.0,0.0,0.0,0.0,NaN,44.777843,NaN,0.0,0.0,0.0,0.0,0.0,0.0
494580103,76.55971,-4.565243,-11.589279,0.0,0.0,0.0,27.52809,24.120508,-0.48679733,18.16443,13.676824,-0.6410867,0.0,0.0,0.0,18.640078,16.540476,-0.29994312
923275101,15.478389,-7.675497,-3.3076978,0.0,0.0,0.0,0.0,0.0,0.0,10.322076,18.138462,1.1166266,0.0,0.0,0.0,0.0,0.0,0.0
92335X100,-10.070659,-9.084049,0.14094421,0.0,0.0,0.0,0.0,0.0,0.0,178.69792,208.60289,4.272138,0.0,0.0,0.0,0.0,0.0,0.0
92336G106,10.486282,-12.911449,-3.342533,0.0,0.0,0.0,0.0,0.0,0.0,35.091614,34.014416,-0.15388544,0.0,0.0,0.0,0.0,0.0,0.0
925492100,49.50678,8.112545,-5.913462,0.0,0.0,0.0,0.0,0.0,0.0,5.5551057,6.570344,0.14503404,0.0,0.0,0.0,0.0,0.0,0.0
92553H803,37.765663,5.0947413,-4.083865,0.0,0.0,0.0,0.0,0.0,0.0,6.383524,4.55905,-0.22805923,0.0,0.0,0.0,0.0,0.0,0.0
925529208,-1.9977055,-41.6024,-5.657814,0.0,0.0,0.0,0.0,0.0,0.0,311.63318,182.71265,-18.41722,0.0,0.0,0.0,0.0,0.0,0.0
63845P101,3.6759624,1.0062777,-0.38138357,0.0,0.0,0.0,3.4040391,NaN,NaN,1.7550598,1.7128487,-0.006030168,0.0,0.0,0.0,3.4252434,NaN,NaN
92839U206,51.2771,-7.987826,-8.466418,0.0,0.0,0.0,0.0,0.0,0.0,33.082684,8.230968,-3.550245,0.0,0.0,0.0,0.0,0.0,0.0
928559103,25.268347,1.0806105,-3.455391,0.0,0.0,0.0,0.0,0.0,0.0,56.496403,43.628033,-1.8383386,0.0,0.0,0.0,0.0,0.0,0.0
38388F108,41.568512,38.55316,-0.5025584,30.93081,44.842976,0.3661096,253.2506,194.34763,-8.41471,38.893555,40.637028,0.29057884,32.61774,35.10918,0.06556421,43.783566,25.70427,-2.5827565
93369N109,NaN,9.8664465,NaN,6.4631286,NaN,NaN,14.40491,13.549559,-0.12219306,NaN,5.585854,NaN,6.5244184,NaN,NaN,6.9244404,6.5466747,-0.053966522
934390402,45.49797,18.652464,-3.8350723,0.0,0.0,0.0,NaN,15.669014,NaN,13.172655,10.951958,-0.31724247,0.0,0.0,0.0,NaN,14.187131,NaN
938862208,20.159714,6.573172,-1.9409345,0.0,0.0,0.0,NaN,24.331799,NaN,3.4304693,3.3279986,-0.014638662,0.0,0.0,0.0,NaN,4.1035852,NaN
94769A101,7.388701,-0.40924886,-1.1139928,0.0,0.0,0.0,0.0,0.0,0.0,250.23831,310.11014,8.553118,0.0,0.0,0.0,0.0,0.0,0.0
94845V103,-34.81107,-57.304604,-3.213362,0.0,0.0,0.0,0.0,0.0,0.0,-3.0847728,-2.4404635,0.09204418,0.0,0.0,0.0,0.0,0.0,0.0
948774104,-32.311863,NaN,NaN,0.0,0.0,0.0,0.0,0.0,0.0,14.31679,NaN,NaN,0.0,0.0,0.0,0.0,0.0,0.0
955465109,29.833717,NaN,NaN,0.0,0.0,0.0,0.0,0.0,0.0,6.074989,NaN,NaN,0.0,0.0,0.0,0.0,0.0,0.0
958043408,-7.0603423,-4.8689747,0.3130525,3.124394,NaN,NaN,5.111025,9.80134,0.670045,23.652554,27.240349,0.5125422,41.485996,NaN,NaN,40.281902,32.016518,-1.1807692
960878106,-4.2406497,2.1777382,0.91691256,0.0,0.0,0.0,-2.8516607,NaN,NaN,6.299341,6.88005,0.08295842,0.0,0.0,0.0,12.377581,NaN,NaN
961238102,31.484085,32.402924,0.13126265,0.0,0.0,0.0,0.0,0.0,0.0,0.39177242,0.416837,0.0035806554,0.0,0.0,0.0,0.0,0.0,0.0
410315105,17.318613,21.943563,0.6607072,-9.764502,0.4144918,1.0178993,2.6111026,-14.525027,-2.4480186,26.589247,67.488556,5.842758,42.48289,-1.0143661,-4.3497257,127.23953,240.79826,16.222675
194831004,NaN,63.8067,NaN,6.7258706,18.003386,1.2530572,24.38499,NaN,NaN,NaN,20.706173,NaN,5.1372075,6.0376387,0.10004791,5.5687757,NaN,NaN
972218101,-5.3468084,3.1154583,1.2088953,-18.226763,15.163819,11.130195,1.2232434,0.7761345,-0.063872695,8.703579,6.4568224,-0.32096523,7.334544,10.55664,1.0740318,11.810963,11.344204,-0.06667982
974280307,49.74941,21.960108,-3.9699001,0.0,0.0,0.0,21.001232,10.312445,-1.5269697,73.3183,100.103165,3.8264096,0.0,0.0,0.0,153.83463,142.60217,-1.6046361
975515107,-43.99973,NaN,NaN,0.0,0.0,0.0,0.0,0.0,0.0,311.63318,NaN,NaN,0.0,0.0,0.0,0.0,0.0,0.0
97652H109,-2.6057918,-1.6390238,0.13810971,0.0,0.0,0.0,0.0,0.0,0.0,60.096367,60.560116,0.06624985,0.0,0.0,0.0,0.0,0.0,0.0
98141A101,5.5577617,-26.93067,-4.6412044,0.0,0.0,0.0,0.0,0.0,0.0,311.63287,182.71275,-18.41716,0.0,0.0,0.0,0.0,0.0,0.0
981902109,NaN,-9.679728,NaN,-46.605724,NaN,NaN,0.0,0.0,0.0,NaN,11.613383,NaN,17.55241,NaN,NaN,0.0,0.0,0.0
981579105,-14.236404,-7.901514,0.90498435,0.0,0.0,0.0,0.0,0.0,0.0,10.484354,7.331891,-0.45035186,0.0,0.0,0.0,0.0,0.0,0.0
981907108,5.883861,5.4034457,-0.06863076,0.0,0.0,0.0,0.0,0.0,0.0,4.442574,1.4855688,-0.42242932,0.0,0.0,0.0,0.0,0.0,0.0
894688100,10.781009,-3.7056682,-2.0695252,0.08590317,3.1862571,0.44290772,3.5090868,3.2853382,-0.031964097,36.819653,28.712572,-1.1581544,25.854864,42.768543,2.41624,31.67764,45.60971,1.9902956
98416J118,NaN,8.554288,NaN,0.0,0.0,0.0,NaN,13.512736,NaN,NaN,2.4026854,NaN,0.0,0.0,0.0,NaN,1.6344211,NaN
98417K106,-55.813553,-39.74398,2.295653,0.0,0.0,0.0,0.0,0.0,0.0,182.71274,197.53793,2.117885,0.0,0.0,0.0,0.0,0.0,0.0
989349105,-31.840614,NaN,NaN,0.0,0.0,0.0,0.0,0.0,0.0,47.525078,NaN,NaN,0.0,0.0,0.0,0.0,0.0,0.0
20557T101,0.0,0.0,0.0,15.204595,NaN,NaN,10.665114,16.089865,0.77496433,0.0,0.0,0.0,6.461829,NaN,NaN,6.8425984,7.1475067,0.043558326
428291108,0.0,0.0,0.0,2.3677285,2.2587838,-0.02178893,5.014426,14.762604,1.3925968,0.0,0.0,0.0,56.196514,91.608604,7.082418,95.682396,81.42786,-2.036363
212072102,0.0,0.0,0.0,-2.375276,NaN,NaN,-3.304496,NaN,NaN,0.0,0.0,0.0,74.52666,NaN,NaN,13.731953,NaN,NaN
35241Q107,0.0,0.0,0.0,NaN,10.174235,NaN,6.3512597,4.757121,-0.22773409,0.0,0.0,0.0,NaN,1.0181682,NaN,0.96167684,0.14970835,-0.115995504
086553104,0.0,0.0,0.0,0.0,0.0,0.0,NaN,-4.5534444,NaN,0.0,0.0,0.0,0.0,0.0,0.0,NaN,148.93156,NaN
G3921A175,0.0,0.0,0.0,0.0,0.0,0.0,NaN,-19.597492,NaN,0.0,0.0,0.0,0.0,0.0,0.0,NaN,349.0394,NaN
172936106,0.0,0.0,0.0,0.0,0.0,0.0,13.436139,9.211767,-0.6034817,0.0,0.0,0.0,0.0,0.0,0.0,4.6094356,6.9569507,0.3353593
457661106,0.0,0.0,0.0,0.0,0.0,0.0,NaN,13.765078,NaN,0.0,0.0,0.0,0.0,0.0,0.0,NaN,25.898972,NaN
44980Y305,0.0,0.0,0.0,0.0,0.0,0.0,NaN,9.637083,NaN,0.0,0.0,0.0,0.0,0.0,0.0,NaN,16.81197,NaN
46624E405,0.0,0.0,0.0,0.0,0.0,0.0,5.0470915,2.963647,-0.29763493,0.0,0.0,0.0,0.0,0.0,0.0,2.789849,2.8727725,0.0118462015
48577P106,0.0,0.0,0.0,0.0,0.0,0.0,NaN,9.06899,NaN,0.0,0.0,0.0,0.0,0.0,0.0,NaN,53.636017,NaN
578349102,0.0,0.0,0.0,0.0,0.0,0.0,13.227532,NaN,NaN,0.0,0.0,0.0,0.0,0.0,0.0,23.38336,NaN,NaN
586014102,0.0,0.0,0.0,0.0,0.0,0.0,8.360879,4.338177,-0.5746717,0.0,0.0,0.0,0.0,0.0,0.0,0.054326005,-0.40116903,-0.06507072
636317109,0.0,0.0,0.0,0.0,0.0,0.0,18.29086,33.808464,2.2168007,0.0,0.0,0.0,0.0,0.0,0.0,10.624997,10.296898,-0.046871323
70322A101,0.0,0.0,0.0,0.0,0.0,0.0,27.868769,26.186323,-0.24034937,0.0,0.0,0.0,0.0,0.0,0.0,101.059654,101.884575,0.11784581
98387T103,0.0,0.0,0.0,0.0,0.0,0.0,-2.3948586,NaN,NaN,0.0,0.0,0.0,0.0,0.0,0.0,38.671417,NaN,NaN
71654J108,0.0,0.0,0.0,0.0,0.0,0.0,27.02666,15.905874,-1.5886838,0.0,0.0,0.0,0.0,0.0,0.0,4.429484,7.5876665,0.45116895
746276104,0.0,0.0,0.0,0.0,0.0,0.0,8.962061,NaN,NaN,0.0,0.0,0.0,0.0,0.0,0.0,55.674625,NaN,NaN
686857103,0.0,0.0,0.0,0.0,0.0,0.0,12.231926,NaN,NaN,0.0,0.0,0.0,0.0,0.0,0.0,30.198557,NaN,NaN
761339100,0.0,0.0,0.0,0.0,0.0,0.0,12.948328,21.014635,1.1523296,0.0,0.0,0.0,0.0,0.0,0.0,18.771622,17.656477,-0.15930639
827056300,0.0,0.0,0.0,0.0,0.0,0.0,-8.811483,NaN,NaN,0.0,0.0,0.0,0.0,0.0,0.0,26.357983,NaN,NaN
834376501,0.0,0.0,0.0,0.0,0.0,0.0,47.89735,50.14057,0.32046017,0.0,0.0,0.0,0.0,0.0,0.0,204.24458,195.22762,-1.2881383
817826209,0.0,0.0,0.0,0.0,0.0,0.0,51.279713,29.732958,-3.0781078,0.0,0.0,0.0,0.0,0.0,0.0,165.9003,179.04794,1.8782349
849416201,0.0,0.0,0.0,0.0,0.0,0.0,NaN,4.0837855,NaN,0.0,0.0,0.0,0.0,0.0,0.0,NaN,2.7690356,NaN
893349837,0.0,0.0,0.0,0.0,0.0,0.0,28.097353,-5.8457584,-4.8490157,0.0,0.0,0.0,0.0,0.0,0.0,78.19437,70.893234,-1.0430189
988858106,0.0,0.0,0.0,0.0,0.0,0.0,13.315419,16.788866,0.4962067,0.0,0.0,0.0,0.0,0.0,0.0,2.9981139,7.080137,0.5831461
