00252W104,470.5953,224.46875,-35.16094,0.0,0.0,0.0,0.0,0.0,0.0,221.10876,245.41342,3.4720938,0.0,0.0,0.0,0.0,0.0,0.0
,0.0,0.0,0.0,0.0,0.0,0.0,0.0,0.0,0.0,0.0,0.0,0.0,0.0,0.0,0.0,0.0,0.0,0.0
00439T206,360.30713,NaN,NaN,0.0,0.0,0.0,NaN,283.6553,NaN,839.17096,NaN,NaN,0.0,0.0,0.0,NaN,743.3745,NaN
004724100,327.6317,369.96518,6.047638,0.0,0.0,0.0,0.0,0.0,0.0,464.48193,629.2884,23.54378,0.0,0.0,0.0,0.0,0.0,0.0
000973107,509.4268,294.00418,-30.774658,0.0,0.0,0.0,0.0,0.0,0.0,965.93,603.1736,-51.822346,0.0,0.0,0.0,0.0,0.0,0.0
00503U105,1262.3302,768.282,-70.578316,0.0,0.0,0.0,0.0,0.0,0.0,349.1639,218.55614,-18.658253,0.0,0.0,0.0,0.0,0.0,0.0
006847107,2107.2388,1077.3691,-147.12424,0.0,0.0,0.0,0.0,0.0,0.0,7559.0835,5642.6606,-273.7747,0.0,0.0,0.0,0.0,0.0,0.0
006848105,7908.0376,8640.21,104.596054,0.0,0.0,0.0,0.0,0.0,0.0,5590.979,4506.4746,-154.9292,0.0,0.0,0.0,0.0,0.0,0.0
31865X106,431.71973,237.13187,-27.798265,0.0,0.0,0.0,0.0,0.0,0.0,12695.886,10996.938,-242.70676,0.0,0.0,0.0,0.0,0.0,0.0
008494106,400.854,172.76933,-32.583523,0.0,0.0,0.0,0.0,0.0,0.0,129.89731,115.85159,-2.0065308,0.0,0.0,0.0,0.0,0.0,0.0
009114109,246.61418,205.3363,-5.8968396,0.0,0.0,0.0,0.0,0.0,0.0,389.38474,345.384,-6.285819,0.0,0.0,0.0,0.0,0.0,0.0
867071102,NaN,833.66376,NaN,226.34044,193.92493,-3.2415512,0.0,0.0,0.0,NaN,23.135529,NaN,14.556058,16.875172,0.23191138,0.0,0.0,0.0
018593103,427.39822,243.80981,-26.226915,0.0,0.0,0.0,0.0,0.0,0.0,NaN,NaN,NaN,0.0,0.0,0.0,0.0,0.0,0.0
019223106,142.50641,155.18346,1.8110068,0.0,0.0,0.0,0.0,0.0,0.0,326.91202,420.73474,13.403246,0.0,0.0,0.0,0.0,0.0,0.0
019411107,106.13183,36.4951,-9.948105,0.0,0.0,0.0,0.0,0.0,0.0,1748.4653,1685.6727,-8.970372,0.0,0.0,0.0,0.0,0.0,0.0
019645506,416.65878,377.63507,-5.574816,181.23735,NaN,NaN,0.0,0.0,0.0,232.22433,272.06946,5.6921606,322.82172,NaN,NaN,0.0,0.0,0.0
02146C104,705.14044,596.33167,-15.544111,0.0,0.0,0.0,0.0,0.0,0.0,169.90688,174.76753,0.6943795,0.0,0.0,0.0,0.0,0.0,0.0
625440102,132.06029,96.012535,-5.1496787,NaN,121.94953,NaN,74.414375,66.38336,-1.0038767,369.80777,384.29343,2.0693796,NaN,191.80931,NaN,429.90048,681.3662,31.433216
023006109,NaN,296.10184,NaN,74.36546,NaN,NaN,0.0,0.0,0.0,NaN,779.6054,NaN,247.65387,NaN,NaN,0.0,0.0,0.0
023395106,159.48674,NaN,NaN,0.0,0.0,0.0,0.0,0.0,0.0,563.9263,NaN,NaN,0.0,0.0,0.0,0.0,0.0,0.0
023426703,113.121994,251.39565,19.753378,4.5249624,7.477834,0.5905744,76.95481,68.88307,-1.1531056,936.1882,889.6346,-6.6505127,1037.0282,1077.424,8.07915,1309.0938,1234.8662,-10.603934
023586100,878.6233,904.9632,3.7628436,453.15976,NaN,NaN,725.22675,1076.6177,50.198704,5818.87,6129.351,44.354424,7876.7446,NaN,NaN,7773.342,6651.523,-160.25984
90341W108,547.5505,617.0731,9.931807,345.0389,397.35678,4.0244517,639.43475,966.07166,46.662415,1036.1669,1034.1007,-0.29516602,1468.6069,2225.9785,58.259354,1959.0049,1825.8016,-19.029036
024490302,227.06978,NaN,NaN,0.0,0.0,0.0,0.0,0.0,0.0,524.9631,NaN,NaN,0.0,0.0,0.0,0.0,0.0,0.0
024928103,399.1539,568.22906,24.153595,0.0,0.0,0.0,0.0,0.0,0.0,1541.8862,1838.5688,42.383232,0.0,0.0,0.0,0.0,0.0,0.0
02553G101,99.82354,117.895966,2.5817752,0.0,0.0,0.0,0.0,0.0,0.0,190.2879,77.90475,-16.054737,0.0,0.0,0.0,0.0,0.0,0.0
026496208,434.91544,439.6406,0.67502266,111.74272,66.01663,-5.0806766,248.16667,223.99246,-3.4534585,954.7534,963.0026,1.1784581,957.9986,536.79877,-46.79998,469.4471,463.48502,-0.85172814
026652107,195.30254,141.02948,-7.7532935,0.0,0.0,0.0,0.0,0.0,0.0,54.2068,34.630264,-2.7966478,0.0,0.0,0.0,0.0,0.0,0.0
028816106,316.6262,NaN,NaN,0.0,0.0,0.0,0.0,0.0,0.0,856.9068,NaN,NaN,0.0,0.0,0.0,0.0,0.0,0.0
029318300,104.84152,183.2422,11.200097,0.0,0.0,0.0,0.0,0.0,0.0,301.63367,458.0438,22.344303,0.0,0.0,0.0,0.0,0.0,0.0
030789507,939.4258,1276.4609,48.14788,231.61295,161.8326,-6.978035,118.97929,146.68971,3.9586322,1232.0621,1667.3203,62.17974,2508.5583,3137.8398,62.92815,439.331,550.8013,15.924325
03113V109,871.3376,NaN,NaN,0.0,0.0,0.0,0.0,0.0,0.0,303.56107,NaN,NaN,0.0,0.0,0.0,0.0,0.0,0.0
03237E108,413.42386,287.0239,-18.057138,0.0,0.0,0.0,234.73871,291.0281,8.041343,1097.2102,1130.8278,4.802508,0.0,0.0,0.0,943.6203,1023.6172,11.428126
001813104,3151.803,2707.492,-63.473003,0.0,0.0,0.0,0.0,0.0,0.0,3703.6697,3957.4294,36.251396,0.0,0.0,0.0,0.0,0.0,0.0
03304B300,397.58163,421.81732,3.462241,0.0,0.0,0.0,NaN,435.92377,NaN,3514.7925,4804.8213,184.28983,0.0,0.0,0.0,NaN,3716.4429,NaN
G6359F103,238.95137,149.30647,-12.806414,22.373247,12.385551,-1.109744,7.0387406,55.693836,6.950728,308.82333,232.24655,-10.93954,239.37483,230.99904,-0.93064374,272.06946,322.82178,7.2503314
035250109,192.27362,NaN,NaN,0.0,0.0,0.0,0.0,0.0,0.0,313.89087,NaN,NaN,0.0,0.0,0.0,0.0,0.0,0.0
381119106,785.1347,340.8883,-63.46377,0.0,0.0,0.0,NaN,149.11674,NaN,1569.8114,1761.2065,27.342163,0.0,0.0,0.0,NaN,1159.608,NaN
038196101,171.84044,231.83275,8.57033,0.0,0.0,0.0,0.0,0.0,0.0,172.32529,206.64114,4.902265,0.0,0.0,0.0,0.0,0.0,0.0
038213104,222.34271,209.16293,-1.8828256,0.0,0.0,0.0,0.0,0.0,0.0,175.91734,407.85983,33.13464,0.0,0.0,0.0,0.0,0.0,0.0
001937101,382.09528,282.2499,-14.263624,0.0,0.0,0.0,0.0,0.0,0.0,527.81995,566.92816,5.586888,0.0,0.0,0.0,0.0,0.0,0.0
G04397108,1098.7124,442.9636,-93.6784,0.0,0.0,0.0,0.0,0.0,0.0,82.432076,60.971077,-3.065857,0.0,0.0,0.0,0.0,0.0,0.0
90341G103,940.4152,906.97687,-4.776908,0.0,0.0,0.0,NaN,309.20038,NaN,12382.967,10537.253,-263.6734,0.0,0.0,0.0,NaN,10196.427,NaN
042384107,2344.4902,1255.7006,-155.54138,104.62557,NaN,NaN,0.0,0.0,0.0,579.7886,461.13797,-16.950087,503.95483,NaN,NaN,0.0,0.0,0.0
G05330108,2498.2625,NaN,NaN,0.0,0.0,0.0,0.0,0.0,0.0,5815.658,NaN,NaN,0.0,0.0,0.0,0.0,0.0,0.0
04544X300,152.03476,111.169975,-5.108098,0.0,0.0,0.0,0.0,0.0,0.0,190.54301,170.9466,-2.4495525,0.0,0.0,0.0,0.0,0.0,0.0
04648X107,183.39268,127.11476,-8.039703,0.0,0.0,0.0,0.0,0.0,0.0,1359.6412,563.86255,-113.68267,0.0,0.0,0.0,0.0,0.0,0.0
045919107,8336.393,1644.0065,-956.0552,0.0,0.0,0.0,0.0,0.0,0.0,1639.5442,798.9114,-120.0904,0.0,0.0,0.0,0.0,0.0,0.0
04649A106,609.30963,635.8733,3.7948086,0.0,0.0,0.0,0.0,0.0,0.0,5359.893,4997.8403,-51.72182,0.0,0.0,0.0,0.0,0.0,0.0
37990V204,362.692,374.022,1.6185739,0.0,0.0,0.0,0.0,0.0,0.0,2431.545,2473.3691,5.9748883,0.0,0.0,0.0,0.0,0.0,0.0
046613105,83.79243,NaN,NaN,0.0,0.0,0.0,0.0,0.0,0.0,NaN,NaN,NaN,0.0,0.0,0.0,0.0,0.0,0.0
050727106,267.20786,NaN,NaN,0.0,0.0,0.0,0.0,0.0,0.0,433.8829,NaN,NaN,0.0,0.0,0.0,0.0,0.0,0.0
05164B106,736.3242,548.1161,-26.886875,0.0,0.0,0.0,0.0,0.0,0.0,8780.52,7939.7046,-120.11642,0.0,0.0,0.0,0.0,0.0,0.0
05873K108,509.15945,782.43945,39.04,0.0,0.0,0.0,0.0,0.0,0.0,2060.657,2799.6667,105.57282,0.0,0.0,0.0,0.0,0.0,0.0
069744100,110.01817,136.56163,3.7919223,0.0,0.0,0.0,0.0,0.0,0.0,7066.1826,3546.1946,-502.85544,0.0,0.0,0.0,0.0,0.0,0.0
074002205,1086.0219,533.9553,-78.866646,0.0,0.0,0.0,0.0,0.0,0.0,972.28595,705.1413,-38.16352,0.0,0.0,0.0,0.0,0.0,0.0
077266104,208.73738,196.46133,-1.753721,0.0,0.0,0.0,0.0,0.0,0.0,316.7683,291.03903,-3.6756113,0.0,0.0,0.0,0.0,0.0,0.0
087509105,977.38104,692.44855,-40.704643,590.5569,NaN,NaN,0.0,0.0,0.0,876.54865,593.60986,-40.419827,741.7654,NaN,NaN,0.0,0.0,0.0
091250100,389.62326,533.1912,20.509708,0.0,0.0,0.0,0.0,0.0,0.0,652.84894,624.5251,-4.0462646,0.0,0.0,0.0,0.0,0.0,0.0
055607105,79.627045,NaN,NaN,0.0,0.0,0.0,0.0,0.0,0.0,72.08781,NaN,NaN,0.0,0.0,0.0,0.0,0.0,0.0
098904204,293.85828,323.96472,4.300921,0.0,0.0,0.0,0.0,0.0,0.0,376.26102,363.8237,-1.7767595,0.0,0.0,0.0,0.0,0.0,0.0
099541203,270.4152,205.6396,-9.253655,0.0,0.0,0.0,0.0,0.0,0.0,203.28673,209.7408,0.9220101,0.0,0.0,0.0,0.0,0.0,0.0
100578103,1381.4203,642.4432,-105.56816,0.0,0.0,0.0,0.0,0.0,0.0,402.30743,554.2466,21.705593,0.0,0.0,0.0,0.0,0.0,0.0
104499207,166.95752,161.25381,-0.814815,16.944275,NaN,NaN,0.0,0.0,0.0,985.17163,1144.0865,22.702131,344.87033,NaN,NaN,0.0,0.0,0.0
105423404,38.82962,173.15858,19.189852,17.167564,NaN,NaN,0.0,0.0,0.0,771.63275,869.5447,13.987418,1075.5248,NaN,NaN,0.0,0.0,0.0
105425102,NaN,898.30096,NaN,0.0,0.0,0.0,0.0,0.0,0.0,NaN,1610.6606,NaN,0.0,0.0,0.0,0.0,0.0,0.0
106702103,NaN,929.38184,NaN,0.0,0.0,0.0,0.0,0.0,0.0,NaN,758.36896,NaN,0.0,0.0,0.0,0.0,0.0,0.0
119003101,2348.4316,2625.6243,39.598946,0.0,0.0,0.0,0.0,0.0,0.0,3491.9277,6337.818,406.55573,0.0,0.0,0.0,0.0,0.0,0.0
120084108,151.3626,152.07823,0.10223389,0.0,0.0,0.0,0.0,0.0,0.0,136.77925,161.65501,3.5536804,0.0,0.0,0.0,0.0,0.0,0.0
120113105,322.77017,258.01224,-9.251134,0.0,0.0,0.0,0.0,0.0,0.0,23999.178,13700.601,-1471.2253,0.0,0.0,0.0,0.0,0.0,0.0
121693105,541.71497,642.11304,14.342582,0.0,0.0,0.0,0.0,0.0,0.0,205.38866,230.32227,3.5619442,0.0,0.0,0.0,0.0,0.0,0.0
123164105,134.15263,137.61281,0.49431065,0.0,0.0,0.0,0.0,0.0,0.0,266.78665,285.07288,2.6123178,0.0,0.0,0.0,0.0,0.0,0.0
12476P203,322.224,333.82867,1.6578108,0.0,0.0,0.0,0.0,0.0,0.0,2584.4514,3601.803,145.33594,0.0,0.0,0.0,0.0,0.0,0.0
128787108,585.3722,550.47345,-4.9855347,233.98187,NaN,NaN,0.0,0.0,0.0,2954.777,2465.2283,-69.93555,555.40875,NaN,NaN,0.0,0.0,0.0
129915203,142.4181,104.37774,-5.434338,24.265928,NaN,NaN,0.0,0.0,0.0,1484.7584,1248.4225,-33.762276,1364.1873,NaN,NaN,0.0,0.0,0.0
140909102,166.0497,129.74776,-5.185992,0.0,0.0,0.0,0.0,0.0,0.0,3059.207,1838.5101,-174.38527,0.0,0.0,0.0,0.0,0.0,0.0
140777103,NaN,86.01357,NaN,0.0,0.0,0.0,0.0,0.0,0.0,NaN,718.4405,NaN,0.0,0.0,0.0,0.0,0.0,0.0
141602300,166.81079,159.94232,-0.9812099,0.0,0.0,0.0,0.0,0.0,0.0,467.73096,548.7713,11.577192,0.0,0.0,0.0,0.0,0.0,0.0
141649301,220.36182,138.87723,-11.6406555,0.0,0.0,0.0,59.1097,55.896324,-0.45905358,194.53972,160.093,-4.9209595,0.0,0.0,0.0,147.07738,189.74423,6.095265
141706309,300.01688,145.05919,-22.136812,0.0,0.0,0.0,0.0,0.0,0.0,179.37404,193.07976,1.9579599,0.0,0.0,0.0,0.0,0.0,0.0
143436400,367.7385,334.61383,-4.732095,31.65699,NaN,NaN,343.39096,362.6845,2.7562213,94.740265,77.154,-2.5123236,104.59773,NaN,NaN,841.8347,1175.5157,47.66872
111572103,1557.5897,1351.1901,-29.485666,753.49756,746.7479,-1.124939,1028.678,1048.3517,2.8105295,5851.061,5831.737,-2.7606027,5903.8115,4174.894,-288.15292,4157.101,3962.2036,-27.842495
148710106,185.92218,208.25493,3.1903927,0.0,0.0,0.0,0.0,0.0,0.0,966.62335,994.2025,3.9398804,0.0,0.0,0.0,0.0,0.0,0.0
15115M101,453.4108,510.2442,8.119058,0.0,0.0,0.0,0.0,0.0,0.0,264.57416,339.32477,10.6786585,0.0,0.0,0.0,0.0,0.0,0.0
125185108,40.71829,22.745352,-2.5675623,2.4712286,NaN,NaN,0.0,0.0,0.0,312.6807,366.12787,7.6353106,390.91913,NaN,NaN,0.0,0.0,0.0
158496109,478.55063,237.48882,-34.4374,0.0,0.0,0.0,107.52948,183.61508,10.869371,47.71392,41.69314,-0.8601118,0.0,0.0,0.0,46.733543,50.133278,0.48567635
16115Q308,178.8855,154.59415,-3.4701931,0.0,0.0,0.0,0.0,0.0,0.0,76.95926,63.26342,-1.9565485,0.0,0.0,0.0,0.0,0.0,0.0
847807104,861.1333,895.2583,4.875,166.94527,155.88599,-1.1059281,338.75522,232.82436,-15.13298,289.63242,279.0734,-1.5084316,219.42284,352.79227,13.336943,390.55862,567.82983,25.32446
559079207,825.0989,620.7269,-29.195993,0.0,0.0,0.0,796.8223,703.34045,-13.354553,97.25731,75.85851,-3.0569708,0.0,0.0,0.0,79.1005,150.53575,10.205035
163893209,NaN,664.62244,NaN,0.0,0.0,0.0,NaN,4702.1855,NaN,NaN,7256.3203,NaN,0.0,0.0,0.0,NaN,10504.569,NaN
165159104,369.8632,368.59732,-0.18083845,0.0,0.0,0.0,239.40154,211.88025,-3.9316123,3727.929,2282.3694,-206.50851,0.0,0.0,0.0,1158.9484,1245.6138,12.380773
168710101,219.13431,248.58679,4.2074976,0.0,0.0,0.0,0.0,0.0,0.0,2774.9653,2248.1694,-75.25655,0.0,0.0,0.0,0.0,0.0,0.0
170032809,1123.3448,890.5271,-33.259678,0.0,0.0,0.0,891.3027,663.0911,-32.60165,338.20535,820.4476,68.89175,0.0,0.0,0.0,403.2811,237.62231,-23.66554
12542A206,993.0957,NaN,NaN,0.0,0.0,0.0,0.0,0.0,0.0,180.0732,NaN,NaN,0.0,0.0,0.0,0.0,0.0,0.0
172585101,1474.6414,1164.7865,-44.26498,718.34503,143.41974,-47.910442,NaN,347.4287,NaN,1391.4678,1765.7997,53.475986,1855.4666,2335.5122,40.003803,NaN,2879.2637,NaN
172737108,1506.0825,449.80273,-150.89711,0.0,0.0,0.0,0.0,0.0,0.0,3330.725,2969.0645,-51.665806,0.0,0.0,0.0,0.0,0.0,0.0
180461105,230.6789,NaN,NaN,0.0,0.0,0.0,0.0,0.0,0.0,550.385,NaN,NaN,0.0,0.0,0.0,0.0,0.0,0.0
182728204,437.60312,350.14914,-12.493425,0.0,0.0,0.0,0.0,0.0,0.0,7051.579,5131.3604,-274.31696,0.0,0.0,0.0,0.0,0.0,0.0
192481208,302.49014,343.6641,5.881993,0.0,0.0,0.0,0.0,0.0,0.0,682.81024,600.31696,-11.784755,0.0,0.0,0.0,0.0,0.0,0.0
194830204,956.6036,1309.2892,50.38366,0.0,0.0,0.0,0.0,0.0,0.0,686.152,803.5106,16.76552,0.0,0.0,0.0,0.0,0.0,0.0
200334100,4789.3677,NaN,NaN,25.644234,NaN,NaN,0.0,0.0,0.0,230.29663,NaN,NaN,181.19211,NaN,NaN,0.0,0.0,0.0
20452C104,116.22109,NaN,NaN,0.0,0.0,0.0,0.0,0.0,0.0,122.83322,NaN,NaN,0.0,0.0,0.0,0.0,0.0,0.0
206814105,136.6327,132.24205,-0.6272365,0.0,0.0,0.0,0.0,0.0,0.0,53.312687,52.919888,-0.056114197,0.0,0.0,0.0,0.0,0.0,0.0
209232107,70.70426,115.600464,6.413743,0.0,0.0,0.0,0.0,0.0,0.0,178.80702,261.4171,11.801442,0.0,0.0,0.0,0.0,0.0,0.0
21036U206,236.50801,204.54938,-4.565519,110.78958,NaN,NaN,NaN,144.92795,NaN,409.03647,260.84058,-21.170841,153.19098,NaN,NaN,NaN,247.34225,NaN
21099Y004,594.54156,870.1615,39.374275,474.73364,704.0979,19.113688,0.0,0.0,0.0,421.56378,389.38477,-4.5970025,352.96042,432.20352,6.603592,0.0,0.0,0.0
211496104,1105.4066,1544.7242,62.759663,0.0,0.0,0.0,0.0,0.0,0.0,78.083755,80.12764,0.29198346,0.0,0.0,0.0,0.0,0.0,0.0
211914403,272.35336,267.30634,-0.72100395,0.0,0.0,0.0,0.0,0.0,0.0,707.2254,601.1577,-15.152527,0.0,0.0,0.0,0.0,0.0,0.0
216245100,172.83308,114.641045,-7.274005,45.05967,43.077557,-0.283159,68.49854,NaN,NaN,799.8527,878.1118,9.782387,782.4309,862.6978,11.466701,1026.6116,NaN,NaN
218103109,206.9606,218.9255,1.7092721,0.0,0.0,0.0,0.0,0.0,0.0,58.290348,64.95715,0.95240074,0.0,0.0,0.0,0.0,0.0,0.0
22161G103,184.92418,148.3442,-5.2257123,0.0,0.0,0.0,0.0,0.0,0.0,682.81024,600.31683,-11.784773,0.0,0.0,0.0,0.0,0.0,0.0
222814204,3125.7483,916.1862,-315.6517,0.0,0.0,0.0,228.73132,426.06723,28.190844,10194.748,6145.614,-578.44775,0.0,0.0,0.0,5042.588,5055.504,1.8451451
228439105,526.6807,380.02823,-20.950357,0.0,0.0,0.0,0.0,0.0,0.0,592.64105,429.22922,-23.344547,0.0,0.0,0.0,0.0,0.0,0.0
228622106,331.9966,NaN,NaN,0.0,0.0,0.0,0.0,0.0,0.0,2754.672,NaN,NaN,0.0,0.0,0.0,0.0,0.0,0.0
229070107,NaN,189.26506,NaN,3.186415,NaN,NaN,0.0,0.0,0.0,NaN,159.63219,NaN,199.47177,NaN,NaN,0.0,0.0,0.0
229241104,442.51733,339.69785,-12.852436,0.0,0.0,0.0,129.92271,43.099007,-12.403387,245.21648,226.82968,-2.2983494,0.0,0.0,0.0,288.95084,303.442,2.0701642
126419100,304.50674,507.39413,28.983913,0.0,0.0,0.0,0.0,0.0,0.0,725.38556,443.8912,-40.213478,0.0,0.0,0.0,0.0,0.0,0.0
23380G106,112.18915,177.83633,9.378169,0.0,0.0,0.0,0.0,0.0,0.0,602.05414,396.023,-29.433018,0.0,0.0,0.0,0.0,0.0,0.0
234050102,132.0485,111.664665,-2.9119754,0.0,0.0,0.0,0.0,0.0,0.0,324.1396,294.25742,-4.268882,0.0,0.0,0.0,0.0,0.0,0.0
234053106,172.59973,252.85144,11.46453,0.0,0.0,0.0,0.0,0.0,0.0,706.0013,708.73987,0.39122662,0.0,0.0,0.0,0.0,0.0,0.0
235774106,187.2133,160.8911,-3.760315,0.0,0.0,0.0,0.0,0.0,0.0,56.932285,45.703403,-1.604126,0.0,0.0,0.0,0.0,0.0,0.0
235825205,3088.8262,2096.2527,-141.79622,0.0,0.0,0.0,0.0,0.0,0.0,800.55725,867.1921,9.519261,0.0,0.0,0.0,0.0,0.0,0.0
240028308,254.52916,227.30164,-3.8896463,0.0,0.0,0.0,0.0,0.0,0.0,902.2624,1006.1588,14.842346,0.0,0.0,0.0,0.0,0.0,0.0
233162502,386.3378,180.13217,-29.457947,0.0,0.0,0.0,185.2389,51.420963,-19.11685,789.3909,632.9774,-22.344788,0.0,0.0,0.0,975.4787,801.32855,-24.878592
241209105,170.67891,168.89275,-0.2551662,0.0,0.0,0.0,0.0,0.0,0.0,382.96603,442.1937,8.461095,0.0,0.0,0.0,0.0,0.0,0.0
243458106,592.09094,505.56573,-12.3607435,0.0,0.0,0.0,0.0,0.0,0.0,1174.1315,1603.4357,61.32917,0.0,0.0,0.0,0.0,0.0,0.0
247361702,7718.3945,7857.2246,19.832869,0.0,0.0,0.0,5889.974,7924.6465,290.66748,2560.7046,2617.2869,8.083182,0.0,0.0,0.0,2388.2996,1854.5658,-76.24768
255374100,161.05048,129.99368,-4.4366846,0.0,0.0,0.0,0.0,0.0,0.0,252.05101,193.69604,-8.336424,0.0,0.0,0.0,0.0,0.0,0.0
255402406,144.02014,109.7891,-4.8901486,0.0,0.0,0.0,0.0,0.0,0.0,667.5435,620.2216,-6.7602715,0.0,0.0,0.0,0.0,0.0,0.0
344822101,121.76762,267.23862,20.781572,119.374115,56.66089,-10.452205,176.00626,162.62952,-1.9109628,39.944355,34.568996,-0.7679084,31.957521,33.40453,0.24116802,34.46823,35.76816,0.18570437
261528301,NaN,205.59717,NaN,0.0,0.0,0.0,0.0,0.0,0.0,NaN,764.81604,NaN,0.0,0.0,0.0,0.0,0.0,0.0
262175102,132.78867,111.91236,-2.9823291,0.0,0.0,0.0,0.0,0.0,0.0,2161.623,2591.6675,61.434917,0.0,0.0,0.0,0.0,0.0,0.0
262497308,147.25563,144.79718,-0.3512072,0.0,0.0,0.0,0.0,0.0,0.0,1059.0234,1298.8478,34.26062,0.0,0.0,0.0,0.0,0.0,0.0
265903104,732.2259,686.426,-6.542838,0.0,0.0,0.0,0.0,0.0,0.0,842.2746,892.5143,7.177098,0.0,0.0,0.0,0.0,0.0,0.0
267575108,136.23462,130.79544,-0.7770255,0.0,0.0,0.0,0.0,0.0,0.0,63.770958,57.53932,-0.8902337,0.0,0.0,0.0,0.0,0.0,0.0
269514204,107.75782,107.08706,-0.09582301,0.0,0.0,0.0,77.67911,NaN,NaN,2341.318,2206.946,-19.19601,0.0,0.0,0.0,2604.221,NaN,NaN
269524104,56.23336,NaN,NaN,0.0,0.0,0.0,0.0,0.0,0.0,1141.1873,NaN,NaN,0.0,0.0,0.0,0.0,0.0,0.0
269803102,204.8715,123.852455,-11.57415,46.000546,NaN,NaN,0.0,0.0,0.0,774.59656,743.931,-4.3807898,651.88525,NaN,NaN,0.0,0.0,0.0
071625107,281.78055,129.49109,-21.755636,0.0,0.0,0.0,0.0,0.0,0.0,628.4636,332.4921,-42.281647,0.0,0.0,0.0,0.0,0.0,0.0
279862106,195.10307,132.19197,-7.863888,0.0,0.0,0.0,0.0,0.0,0.0,2325.4763,1715.3528,-76.26544,0.0,0.0,0.0,0.0,0.0,0.0
280875303,620.3151,404.9888,-30.760904,33.49683,12.214643,-3.0403125,133.26918,NaN,NaN,95.43326,124.23599,4.1146765,514.815,484.5565,-4.3226447,559.4035,NaN,NaN
281067306,257.90207,145.35292,-16.07845,37.384228,NaN,NaN,109.97713,51.84544,-8.304526,364.1247,357.2814,-0.97761315,387.35635,NaN,NaN,391.6567,430.93677,5.6114373
26874E107,143.4803,112.739655,-4.391521,0.0,0.0,0.0,0.0,0.0,0.0,1579.4745,373.9873,-172.21245,0.0,0.0,0.0,0.0,0.0,0.0
291087203,211.52669,215.2504,0.53195846,0.0,0.0,0.0,116.93384,94.188934,-3.2492719,1539.4956,1651.5112,16.002232,0.0,0.0,0.0,1648.0636,1612.0654,-5.142596
29255U104,931.0352,717.432,-30.514744,0.0,0.0,0.0,0.0,0.0,0.0,69.40384,3.4147117,-9.427018,0.0,0.0,0.0,0.0,0.0,0.0
535763106,403.75717,318.5062,-12.178711,0.0,0.0,0.0,0.0,0.0,0.0,410.78476,734.2668,46.21172,0.0,0.0,0.0,0.0,0.0,0.0
57685E200,142.97552,167.07072,3.4421713,0.0,0.0,0.0,0.0,0.0,0.0,851.175,1121.1838,38.572693,0.0,0.0,0.0,0.0,0.0,0.0
295866107,139.83517,119.72403,-2.8730206,95.58684,NaN,NaN,0.0,0.0,0.0,359.55423,485.60886,18.007803,472.43604,NaN,NaN,0.0,0.0,0.0
297862104,2700.745,419.30286,-325.92035,0.0,0.0,0.0,0.0,0.0,0.0,518.3584,314.54526,-29.116163,0.0,0.0,0.0,0.0,0.0,0.0
299209106,726.6548,498.30957,-32.620747,118.3332,NaN,NaN,0.0,0.0,0.0,202.5874,153.7503,-6.976728,224.91182,NaN,NaN,0.0,0.0,0.0
300072105,104.11239,183.08212,11.28139,0.0,0.0,0.0,0.0,0.0,0.0,624.6308,628.3667,0.5337001,0.0,0.0,0.0,0.0,0.0,0.0
302051206,870.648,812.392,-8.322283,0.0,0.0,0.0,428.18875,365.18396,-9.000685,363.45978,201.59308,-23.123814,0.0,0.0,0.0,219.68752,238.589,2.7002127
302088109,10081.347,4822.6323,-751.24493,0.0,0.0,0.0,0.0,0.0,0.0,1639.5442,798.9114,-120.0904,0.0,0.0,0.0,0.0,0.0,0.0
302723101,215.80075,155.74873,-8.578859,69.98887,NaN,NaN,0.0,0.0,0.0,2971.0842,3189.4014,31.188162,1775.3202,NaN,NaN,0.0,0.0,0.0
303698104,60.34668,102.085846,5.962738,0.0,0.0,0.0,0.0,0.0,0.0,547.32623,413.4398,-19.126635,0.0,0.0,0.0,0.0,0.0,0.0
305560302,898.43536,1147.0533,35.516853,0.0,0.0,0.0,0.0,0.0,0.0,9228.842,6960.676,-324.0237,0.0,0.0,0.0,0.0,0.0,0.0
306075102,109.76441,177.34167,9.653894,0.0,0.0,0.0,0.0,0.0,0.0,1993.9242,2181.5393,26.802158,0.0,0.0,0.0,0.0,0.0,0.0
30701A106,414.1174,214.27985,-28.548222,0.0,0.0,0.0,0.0,0.0,0.0,471.8821,705.4915,33.372772,0.0,0.0,0.0,0.0,0.0,0.0
313549404,2884.3762,NaN,NaN,194.9623,NaN,NaN,1719.9553,1283.6573,-62.32828,754.74316,NaN,NaN,718.97864,NaN,NaN,717.67584,645.3337,-10.334595
315646109,221.61787,204.9399,-2.3825684,0.0,0.0,0.0,0.0,0.0,0.0,3984.6453,3355.383,-89.8946,0.0,0.0,0.0,0.0,0.0,0.0
317832103,143.93204,132.25693,-1.6678728,0.0,0.0,0.0,0.0,0.0,0.0,426.81055,605.0074,25.456692,0.0,0.0,0.0,0.0,0.0,0.0
317884203,192.34776,NaN,NaN,0.0,0.0,0.0,0.0,0.0,0.0,729.1391,NaN,NaN,0.0,0.0,0.0,0.0,0.0,0.0
G3529X106,1472.4811,798.92706,-96.222,0.0,0.0,0.0,0.0,0.0,0.0,6477.561,5359.893,-159.66685,0.0,0.0,0.0,0.0,0.0,0.0
339099103,422.56223,273.97,-21.22746,0.0,0.0,0.0,0.0,0.0,0.0,287.82608,181.61143,-15.173521,0.0,0.0,0.0,0.0,0.0,0.0
339130106,1719.748,1819.2705,14.217494,0.0,0.0,0.0,0.0,0.0,0.0,547.52386,656.6739,15.59286,0.0,0.0,0.0,0.0,0.0,0.0
339756108,328.9613,162.82048,-23.734404,0.0,0.0,0.0,0.0,0.0,0.0,636.0483,734.593,14.07782,0.0,0.0,0.0,0.0,0.0,0.0
34407T104,271.137,174.82367,-13.759047,0.0,0.0,0.0,0.0,0.0,0.0,2473.3691,2712.2676,34.12835,0.0,0.0,0.0,0.0,0.0,0.0
344123203,470.6847,NaN,NaN,0.0,0.0,0.0,0.0,0.0,0.0,13.78767,NaN,NaN,0.0,0.0,0.0,0.0,0.0,0.0
344155205,557.9349,314.83484,-34.728577,0.0,0.0,0.0,0.0,0.0,0.0,5815.658,5330.3623,-69.32799,0.0,0.0,0.0,0.0,0.0,0.0
345206205,687.4494,399.1167,-41.190388,0.0,0.0,0.0,526.4983,NaN,NaN,637.01465,624.03577,-1.854126,0.0,0.0,0.0,840.96783,NaN,NaN
34659D104,146.85774,128.50255,-2.6221707,0.0,0.0,0.0,0.0,0.0,0.0,266.36343,273.02774,0.95204383,0.0,0.0,0.0,0.0,0.0,0.0
349841304,277.329,289.6738,1.7635411,112.15091,192.69043,16.107904,181.0711,196.51923,2.2068744,3.3181472,7.125339,0.5438846,13.071927,36.97328,4.780271,25.881186,29.817743,0.5623654
302543103,643.67725,692.321,6.9491053,0.0,0.0,0.0,0.0,0.0,0.0,93.29812,97.55442,0.60804313,0.0,0.0,0.0,0.0,0.0,0.0
358321206,109.34152,115.5803,0.8912539,86.56901,NaN,NaN,0.0,0.0,0.0,462.15588,488.28656,3.7329538,406.55832,NaN,NaN,0.0,0.0,0.0
358430106,216.96883,241.48566,3.5024045,0.0,0.0,0.0,0.0,0.0,0.0,469.03427,673.274,29.177103,0.0,0.0,0.0,0.0,0.0,0.0
359059102,348.85867,428.2772,11.345503,0.0,0.0,0.0,0.0,0.0,0.0,3153.288,2630.1738,-74.730606,0.0,0.0,0.0,0.0,0.0,0.0
359076106,334.932,NaN,NaN,0.0,0.0,0.0,0.0,0.0,0.0,367.87637,NaN,NaN,0.0,0.0,0.0,0.0,0.0,0.0
G3682L105,2174.7163,1120.0514,-150.66641,1006.6083,NaN,NaN,0.0,0.0,0.0,63.125145,37.344234,-3.6829872,31.202318,NaN,NaN,0.0,0.0,0.0
36352K103,367.32654,393.235,3.7012067,0.0,0.0,0.0,0.0,0.0,0.0,73.78684,62.672215,-1.587804,0.0,0.0,0.0,0.0,0.0,0.0
368145108,620.6159,645.58905,3.5675921,0.0,0.0,0.0,540.66034,732.796,27.447954,592.60767,354.1734,-34.06204,0.0,0.0,0.0,291.87796,304.35056,1.7817993
36155Q109,186.52039,144.8593,-5.951584,15.261879,NaN,NaN,0.0,0.0,0.0,99.369316,75.255035,-3.4448972,119.009514,NaN,NaN,0.0,0.0,0.0
370054207,353.49722,382.85175,4.1935034,0.0,0.0,0.0,0.0,0.0,0.0,389.64474,415.03912,3.6277683,0.0,0.0,0.0,0.0,0.0,0.0
37045V100,27008.322,21552.852,-779.35297,NaN,84160.55,NaN,18601.969,25011.684,915.6735,45762.934,30206.188,-2222.3923,NaN,32072.332,NaN,2614.1519,2947.3894,47.605366
64015Y104,1089.4536,1365.0786,39.375,0.0,0.0,0.0,851.4763,693.8178,-22.522644,1799.8839,1990.0792,27.17076,0.0,0.0,0.0,3513.333,2953.2712,-80.00883
372257105,310.3915,273.86282,-5.218384,0.0,0.0,0.0,77.62179,NaN,NaN,536.62054,618.0259,11.6293335,0.0,0.0,0.0,515.1635,NaN,NaN
372282103,110.757324,95.29535,-2.2088535,0.0,0.0,0.0,0.0,0.0,0.0,242.07417,395.3098,21.890806,0.0,0.0,0.0,0.0,0.0,0.0
37245X203,655.40094,526.9175,-18.35478,0.0,0.0,0.0,0.0,0.0,0.0,998.6591,1321.7533,46.15631,0.0,0.0,0.0,0.0,0.0,0.0
37248E202,539.39105,1521.963,140.36742,0.0,0.0,0.0,0.0,0.0,0.0,578.5655,726.99023,21.203535,0.0,0.0,0.0,0.0,0.0,0.0
373654102,521.40924,300.795,-31.516317,47.342335,NaN,NaN,0.0,0.0,0.0,3741.2012,5433.5464,241.7636,6060.503,NaN,NaN,0.0,0.0,0.0
G3930E101,1267.4789,1207.5264,-8.564645,155.48828,195.72372,3.3529537,559.4403,704.4734,20.719011,235.17938,233.68427,-0.21358816,287.49844,272.24152,-1.2714106,343.34106,331.6586,-1.6689235
37941P306,256.76993,NaN,NaN,0.0,0.0,0.0,0.0,0.0,0.0,925.10315,NaN,NaN,0.0,0.0,0.0,0.0,0.0,0.0
37936U104,4245.933,1715.2427,-361.5272,0.0,0.0,0.0,0.0,0.0,0.0,9276.217,5815.6577,-494.36557,0.0,0.0,0.0,0.0,0.0,0.0
G3930H104,806.99225,NaN,NaN,0.0,0.0,0.0,0.0,0.0,0.0,11611.23,NaN,NaN,0.0,0.0,0.0,0.0,0.0,0.0
64050T101,1037.8475,418.65506,-88.45607,0.0,0.0,0.0,0.0,0.0,0.0,1412.5991,667.5435,-106.436516,0.0,0.0,0.0,0.0,0.0,0.0
380804203,386.46066,281.7263,-14.962053,0.0,0.0,0.0,0.0,0.0,0.0,874.7057,985.62524,15.845651,0.0,0.0,0.0,0.0,0.0,0.0
383485109,119.482925,NaN,NaN,0.0,0.0,0.0,0.0,0.0,0.0,5983.4395,NaN,NaN,0.0,0.0,0.0,0.0,0.0,0.0
384632105,271.91,NaN,NaN,0.0,0.0,0.0,0.0,0.0,0.0,325.91864,NaN,NaN,0.0,0.0,0.0,0.0,0.0,0.0
386532402,626.52747,673.57294,6.720782,0.0,0.0,0.0,448.09067,291.60403,-22.355234,1440.152,1805.8535,52.243076,0.0,0.0,0.0,2602.4038,2065.085,-76.759834
390064103,741.82117,866.7968,17.853664,0.0,0.0,0.0,556.0268,609.68726,7.66578,2617.4497,2341.5945,-39.40789,0.0,0.0,0.0,411.0729,411.03384,-0.0055803573
36191C205,159.56096,90.67429,-9.840952,0.0,0.0,0.0,0.0,0.0,0.0,812.37775,486.77084,-46.51527,0.0,0.0,0.0,0.0,0.0,0.0
361942105,927.1164,980.0817,7.566476,0.0,0.0,0.0,0.0,0.0,0.0,10454.264,11867.65,201.91238,0.0,0.0,0.0,0.0,0.0,0.0
401794201,166.8625,169.49263,0.37573242,0.0,0.0,0.0,0.0,0.0,0.0,30.810543,36.70736,0.84240234,0.0,0.0,0.0,0.0,0.0,0.0
047620109,65.07187,77.16832,1.7280644,104.80193,NaN,NaN,0.0,0.0,0.0,604.91895,560.4281,-6.355835,479.32623,NaN,NaN,0.0,0.0,0.0
404429102,226.175,129.3634,-13.830229,0.0,0.0,0.0,0.0,0.0,0.0,179.3881,342.72958,23.334497,0.0,0.0,0.0,0.0,0.0,0.0
409900107,89.18764,NaN,NaN,0.0,0.0,0.0,0.0,0.0,0.0,1102.2567,NaN,NaN,0.0,0.0,0.0,0.0,0.0,0.0
481165108,1719.7424,1084.4062,-90.762314,227.2078,NaN,NaN,662.81604,431.04562,-33.110058,NaN,NaN,NaN,NaN,NaN,NaN,NaN,NaN,NaN
417119104,184.04665,139.32733,-6.3884735,0.0,0.0,0.0,292.7368,392.20422,14.209634,547.32623,413.4398,-19.126635,0.0,0.0,0.0,70.11491,75.7514,0.8052139
417434503,399.12054,353.7937,-6.475263,0.0,0.0,0.0,71.77943,NaN,NaN,93.58047,144.45097,7.2672153,0.0,0.0,0.0,113.289375,NaN,NaN
419879101,72.106285,54.316177,-2.541444,25.722221,103.18226,8.60667,142.29637,203.19167,8.699327,2084.1235,2369.985,40.837368,2644.1267,2543.3433,-11.198161,2922.8174,3148.1729,32.193638
420781304,354.0199,292.14392,-8.839425,0.0,0.0,0.0,624.7454,416.41824,-29.761026,964.57794,634.4971,-47.15441,0.0,0.0,0.0,738.89813,798.15356,8.465062
670198100,266.5262,202.59505,-9.133024,0.0,0.0,0.0,156.42955,117.98853,-5.491574,2897.027,3774.6284,125.37162,0.0,0.0,0.0,6818.652,5590.979,-175.38184
422660936,447.85522,NaN,NaN,0.0,0.0,0.0,0.0,0.0,0.0,4035.1199,NaN,NaN,0.0,0.0,0.0,0.0,0.0,0.0
422893107,815.93585,498.46738,-45.35264,0.0,0.0,0.0,0.0,0.0,0.0,163.32312,145.6523,-2.524403,0.0,0.0,0.0,0.0,0.0,0.0
428291108,114.33706,91.26035,-3.2966723,36.960182,41.63446,0.93485564,173.28732,542.89996,52.801807,804.0295,1667.0784,123.2927,1698.3046,1719.8542,4.3099365,1766.5667,1802.5443,5.139666
430771105,125.91147,125.10454,-0.11527579,0.0,0.0,0.0,0.0,0.0,0.0,134.66277,182.3996,6.819547,0.0,0.0,0.0,0.0,0.0,0.0
431692102,772.7376,722.68756,-7.150007,171.0616,125.89863,-4.5162973,482.90503,412.12906,-10.110853,1533.8713,2034.9026,71.57589,3074.5806,2946.0647,-12.851587,3189.4014,1775.3209,-202.01149
433245107,138.8907,NaN,NaN,0.0,0.0,0.0,0.0,0.0,0.0,344.55038,NaN,NaN,0.0,0.0,0.0,0.0,0.0,0.0
441759107,192.97528,148.81757,-6.308245,3.2768428,3.543999,0.03816516,41.81122,NaN,NaN,104.4474,164.2704,8.546143,339.12564,447.10373,15.425441,449.3696,NaN,NaN
404269201,NaN,149.19719,NaN,90.390724,73.18237,-3.4416702,135.70982,NaN,NaN,NaN,2034.0852,NaN,838.1894,986.18475,29.599072,820.4781,NaN,NaN
444356109,85.84153,NaN,NaN,0.0,0.0,0.0,0.0,0.0,0.0,504.4829,NaN,NaN,0.0,0.0,0.0,0.0,0.0,0.0
81169P101,447.25552,472.93643,3.6687012,0.0,0.0,0.0,NaN,349.4929,NaN,1750.4233,1757.9066,1.0690395,0.0,0.0,0.0,NaN,1890.6234,NaN
868447103,6892.0327,4387.2334,-357.82846,0.0,0.0,0.0,NaN,1274.6237,NaN,7086.082,5892.245,-170.54813,0.0,0.0,0.0,NaN,1928.994,NaN
45255G101,397.1569,201.72693,-27.918566,0.0,0.0,0.0,0.0,0.0,0.0,655.90076,519.07965,-19.545872,0.0,0.0,0.0,0.0,0.0,0.0
453096208,429.06088,273.67554,-22.197906,0.0,0.0,0.0,NaN,65.25156,NaN,1858.1973,2217.9746,51.396763,0.0,0.0,0.0,NaN,2432.3918,NaN
45321T202,1077.8928,578.8011,-71.29882,0.0,0.0,0.0,0.0,0.0,0.0,964.53253,561.58167,-57.56441,0.0,0.0,0.0,0.0,0.0,0.0
45772G105,161.92464,112.68265,-7.0345697,0.0,0.0,0.0,0.0,0.0,0.0,731.7001,697.7712,-4.846985,0.0,0.0,0.0,0.0,0.0,0.0
45811E301,287.8096,164.65994,-17.592808,0.0,0.0,0.0,143.06664,NaN,NaN,635.2543,280.9996,-50.60781,0.0,0.0,0.0,300.69916,NaN,NaN
45812C106,2882.3625,2529.7324,-50.375732,0.0,0.0,0.0,0.0,0.0,0.0,519.84796,421.3487,-14.071324,0.0,0.0,0.0,0.0,0.0,0.0
45881K104,223.70135,235.54907,1.692531,0.0,0.0,0.0,0.0,0.0,0.0,NaN,NaN,NaN,0.0,0.0,0.0,0.0,0.0,0.0
459004404,98.56244,117.023415,2.6372821,77.84369,NaN,NaN,0.0,0.0,0.0,347.66043,417.9086,10.035453,396.62314,NaN,NaN,0.0,0.0,0.0
45950T101,423.7824,148.30518,-39.35389,0.0,0.0,0.0,0.0,0.0,0.0,542.82654,335.46783,-29.622671,0.0,0.0,0.0,0.0,0.0,0.0
46072H108,587.01794,594.5438,1.0751256,0.0,0.0,0.0,0.0,0.0,0.0,212.95839,278.19522,9.319548,0.0,0.0,0.0,0.0,0.0,0.0
45031T872,872.1157,468.3323,-57.683346,149.39029,NaN,NaN,NaN,330.0519,NaN,6477.561,5359.893,-159.66685,4344.4717,NaN,NaN,NaN,5504.8027,NaN
469834105,67.630196,120.147545,7.5024786,0.0,0.0,0.0,0.0,0.0,0.0,5124.7734,5992.97,124.028114,0.0,0.0,0.0,0.0,0.0,0.0
470737107,122.0342,116.01672,-0.8596398,24.940495,11.394222,-2.7092545,0.0,0.0,0.0,3236.497,3033.6545,-28.977505,2870.1196,3272.0122,80.37852,0.0,0.0,0.0
46611Q403,161.81868,200.85434,5.576523,0.0,0.0,0.0,0.0,0.0,0.0,642.8372,744.72845,14.555891,0.0,0.0,0.0,0.0,0.0,0.0
477066203,165.64046,NaN,NaN,0.0,0.0,0.0,0.0,0.0,0.0,57.070534,NaN,NaN,0.0,0.0,0.0,0.0,0.0,0.0
481138105,291.31906,NaN,NaN,0.0,0.0,0.0,0.0,0.0,0.0,2039.5568,NaN,NaN,0.0,0.0,0.0,0.0,0.0,0.0
481386100,259.77597,192.66109,-9.58784,0.0,0.0,0.0,0.0,0.0,0.0,449.3696,742.8707,41.928734,0.0,0.0,0.0,0.0,0.0,0.0
48213P106,385.15857,392.00732,0.97839355,0.0,0.0,0.0,0.0,0.0,0.0,533.9326,415.71744,-16.887882,0.0,0.0,0.0,0.0,0.0,0.0
29084Q100,919.1011,423.4186,-70.81178,0.0,0.0,0.0,NaN,156.534,NaN,7.3622494,9.348245,0.2837136,0.0,0.0,0.0,NaN,18.110044,NaN
483007704,NaN,524.8026,NaN,0.0,0.0,0.0,576.52435,722.4524,20.846863,NaN,2927.8542,NaN,0.0,0.0,0.0,4265.7637,6154.339,269.79645
485808109,123.20602,NaN,NaN,0.0,0.0,0.0,0.0,0.0,0.0,1256.4572,NaN,NaN,0.0,0.0,0.0,0.0,0.0,0.0
482434206,440.18118,251.901,-26.89717,81.46106,NaN,NaN,204.44579,145.6062,-8.405655,624.03577,665.6311,5.942191,741.738,NaN,NaN,932.27075,1048.9629,16.670305
482455102,NaN,204.91954,NaN,0.0,0.0,0.0,0.0,0.0,0.0,NaN,2034.0867,NaN,0.0,0.0,0.0,0.0,0.0,0.0
488035106,216.39085,246.13306,4.248886,0.0,0.0,0.0,0.0,0.0,0.0,97.418785,107.83647,1.488241,0.0,0.0,0.0,0.0,0.0,0.0
492716105,156.01582,132.55246,-3.3519092,0.0,0.0,0.0,0.0,0.0,0.0,51.90401,59.256016,1.0502864,0.0,0.0,0.0,0.0,0.0,0.0
494521305,325.8835,295.2915,-4.3702874,0.0,0.0,0.0,328.9335,308.25766,-2.9536917,4.828478,4.8784223,0.0071349144,0.0,0.0,0.0,18.949894,34.149235,2.1713345
498326206,321.56848,244.42389,-11.020656,0.0,0.0,0.0,0.0,0.0,0.0,277.30533,448.7259,24.488651,0.0,0.0,0.0,0.0,0.0,0.0
812350106,4507.1807,5458.4907,135.90144,1446.4319,NaN,NaN,1584.0875,4619.98,433.69894,1100.5535,1052.1069,-6.9209332,1007.8864,NaN,NaN,4603.8174,2411.171,-313.2352
500453204,265.0305,231.42346,-4.8010035,0.0,0.0,0.0,172.96156,278.71265,15.107298,677.6282,425.07822,-36.078564,0.0,0.0,0.0,680.10205,712.56195,4.6371284
505606103,74.965904,90.69779,2.2474124,0.0,0.0,0.0,0.0,0.0,0.0,496.01242,621.1453,17.87613,0.0,0.0,0.0,0.0,0.0,0.0
51808R206,255.20691,NaN,NaN,0.0,0.0,0.0,0.0,0.0,0.0,1612.4419,NaN,NaN,0.0,0.0,0.0,0.0,0.0,0.0
521863308,1290.4813,1184.1272,-15.193446,0.0,0.0,0.0,NaN,1270.7933,NaN,10477.937,8081.3647,-342.3674,0.0,0.0,0.0,NaN,11375.722,NaN
521865204,2093.828,1581.2457,-73.22602,0.0,0.0,0.0,NaN,2989.1978,NaN,2255.2676,1601.9724,-93.32788,0.0,0.0,0.0,NaN,1004.9603,NaN
521098202,436.13855,NaN,NaN,0.0,0.0,0.0,0.0,0.0,0.0,28.888514,NaN,NaN,0.0,0.0,0.0,0.0,0.0,0.0
526262100,87.59913,95.03031,1.0615976,0.0,0.0,0.0,0.0,0.0,0.0,NaN,NaN,NaN,0.0,0.0,0.0,0.0,0.0,0.0
B5628B104,1181.1122,4041.7861,408.6677,0.0,0.0,0.0,0.0,0.0,0.0,491.3167,1448.4375,136.73154,0.0,0.0,0.0,0.0,0.0,0.0
527016109,398.6597,345.29636,-7.6233344,31.846655,0.899398,-1.9342035,30.285326,24.330215,-0.85073006,560.8971,579.1824,2.6121826,381.60736,416.76962,2.1976414,453.23627,498.5289,6.470376
527482103,323.58643,589.24475,37.95119,0.0,0.0,0.0,0.0,0.0,0.0,102.73237,110.902016,1.1670924,0.0,0.0,0.0,0.0,0.0,0.0
530129204,149.0782,NaN,NaN,0.0,0.0,0.0,0.0,0.0,0.0,826.3584,NaN,NaN,0.0,0.0,0.0,0.0,0.0,0.0
536257108,160.61072,97.5933,-9.002488,28.391418,NaN,NaN,52.921413,137.04802,12.018086,2145.633,2774.965,89.90458,2070.6028,NaN,NaN,1157.7633,1064.3027,-13.35151
538032400,279.89584,121.71232,-22.597647,0.0,0.0,0.0,99.44199,69.573715,-4.2668967,104.52732,120.57128,2.2919943,0.0,0.0,0.0,205.20515,279.5618,10.622377
54021P403,584.9354,409.5798,-25.050802,0.0,0.0,0.0,321.62106,291.77124,-4.2642603,792.29834,724.4734,-9.689279,0.0,0.0,0.0,840.85724,1501.5962,94.39128
014383103,2314.1843,1617.2749,-99.55849,-4.499263,NaN,NaN,591.98346,488.8982,-14.726466,748.2072,924.22986,25.146091,541.27234,NaN,NaN,479.86963,476.44043,-0.4898856
540423100,776.965,671.1341,-15.118705,0.0,0.0,0.0,0.0,0.0,0.0,90.712425,82.117455,-1.227853,0.0,0.0,0.0,0.0,0.0,0.0
542290408,729.0463,479.74927,-35.613865,68.01065,42.065422,-1.9957868,NaN,297.44916,NaN,343.7859,569.65497,32.26701,590.684,579.4381,-0.86507004,NaN,422.61447,NaN
543881106,2160.0454,1420.6758,-105.62423,0.0,0.0,0.0,355.9993,NaN,NaN,1246.9447,1189.3469,-8.228254,0.0,0.0,0.0,2360.228,NaN,NaN
501921100,547.9553,1014.4891,66.64768,401.51804,125.54833,-10.2211,926.6678,1241.174,44.92945,770.5297,876.54865,15.14556,325.25638,413.86255,3.28171,481.3929,624.1799,20.398136
552078107,7850.5845,NaN,NaN,0.0,0.0,0.0,0.0,0.0,0.0,1058.5704,NaN,NaN,0.0,0.0,0.0,0.0,0.0,0.0
559211305,327.09534,166.67108,-22.917751,0.0,0.0,0.0,0.0,0.0,0.0,645.4782,467.32114,-25.45101,0.0,0.0,0.0,0.0,0.0,0.0
478129109,NaN,1018.56006,NaN,387.86588,354.8585,-1.9416109,0.0,0.0,0.0,NaN,171.9855,NaN,207.28741,282.9175,4.448829,0.0,0.0,0.0
566244109,1401.2216,1205.3904,-27.975882,0.0,0.0,0.0,0.0,0.0,0.0,162.94536,139.30025,-3.377873,0.0,0.0,0.0,0.0,0.0,0.0
568695209,NaN,109.3437,NaN,83.94969,9.821054,-6.1773868,0.0,0.0,0.0,NaN,240.94434,NaN,244.68045,239.06085,-0.46829987,0.0,0.0,0.0
573913100,1384.3022,1030.2146,-50.58395,243.17166,NaN,NaN,221.06627,NaN,NaN,317.91916,363.80865,6.555642,349.68756,NaN,NaN,524.963,NaN,NaN
582266706,657.12054,584.5325,-10.369725,0.0,0.0,0.0,0.0,0.0,0.0,5406.1177,6601.8276,170.8157,0.0,0.0,0.0,0.0,0.0,0.0
55270M108,207.01701,123.22296,-11.970579,0.0,0.0,0.0,0.0,0.0,0.0,281.80582,257.8407,-3.4235883,0.0,0.0,0.0,0.0,0.0,0.0
58461Q409,116.99048,NaN,NaN,0.0,0.0,0.0,0.0,0.0,0.0,98.27382,NaN,NaN,0.0,0.0,0.0,0.0,0.0,0.0
584951107,63.079723,133.18852,10.015542,0.0,0.0,0.0,0.0,0.0,0.0,1070.756,1121.3054,7.2213483,0.0,0.0,0.0,0.0,0.0,0.0
590436101,520.95905,481.31863,-5.6629157,84.1643,NaN,NaN,0.0,0.0,0.0,457.6182,433.43866,-3.4542193,515.7752,NaN,NaN,0.0,0.0,0.0
590479101,252.10217,362.37564,15.753352,0.0,0.0,0.0,0.0,0.0,0.0,1965.6757,1948.5453,-2.4471958,0.0,0.0,0.0,0.0,0.0,0.0
591324207,404.2267,324.59067,-11.376578,0.0,0.0,0.0,102.46838,294.12433,27.379421,378.0961,183.19626,-27.842834,0.0,0.0,0.0,192.45872,330.04453,19.655115
591596101,971.7247,677.84656,-41.982586,0.0,0.0,0.0,0.0,0.0,0.0,87.148254,10.660422,-10.926833,0.0,0.0,0.0,0.0,0.0,0.0
00374N107,9408.154,1619.1521,-1112.7146,0.0,0.0,0.0,0.0,0.0,0.0,964.53253,561.5816,-57.56442,0.0,0.0,0.0,0.0,0.0,0.0
552813107,288.5072,286.00955,-0.35680717,0.0,0.0,0.0,0.0,0.0,0.0,235.67802,260.37698,3.5284228,0.0,0.0,0.0,0.0,0.0,0.0
594517104,173.75737,171.42006,-0.33390155,0.0,0.0,0.0,0.0,0.0,0.0,225.86328,306.93893,11.582236,0.0,0.0,0.0,0.0,0.0,0.0
598126100,83.73661,120.343506,5.2295566,0.0,0.0,0.0,0.0,0.0,0.0,2429.2542,2302.996,-18.036865,0.0,0.0,0.0,0.0,0.0,0.0
598130102,215.84389,200.99925,-2.1206622,72.68322,NaN,NaN,0.0,0.0,0.0,814.64264,1016.5993,28.850952,1456.2885,NaN,NaN,0.0,0.0,0.0
598709301,199.97481,NaN,NaN,0.0,0.0,0.0,0.0,0.0,0.0,1579.681,NaN,NaN,0.0,0.0,0.0,0.0,0.0,0.0
603669102,368.41354,162.52554,-25.736,0.0,0.0,0.0,0.0,0.0,0.0,129.6181,139.71143,1.2616653,0.0,0.0,0.0,0.0,0.0,0.0
605288208,219.55298,214.99414,-0.6512626,0.0,0.0,0.0,0.0,0.0,0.0,728.11615,740.0036,1.6982073,0.0,0.0,0.0,0.0,0.0,0.0
553100108,105.93735,86.53115,-2.7723138,4.113371,NaN,NaN,0.0,0.0,0.0,48.3699,27.719687,-2.9500306,2.6643052,NaN,NaN,0.0,0.0,0.0
607415106,660.9706,858.2998,28.18989,0.0,0.0,0.0,0.0,0.0,0.0,3295.8623,3825.945,75.72611,0.0,0.0,0.0,0.0,0.0,0.0
60886R103,210.97554,80.789795,-18.597963,0.0,0.0,0.0,0.0,0.0,0.0,48813.305,33889.91,-2131.9136,0.0,0.0,0.0,0.0,0.0,0.0
618447106,507.4114,285.0563,-31.765015,0.0,0.0,0.0,0.0,0.0,0.0,44.064747,44.21754,0.021827698,0.0,0.0,0.0,0.0,0.0,0.0
624581203,650.58203,689.145,5.5089984,0.0,0.0,0.0,0.0,0.0,0.0,881.7536,869.3808,-1.7675432,0.0,0.0,0.0,0.0,0.0,0.0
553166109,21.709833,43.806065,3.1566045,0.0,0.0,0.0,0.0,0.0,0.0,731.1259,552.633,-25.49899,0.0,0.0,0.0,0.0,0.0,0.0
62473L309,940.01294,360.58322,-82.77567,0.0,0.0,0.0,NaN,49.969006,NaN,6477.561,5359.893,-159.66685,0.0,0.0,0.0,NaN,5406.1187,NaN
635570500,274.33878,204.37645,-9.994618,26.950008,NaN,NaN,171.18782,113.581024,-8.229543,1795.1986,2280.4272,69.318375,1746.2064,NaN,NaN,4199.0933,2643.8545,-222.17697
635812209,127.78855,205.30356,11.073572,0.0,0.0,0.0,0.0,0.0,0.0,615.29553,659.4815,6.312282,0.0,0.0,0.0,0.0,0.0,0.0
640820106,517.3311,545.4972,4.023725,0.0,0.0,0.0,0.0,0.0,0.0,1175.3434,1512.489,48.163662,0.0,0.0,0.0,0.0,0.0,0.0
638588103,750.89825,663.045,-12.5504675,0.0,0.0,0.0,0.0,0.0,0.0,879.0916,991.60315,16.073076,0.0,0.0,0.0,0.0,0.0,0.0
64122D506,489.30145,248.1904,-34.444435,0.0,0.0,0.0,0.0,0.0,0.0,7559.0825,5642.6606,-273.77457,0.0,0.0,0.0,0.0,0.0,0.0
641881107,146.54558,70.69371,-10.835981,0.0,0.0,0.0,0.0,0.0,0.0,499.0763,420.19067,-11.269374,0.0,0.0,0.0,0.0,0.0,0.0
655053106,232.40047,210.84084,-3.0799472,0.0,0.0,0.0,0.0,0.0,0.0,585.83514,327.48755,-36.9068,0.0,0.0,0.0,0.0,0.0,0.0
656568508,7456.682,3939.366,-502.47372,0.0,0.0,0.0,1851.5995,2253.2715,57.381714,811.97217,472.1541,-48.545437,0.0,0.0,0.0,111.211395,124.52927,1.902553
666610100,1097.2179,1089.174,-1.149135,0.0,0.0,0.0,0.0,0.0,0.0,787.87744,1063.8629,39.426495,0.0,0.0,0.0,0.0,0.0,0.0
667280408,5066.6094,4975.8384,-12.967285,0.0,0.0,0.0,4027.36,NaN,NaN,2560.7046,2617.2874,8.083252,0.0,0.0,0.0,2388.2996,NaN,NaN
668367204,86.0926,NaN,NaN,0.0,0.0,0.0,0.0,0.0,0.0,770.52997,NaN,NaN,0.0,0.0,0.0,0.0,0.0,0.0
67019U101,661.8939,665.634,0.53429306,0.0,0.0,0.0,0.0,0.0,0.0,10356.154,8728.173,-232.56877,0.0,0.0,0.0,0.0,0.0,0.0
69367F108,13973.574,12759.422,-173.45033,0.0,0.0,0.0,0.0,0.0,0.0,6477.561,5359.894,-159.66672,0.0,0.0,0.0,0.0,0.0,0.0
669935108,148.78212,88.10861,-8.667644,0.0,0.0,0.0,0.0,0.0,0.0,1578.9889,1603.5145,3.503662,0.0,0.0,0.0,0.0,0.0,0.0
62944T105,1224.0905,729.3169,-70.68194,436.34805,377.72168,-11.725275,394.7245,279.3704,-16.479156,391.2838,436.7814,6.4996557,463.46094,397.32397,-13.227392,295.06317,255.03926,-5.7177014
674098207,245.1654,268.07678,3.273054,0.0,0.0,0.0,0.0,0.0,0.0,406.2768,359.42035,-6.693778,0.0,0.0,0.0,0.0,0.0,0.0
67083Q101,257.68588,NaN,NaN,0.0,0.0,0.0,0.0,0.0,0.0,68.252335,NaN,NaN,0.0,0.0,0.0,0.0,0.0,0.0
677007205,228.42921,318.30237,12.839022,0.0,0.0,0.0,0.0,0.0,0.0,574.86865,672.0467,13.882577,0.0,0.0,0.0,0.0,0.0,0.0
682505102,268.9065,NaN,NaN,0.0,0.0,0.0,0.0,0.0,0.0,30.453957,NaN,NaN,0.0,0.0,0.0,0.0,0.0,0.0
686285503,617.1655,474.5295,-20.376574,47.937958,NaN,NaN,259.78284,244.63734,-2.1636417,982.845,731.4949,-35.907158,684.6983,NaN,NaN,1482.2399,987.5427,-70.67102
686588104,278.18344,NaN,NaN,0.0,0.0,0.0,0.0,0.0,0.0,1424.2815,NaN,NaN,0.0,0.0,0.0,0.0,0.0,0.0
690020102,NaN,301.02664,NaN,0.0,0.0,0.0,0.0,0.0,0.0,NaN,846.6339,NaN,0.0,0.0,0.0,0.0,0.0,0.0
690742101,2442.3557,2100.4033,-48.85034,121.98573,NaN,NaN,3144.153,2290.5981,-121.93642,83.626915,90.11203,0.926445,80.85212,NaN,NaN,322.45737,231.73181,-12.9607935
694327107,566.0339,114.46435,-64.50993,0.0,0.0,0.0,0.0,0.0,0.0,11691.642,9276.217,-345.0607,0.0,0.0,0.0,0.0,0.0,0.0
695542100,1443.7993,1388.6328,-7.880929,0.0,0.0,0.0,0.0,0.0,0.0,8242.005,13012.526,681.50305,0.0,0.0,0.0,0.0,0.0,0.0
696639103,146.28687,141.77698,-0.64426965,0.0,0.0,0.0,0.0,0.0,0.0,72.37204,203.37378,18.714535,0.0,0.0,0.0,0.0,0.0,0.0
697757102,1284.653,1094.8062,-27.120972,232.89761,NaN,NaN,0.0,0.0,0.0,814.64264,1016.5993,28.850952,1456.2885,NaN,NaN,0.0,0.0,0.0
698891108,388.30798,214.41151,-24.842352,0.0,0.0,0.0,0.0,0.0,0.0,2544.949,1980.5399,-80.62987,0.0,0.0,0.0,0.0,0.0,0.0
69912K206,211.27197,171.97746,-5.6135015,22.668402,NaN,NaN,0.0,0.0,0.0,671.16974,762.1329,12.994734,823.0654,NaN,NaN,0.0,0.0,0.0
704378405,519.30255,574.08014,7.82537,0.0,0.0,0.0,0.0,0.0,0.0,2104.425,2844.4072,105.71174,0.0,0.0,0.0,0.0,0.0,0.0
70556K106,385.86255,279.31583,-15.220961,0.0,0.0,0.0,0.0,0.0,0.0,519.1319,427.93616,-13.027963,0.0,0.0,0.0,0.0,0.0,0.0
707832309,162.55179,199.07718,5.217913,0.0,0.0,0.0,201.32837,166.88313,-4.920748,2621.2742,1837.2379,-112.00518,0.0,0.0,0.0,1893.8512,2584.2598,98.6298
709620108,111.42684,107.50674,-0.560015,0.0,0.0,0.0,0.0,0.0,0.0,94.0171,93.597664,-0.059919085,0.0,0.0,0.0,0.0,0.0,0.0
71366Q200,1609.2599,1427.28,-25.997122,0.0,0.0,0.0,0.0,0.0,0.0,1203.4382,942.21985,-37.316914,0.0,0.0,0.0,0.0,0.0,0.0
716769203,152.14777,124.793724,-3.9077203,0.46132007,0.4362561,-0.002278542,50.31679,47.613216,-0.38622501,153.62921,155.48183,0.26465935,158.8751,118.40592,-3.6790168,189.58975,190.16522,0.08221
717113203,132.38383,108.6162,-3.395376,0.0,0.0,0.0,0.0,0.0,0.0,2123.3132,3334.4905,173.02531,0.0,0.0,0.0,0.0,0.0,0.0
719151102,131.94159,117.72848,-2.0304446,0.0,0.0,0.0,0.0,0.0,0.0,709.19464,724.74,2.2207642,0.0,0.0,0.0,0.0,0.0,0.0
72147K108,1497.6464,1018.2773,-68.4813,0.0,0.0,0.0,NaN,1613.9419,NaN,240.81966,256.09937,2.1828156,0.0,0.0,0.0,NaN,190.17007,NaN
721506103,728.41113,707.3454,-3.0093906,0.0,0.0,0.0,0.0,0.0,0.0,14.957431,10.057179,-0.7000359,0.0,0.0,0.0,0.0,0.0,0.0
723643300,408.1578,324.31802,-11.977112,0.0,0.0,0.0,0.0,0.0,0.0,935.968,990.6845,7.816642,0.0,0.0,0.0,0.0,0.0,0.0
72702Q102,720.80634,236.39545,-69.20155,0.0,0.0,0.0,0.0,0.0,0.0,554.24677,760.0016,29.393545,0.0,0.0,0.0,0.0,0.0,0.0
731095105,1057.5354,897.2943,-22.891584,0.0,0.0,0.0,0.0,0.0,0.0,1545.2894,1308.557,-33.818916,0.0,0.0,0.0,0.0,0.0,0.0
731745204,664.83075,610.70874,-7.7317157,0.0,0.0,0.0,0.0,0.0,0.0,246.7667,203.37593,-6.1986804,0.0,0.0,0.0,0.0,0.0,0.0
732827100,227.81097,324.87167,13.865814,0.0,0.0,0.0,0.0,0.0,0.0,1445.516,1653.8221,29.758022,0.0,0.0,0.0,0.0,0.0,0.0
741016307,178.39813,NaN,NaN,0.0,0.0,0.0,0.0,0.0,0.0,430.93744,NaN,NaN,0.0,0.0,0.0,0.0,0.0,0.0
741917108,1208.8418,1011.45764,-28.197737,NaN,17.169582,NaN,219.72253,275.9886,8.038008,302.33005,252.05106,-7.182713,NaN,345.0399,NaN,317.7973,426.1402,15.477556
74342L105,135.10333,143.985,1.2688097,0.0,0.0,0.0,0.0,0.0,0.0,121.9747,90.50726,-4.4953485,0.0,0.0,0.0,0.0,0.0,0.0
74437C101,3350.038,3191.724,-22.616282,0.0,0.0,0.0,0.0,0.0,0.0,1704.5934,1032.6005,-95.998985,0.0,0.0,0.0,0.0,0.0,0.0
747275105,69.27766,196.43048,18.16469,131.76884,NaN,NaN,0.0,0.0,0.0,489.36557,816.3689,46.71476,890.64014,NaN,NaN,0.0,0.0,0.0
749361200,2280.9043,2015.5472,-37.90815,0.0,0.0,0.0,662.00714,NaN,NaN,3406.1245,4627.1445,174.43143,0.0,0.0,0.0,4178.5063,NaN,NaN
749412102,287.61996,129.1221,-22.642551,0.0,0.0,0.0,0.0,0.0,0.0,697.28143,651.7518,-6.5042377,0.0,0.0,0.0,0.0,0.0,0.0
756268108,234.3502,232.3,-0.29288593,0.0,0.0,0.0,0.0,0.0,0.0,2081.6323,2581.1082,71.35369,0.0,0.0,0.0,0.0,0.0,0.0
756285102,45.789692,185.40852,19.945547,0.0,0.0,0.0,0.0,0.0,0.0,279.50146,232.00914,-6.784618,0.0,0.0,0.0,0.0,0.0,0.0
757209507,532.6002,343.81067,-26.969936,0.0,0.0,0.0,192.09908,255.2676,9.024074,430.08405,424.65936,-0.7749547,0.0,0.0,0.0,704.35675,722.467,2.5871756
398189100,274.33136,338.667,9.1908045,0.0,0.0,0.0,126.57609,163.37271,5.2566605,412.16318,502.99173,12.975508,0.0,0.0,0.0,352.5055,355.50293,0.42820522
761406107,NaN,265.46796,NaN,63.9977,65.29157,0.117624804,207.04216,NaN,NaN,NaN,2205.6885,NaN,1219.117,1051.5264,-15.235507,1156.4729,NaN,NaN
74957T104,291.06583,294.34314,0.4681876,0.0,0.0,0.0,0.0,0.0,0.0,543.2823,687.4842,20.600271,0.0,0.0,0.0,0.0,0.0,0.0
762430205,1654.5406,806.54865,-121.141716,0.0,0.0,0.0,0.0,0.0,0.0,1639.5442,798.91077,-120.09049,0.0,0.0,0.0,0.0,0.0,0.0
779088103,105.67023,NaN,NaN,0.0,0.0,0.0,0.0,0.0,0.0,723.4333,NaN,NaN,0.0,0.0,0.0,0.0,0.0,0.0
G7702U102,1547.1504,1238.7251,-44.060757,0.0,0.0,0.0,0.0,0.0,0.0,12499.849,7559.0825,-705.8237,0.0,0.0,0.0,0.0,0.0,0.0
794004200,120.49741,136.76372,2.3237576,0.32707852,36.47936,2.7809446,154.32527,148.59583,-0.81849235,334.34,438.65952,14.902788,113.70477,163.55452,3.834596,190.18845,216.98346,3.8278592
795872100,NaN,444.38583,NaN,0.0,0.0,0.0,0.0,0.0,0.0,NaN,575.7864,NaN,0.0,0.0,0.0,0.0,0.0,0.0
811371707,1024.7769,NaN,NaN,0.0,0.0,0.0,0.0,0.0,0.0,3045.2092,NaN,NaN,0.0,0.0,0.0,0.0,0.0,0.0
816074405,293.71646,315.6468,3.132904,0.0,0.0,0.0,0.0,0.0,0.0,515.53314,276.2793,-34.17912,0.0,0.0,0.0,0.0,0.0,0.0
817587108,726.4661,581.9805,-20.640799,224.96272,NaN,NaN,0.0,0.0,0.0,2243.7393,1766.6224,-68.159546,1714.5834,NaN,NaN,0.0,0.0,0.0
G80550109,87.70719,98.412895,1.5293863,0.0,0.0,0.0,0.0,0.0,0.0,871.57416,1027.3348,22.251526,0.0,0.0,0.0,0.0,0.0,0.0
82967Y104,434.81128,299.63956,-19.310246,0.0,0.0,0.0,0.0,0.0,0.0,486.73004,444.7725,-5.9939356,0.0,0.0,0.0,0.0,0.0,0.0
83001A102,1401.0122,1123.7567,-39.60793,0.0,0.0,0.0,NaN,1319.6611,NaN,1361.6075,1082.4509,-39.879517,0.0,0.0,0.0,NaN,802.133,NaN
78442T108,356.12167,307.7097,-6.915998,0.0,0.0,0.0,0.0,0.0,0.0,258.6729,222.95473,-5.1025977,0.0,0.0,0.0,0.0,0.0,0.0
434149100,370.10828,NaN,NaN,0.0,0.0,0.0,0.0,0.0,0.0,124.05591,NaN,NaN,0.0,0.0,0.0,0.0,0.0,0.0
83169A100,192.38934,270.36502,11.139382,0.0,0.0,0.0,0.0,0.0,0.0,345.91684,436.53247,12.94509,0.0,0.0,0.0,0.0,0.0,0.0
832110100,694.03253,325.98102,-52.57879,53.02416,180.00494,18.140112,367.02042,468.42352,14.486158,375.56543,393.56638,2.5715637,524.2781,613.2037,12.703657,465.5174,594.75543,18.462576
83272A104,3089.2314,1940.3356,-164.12798,0.0,0.0,0.0,NaN,2285.0664,NaN,3414.366,2045.1747,-195.59875,0.0,0.0,0.0,NaN,3791.2778,NaN
83546Q109,239.52196,136.6571,-14.694979,0.0,0.0,0.0,0.0,0.0,0.0,2586.6646,1745.44,-120.17494,0.0,0.0,0.0,0.0,0.0,0.0
836151209,362.0187,820.87036,65.55024,0.0,0.0,0.0,0.0,0.0,0.0,59.14664,21.152287,-5.427765,0.0,0.0,0.0,0.0,0.0,0.0
84649R200,1296.1302,821.7797,-67.76436,43.148697,NaN,NaN,NaN,717.9267,NaN,2145.6943,1615.3389,-75.76507,1158.7922,NaN,NaN,NaN,2315.693,NaN
84741Y103,289.22083,250.20126,-5.574223,0.0,0.0,0.0,0.0,0.0,0.0,2789.775,2927.8542,19.72562,0.0,0.0,0.0,0.0,0.0,0.0
84761M104,1756.8561,1411.9076,-49.278355,0.0,0.0,0.0,1244.9175,1865.7091,88.68452,725.38556,443.8911,-40.213493,0.0,0.0,0.0,600.0697,574.97363,-3.5851529
847607108,383.59384,403.9075,2.9019513,0.0,0.0,0.0,0.0,0.0,0.0,937.42474,1079.9387,20.35914,0.0,0.0,0.0,0.0,0.0,0.0
84763R101,1322.0391,1123.503,-28.362288,0.0,0.0,0.0,NaN,1155.4132,NaN,284.04968,312.96695,4.131038,0.0,0.0,0.0,NaN,238.39877,NaN
848457107,1107.0051,NaN,NaN,0.0,0.0,0.0,0.0,0.0,0.0,149.9648,NaN,NaN,0.0,0.0,0.0,0.0,0.0,0.0
85254C305,NaN,379.3672,NaN,0.0,0.0,0.0,330.0271,229.28752,-14.391368,NaN,2220.0925,NaN,0.0,0.0,0.0,1290.3303,1266.5299,-3.4000592
853156206,175.15044,143.16748,-4.5689936,104.841774,99.024445,-1.1634659,83.97713,71.9021,-1.725004,278.28464,216.93553,-8.764158,227.53227,273.13254,9.120053,145.32603,359.55423,30.604029
854923109,NaN,182.38947,NaN,0.0,0.0,0.0,0.0,0.0,0.0,NaN,7559.0825,NaN,0.0,0.0,0.0,0.0,0.0,0.0
85569E103,242.66882,151.58902,-13.0114,0.0,0.0,0.0,0.0,0.0,0.0,1612.4419,578.56573,-147.69661,0.0,0.0,0.0,0.0,0.0,0.0
857689103,5916.379,NaN,NaN,0.0,0.0,0.0,0.0,0.0,0.0,2849.7693,NaN,NaN,0.0,0.0,0.0,0.0,0.0,0.0
861572105,272.25623,227.84229,-6.3448486,0.0,0.0,0.0,0.0,0.0,0.0,86.847885,95.742485,1.2706572,0.0,0.0,0.0,0.0,0.0,0.0
862111200,1048.7078,798.9505,-35.679607,108.88533,360.8873,25.200197,786.4863,746.19226,-5.756295,117.22706,86.320274,-4.415255,74.74012,156.56194,8.182181,152.8382,118.7935,-4.863528
86677E100,1600.9215,1140.3223,-65.79989,0.0,0.0,0.0,0.0,0.0,0.0,517.94,437.46463,-11.496482,0.0,0.0,0.0,0.0,0.0,0.0
866881105,72.945114,69.14126,-0.543408,0.0,0.0,0.0,0.0,0.0,0.0,390.74194,526.80273,19.437256,0.0,0.0,0.0,0.0,0.0,0.0
86688Q100,101.845436,NaN,NaN,0.0,0.0,0.0,0.0,0.0,0.0,2039.5568,NaN,NaN,0.0,0.0,0.0,0.0,0.0,0.0
87163L103,218.86595,NaN,NaN,0.0,0.0,0.0,0.0,0.0,0.0,2923.7917,NaN,NaN,0.0,0.0,0.0,0.0,0.0,0.0
871839205,267.95346,183.94919,-12.00061,0.0,0.0,0.0,0.0,0.0,0.0,398.1438,875.3305,68.16953,0.0,0.0,0.0,0.0,0.0,0.0
873452304,90.02081,125.5942,5.0819125,13.523131,11.715049,-0.22601032,82.544044,37.3922,-6.4502635,357.28943,543.6201,26.61867,670.5452,574.6766,-11.983582,399.5385,429.28015,4.2488055
878415108,NaN,185.29092,NaN,0.0,0.0,0.0,0.0,0.0,0.0,NaN,36.714188,NaN,0.0,0.0,0.0,0.0,0.0,0.0
879908101,94.12289,155.98839,8.837929,0.0,0.0,0.0,0.0,0.0,0.0,5818.9067,5207.941,-87.28083,0.0,0.0,0.0,0.0,0.0,0.0
87959Y103,2419.5706,1373.8359,-149.39066,0.0,0.0,0.0,0.0,0.0,0.0,12695.886,10996.938,-242.70676,0.0,0.0,0.0,0.0,0.0,0.0
87971Q104,77.11431,72.08242,-0.71884155,0.0,0.0,0.0,0.0,0.0,0.0,955.3533,964.5328,1.3113577,0.0,0.0,0.0,0.0,0.0,0.0
881451108,219.99406,137.0466,-11.849638,0.0,0.0,0.0,0.0,0.0,0.0,333.7263,409.32867,10.800341,0.0,0.0,0.0,0.0,0.0,0.0
881694103,15656.081,13906.582,-249.92844,8001.6187,NaN,NaN,16432.574,15148.889,-183.38365,5744.76,6880.1436,162.19768,7570.8667,NaN,NaN,7056.187,7847.708,113.074425
882445109,187.0244,117.93891,-9.869355,99.145226,NaN,NaN,164.0672,115.94966,-6.8739343,896.1966,240.94434,-93.60747,330.70575,NaN,NaN,597.6171,226.04523,-53.0817
872424106,127.923706,105.42188,-3.2145462,89.28032,80.47357,-1.1008434,122.18667,NaN,NaN,293.14056,354.62924,8.784097,365.44727,365.64096,0.024211884,369.5159,NaN,NaN
885184101,164.76947,163.4803,-0.18416704,0.0,0.0,0.0,0.0,0.0,0.0,1810.1705,2098.2166,41.149433,0.0,0.0,0.0,0.0,0.0,0.0
889039103,157.2075,196.67198,5.6377826,28.291098,38.758423,0.8051789,39.029583,38.960518,-0.009866442,698.2962,581.67346,-16.66039,427.9982,408.00665,-1.5378113,301.6759,310.2663,1.227199
889073201,268.1121,393.37314,17.894436,0.0,0.0,0.0,0.0,0.0,0.0,296.06607,60.82228,-33.606255,0.0,0.0,0.0,0.0,0.0,0.0
872962105,1014.6418,943.2958,-10.1922865,0.0,0.0,0.0,0.0,0.0,0.0,NaN,1078.0394,NaN,0.0,0.0,0.0,0.0,0.0,0.0
891697104,104.89524,130.11176,3.6023593,0.0,0.0,0.0,0.0,0.0,0.0,2193.7966,2564.5967,52.971436,0.0,0.0,0.0,0.0,0.0,0.0
891707101,818.8584,888.633,9.967799,0.0,0.0,0.0,0.0,0.0,0.0,53.058517,72.76617,2.8153784,0.0,0.0,0.0,0.0,0.0,0.0
89299Y009,255.74243,159.21837,-13.789152,89.99295,59.903572,-5.0148964,0.0,0.0,0.0,NaN,NaN,NaN,NaN,NaN,NaN,0.0,0.0,0.0
892149105,158.21007,158.62566,0.05936977,0.0,0.0,0.0,0.0,0.0,0.0,230.19427,258.32645,4.018882,0.0,0.0,0.0,0.0,0.0,0.0
89376N108,279.1674,224.88799,-7.7542005,0.0,0.0,0.0,0.0,0.0,0.0,2187.9026,2159.0332,-4.124198,0.0,0.0,0.0,0.0,0.0,0.0
893878108,65.69648,54.00998,-1.6695001,0.0,0.0,0.0,0.0,0.0,0.0,155.06287,205.92497,7.266015,0.0,0.0,0.0,0.0,0.0,0.0
894859107,59.918785,69.23876,1.3314253,0.0,0.0,0.0,0.0,0.0,0.0,673.26996,383.5633,-41.386665,0.0,0.0,0.0,0.0,0.0,0.0
896106200,242.99097,187.03264,-7.9940467,0.0,0.0,0.0,128.55168,208.04494,11.356179,2081.7844,2484.2297,57.492188,0.0,0.0,0.0,842.258,828.6729,-1.9407262
896925203,107.45007,106.14465,-0.18648855,0.0,0.0,0.0,0.0,0.0,0.0,162.91177,151.92722,-1.5692226,0.0,0.0,0.0,0.0,0.0,0.0
89816T103,778.6634,875.321,13.808228,0.0,0.0,0.0,929.67706,817.0099,-16.09531,3262.017,1634.761,-232.46516,0.0,0.0,0.0,2060.657,2799.6667,105.57282
872918107,170.27496,101.50015,-9.824973,0.0,0.0,0.0,0.0,0.0,0.0,624.6308,628.3668,0.5337176,0.0,0.0,0.0,0.0,0.0,0.0
899900104,258.9189,204.74693,-7.7388544,0.0,0.0,0.0,0.0,0.0,0.0,134.67819,111.20539,-3.3532574,0.0,0.0,0.0,0.0,0.0,0.0
901167106,84.68594,67.55518,-2.4472516,0.0,0.0,0.0,0.0,0.0,0.0,3834.676,3606.1804,-32.64223,0.0,0.0,0.0,0.0,0.0,0.0
87311M102,216.05562,194.79466,-3.0372794,0.0,0.0,0.0,0.0,0.0,0.0,2253.9902,1973.3651,-40.089302,0.0,0.0,0.0,0.0,0.0,0.0
90334D109,203.2896,41.48935,-23.11432,0.0,0.0,0.0,0.0,0.0,0.0,399.51633,467.33862,9.688899,0.0,0.0,0.0,0.0,0.0,0.0
90333L201,192.27437,162.64345,-4.232989,0.0,0.0,0.0,0.0,0.0,0.0,417.25128,483.96255,9.530182,0.0,0.0,0.0,0.0,0.0,0.0
911920106,508.61325,364.57626,-20.576712,116.38045,85.68897,-3.8364344,447.4149,359.0462,-12.624098,417.9086,391.2838,-3.803541,443.59283,425.9754,-2.202179,326.44315,253.76436,-10.382684
90331T107,155.93932,NaN,NaN,0.0,0.0,0.0,0.0,0.0,0.0,119.20049,NaN,NaN,0.0,0.0,0.0,0.0,0.0,0.0
910047109,4540.527,6110.156,224.2327,190.14758,NaN,NaN,6708.0728,5919.091,-112.71171,2197.101,2349.5012,21.77145,2463.6506,NaN,NaN,3153.288,2630.173,-74.73071
902646108,310.92264,334.5877,3.3807242,0.0,0.0,0.0,0.0,0.0,0.0,352.97427,255.40373,-13.938649,0.0,0.0,0.0,0.0,0.0,0.0
903849107,72.129105,72.03208,-0.01386043,0.0,0.0,0.0,0.0,0.0,0.0,798.15356,1066.4636,38.33001,0.0,0.0,0.0,0.0,0.0,0.0
910858109,249.97417,218.56026,-4.4877014,205.36711,NaN,NaN,NaN,96.47927,NaN,49.013485,37.343113,-1.667196,24.43889,NaN,NaN,NaN,31.302927,NaN
35241Q107,NaN,118.176605,NaN,20.381618,18.67319,-0.06327516,176.2415,143.45517,-4.6837616,NaN,170.89511,NaN,34.647778,49.7147,0.5580341,94.32592,67.193115,-3.876115
903293405,1866.3809,1805.9492,-8.633092,0.0,0.0,0.0,1597.415,1182.884,-59.218716,149.5201,267.53845,16.859766,0.0,0.0,0.0,291.82678,242.50342,-7.046195
917311805,1381.9404,202.52588,-168.4878,0.0,0.0,0.0,0.0,0.0,0.0,1458.2094,996.932,-65.89677,0.0,0.0,0.0,0.0,0.0,0.0
91972C106,130.75719,85.17132,-6.512267,0.0,0.0,0.0,0.0,0.0,0.0,NaN,NaN,NaN,0.0,0.0,0.0,0.0,0.0,0.0
919902106,144.73381,86.75544,-8.282624,0.0,0.0,0.0,0.0,0.0,0.0,3092.6392,2971.0837,-17.36506,0.0,0.0,0.0,0.0,0.0,0.0
494580103,2624.338,599.4429,-289.27072,0.0,0.0,0.0,572.44214,357.6977,-30.677778,512.82367,435.98056,-10.977587,0.0,0.0,0.0,642.2229,447.8325,-27.77006
923275101,220.94708,277.5086,8.080217,0.0,0.0,0.0,0.0,0.0,0.0,334.20685,650.3802,45.16762,0.0,0.0,0.0,0.0,0.0,0.0
92335X100,445.30203,200.69766,-34.94348,0.0,0.0,0.0,0.0,0.0,0.0,7559.0835,5642.658,-273.77505,0.0,0.0,0.0,0.0,0.0,0.0
92336G106,803.23846,821.68896,2.6357858,0.0,0.0,0.0,0.0,0.0,0.0,1049.2656,956.29755,-13.281154,0.0,0.0,0.0,0.0,0.0,0.0
925492100,242.70473,146.1436,-13.794447,0.0,0.0,0.0,0.0,0.0,0.0,73.75923,79.943184,0.8834218,0.0,0.0,0.0,0.0,0.0,0.0
92553H803,1189.8938,556.50726,-79.17332,0.0,0.0,0.0,0.0,0.0,0.0,705.2872,742.44147,4.644287,0.0,0.0,0.0,0.0,0.0,0.0
925529208,1647.1661,1804.9226,22.536638,0.0,0.0,0.0,0.0,0.0,0.0,11867.65,6477.557,-770.0133,0.0,0.0,0.0,0.0,0.0,0.0
63845P101,114.58008,100.16014,-2.0599911,0.0,0.0,0.0,69.07587,60.87233,-1.1719339,91.22162,104.61673,1.9135873,0.0,0.0,0.0,110.93275,209.81285,14.12573
92839U206,1524.1141,1377.6469,-20.923899,0.0,0.0,0.0,0.0,0.0,0.0,964.5779,634.49725,-47.154377,0.0,0.0,0.0,0.0,0.0,0.0
928559103,645.57007,333.87024,-44.528545,0.0,0.0,0.0,0.0,0.0,0.0,3234.1226,2540.4578,-99.09497,0.0,0.0,0.0,0.0,0.0,0.0
38388F108,770.15796,388.9395,-63.536407,144.24464,782.09894,16.785639,3688.2158,3236.106,-64.58712,988.79535,999.6994,1.8173422,1196.5894,1433.3716,6.231111,734.2638,603.44775,-18.688005
93369N109,871.1409,905.0801,4.8484497,113.35799,NaN,NaN,371.1946,422.6695,7.3535547,195.99852,280.71805,12.10279,305.86462,NaN,NaN,323.97638,382.01755,8.291595
934390402,1325.9366,1083.9249,-34.5731,0.0,0.0,0.0,398.03683,562.33044,23.470516,321.4656,324.36978,0.41488212,0.0,0.0,0.0,487.51178,440.39246,-6.731332
938862208,376.62833,702.3733,46.534996,0.0,0.0,0.0,NaN,334.46783,NaN,95.742485,120.467155,3.5320957,0.0,0.0,0.0,NaN,141.75447,NaN
94769A101,554.0961,418.22885,-19.40961,0.0,0.0,0.0,0.0,0.0,0.0,12695.886,10996.935,-242.7073,0.0,0.0,0.0,0.0,0.0,0.0
94845V103,1253.5063,89.14216,-166.33774,0.0,0.0,0.0,0.0,0.0,0.0,439.09097,211.43025,-32.52296,0.0,0.0,0.0,0.0,0.0,0.0
948462106,168.31706,218.38255,7.152213,0.0,0.0,0.0,0.0,0.0,0.0,602.5346,793.34924,27.259233,0.0,0.0,0.0,0.0,0.0,0.0
948774104,349.05655,NaN,NaN,0.0,0.0,0.0,0.0,0.0,0.0,624.5251,NaN,NaN,0.0,0.0,0.0,0.0,0.0,0.0
955465109,751.502,658.3511,-13.307277,0.0,0.0,0.0,822.01514,NaN,NaN,200.50342,233.53844,4.7192883,0.0,0.0,0.0,242.63562,NaN,NaN
958043408,584.44885,597.79926,1.9072005,55.927177,NaN,NaN,262.44214,313.59094,7.306972,1073.2681,1468.974,56.52942,1503.7728,NaN,NaN,1654.9768,1397.2848,-36.813145
960878106,68.108055,47.0296,-3.011208,0.0,0.0,0.0,16.399988,14.764772,-0.23360226,193.56049,219.3041,3.677658,0.0,0.0,0.0,311.88824,515.2352,29.04957
961238102,818.45856,891.5615,10.443281,0.0,0.0,0.0,0.0,0.0,0.0,6.9589925,8.815849,0.26526526,0.0,0.0,0.0,0.0,0.0,0.0
410315105,892.0276,783.9346,-15.441859,287.0571,170.40521,-11.665189,133.01262,108.84492,-3.4525287,976.77277,900.40894,-10.909119,1200.4484,1808.5361,60.808777,2708.8235,3519.0806,115.751015
194831004,NaN,1320.2108,NaN,246.4495,266.37476,2.213918,243.19615,NaN,NaN,NaN,537.7403,NaN,73.48611,95.82612,2.4822235,83.29983,NaN,NaN
972218101,136.88936,148.17279,1.6119188,80.81678,91.01457,3.399264,148.20262,139.6776,-1.2178606,148.47786,117.93434,-4.36336,144.0802,152.36555,2.7617848,185.26637,249.52238,9.17943
974280307,1088.578,557.8259,-75.821724,0.0,0.0,0.0,627.5699,396.73145,-32.97692,1778.5227,2462.921,97.77117,0.0,0.0,0.0,4403.002,3131.8909,-181.5873
975515107,3210.5793,3547.623,48.1491,0.0,0.0,0.0,0.0,0.0,0.0,11867.65,6477.557,-770.0133,0.0,0.0,0.0,0.0,0.0,0.0
97652H109,224.04565,223.88138,-0.023468018,0.0,0.0,0.0,0.0,0.0,0.0,3121.9824,3882.4226,108.634315,0.0,0.0,0.0,0.0,0.0,0.0
98141A101,729.5859,593.234,-19.478838,0.0,0.0,0.0,0.0,0.0,0.0,11867.648,6477.556,-770.0132,0.0,0.0,0.0,0.0,0.0,0.0
981902109,426.6123,380.45996,-6.593192,159.6235,NaN,NaN,0.0,0.0,0.0,423.93018,318.44547,-15.069244,619.8374,NaN,NaN,0.0,0.0,0.0
981579105,21.880457,-34.909447,-8.1128435,0.0,0.0,0.0,0.0,0.0,0.0,697.77124,594.18506,-14.798026,0.0,0.0,0.0,0.0,0.0,0.0
981907108,134.69902,141.21466,0.93080574,0.0,0.0,0.0,0.0,0.0,0.0,201.8463,228.90434,3.865435,0.0,0.0,0.0,0.0,0.0,0.0
894688100,137.15947,123.05715,-2.0146167,41.216133,5.9211526,-5.04214,75.602455,73.806274,-0.25659725,550.78925,527.84344,-3.2779715,632.16614,1187.9193,79.39331,1037.271,1114.8408,11.081404
98416J118,NaN,297.86,NaN,0.0,0.0,0.0,NaN,265.5807,NaN,NaN,80.135666,NaN,0.0,0.0,0.0,NaN,53.767796,NaN
98417K106,9085.928,4490.396,-656.5045,0.0,0.0,0.0,0.0,0.0,0.0,6477.561,5359.8945,-159.66664,0.0,0.0,0.0,0.0,0.0,0.0
989349105,551.9479,NaN,NaN,0.0,0.0,0.0,0.0,0.0,0.0,1494.8289,NaN,NaN,0.0,0.0,0.0,0.0,0.0,0.0
20557T101,0.0,0.0,0.0,355.5936,NaN,NaN,322.09225,365.0656,6.139051,0.0,0.0,0.0,297.71924,NaN,NaN,313.72287,393.36478,11.377416
212072102,0.0,0.0,0.0,30.155905,NaN,NaN,14.246649,37.144238,3.271084,0.0,0.0,0.0,1073.8208,NaN,NaN,667.7263,779.8066,16.011465
086553104,0.0,0.0,0.0,0.0,0.0,0.0,NaN,247.60075,NaN,0.0,0.0,0.0,0.0,0.0,0.0,NaN,1587.2075,NaN
G3921A175,0.0,0.0,0.0,0.0,0.0,0.0,NaN,400.91327,NaN,0.0,0.0,0.0,0.0,0.0,0.0,NaN,5504.8027,NaN
172936106,0.0,0.0,0.0,0.0,0.0,0.0,319.6705,324.2092,0.64838517,0.0,0.0,0.0,0.0,0.0,0.0,233.71071,385.28104,21.652905
457661106,0.0,0.0,0.0,0.0,0.0,0.0,NaN,323.48694,NaN,0.0,0.0,0.0,0.0,0.0,0.0,NaN,720.59845,NaN
44980Y305,0.0,0.0,0.0,0.0,0.0,0.0,NaN,558.6498,NaN,0.0,0.0,0.0,0.0,0.0,0.0,NaN,731.70026,NaN
46624E405,0.0,0.0,0.0,0.0,0.0,0.0,155.19974,80.58494,-10.659257,0.0,0.0,0.0,0.0,0.0,0.0,115.9356,115.58207,-0.050504413
48577P106,0.0,0.0,0.0,0.0,0.0,0.0,NaN,243.16223,NaN,0.0,0.0,0.0,0.0,0.0,0.0,NaN,1446.5319,NaN
578349102,0.0,0.0,0.0,0.0,0.0,0.0,126.15983,149.91002,3.3928845,0.0,0.0,0.0,0.0,0.0,0.0,551.7811,648.2389,13.77968
586014102,0.0,0.0,0.0,0.0,0.0,0.0,102.808754,81.489456,-3.045614,0.0,0.0,0.0,0.0,0.0,0.0,22.627289,37.40764,2.1114786
636317109,0.0,0.0,0.0,0.0,0.0,0.0,454.60852,523.36475,9.822318,0.0,0.0,0.0,0.0,0.0,0.0,303.87564,244.06425,-8.544484
70322A101,0.0,0.0,0.0,0.0,0.0,0.0,607.0981,622.17596,2.1539829,0.0,0.0,0.0,0.0,0.0,0.0,2604.2202,2442.8867,-23.047642
98387T103,0.0,0.0,0.0,0.0,0.0,0.0,21.639029,NaN,NaN,0.0,0.0,0.0,0.0,0.0,0.0,1586.6211,NaN,NaN
71654J108,0.0,0.0,0.0,0.0,0.0,0.0,469.7389,511.00217,5.8947535,0.0,0.0,0.0,0.0,0.0,0.0,167.73996,252.6501,12.13002
746276104,0.0,0.0,0.0,0.0,0.0,0.0,102.39121,NaN,NaN,0.0,0.0,0.0,0.0,0.0,0.0,2054.265,NaN,NaN
686857103,0.0,0.0,0.0,0.0,0.0,0.0,308.3999,NaN,NaN,0.0,0.0,0.0,0.0,0.0,0.0,485.8928,NaN,NaN
761339100,0.0,0.0,0.0,0.0,0.0,0.0,535.5968,660.9273,17.904358,0.0,0.0,0.0,0.0,0.0,0.0,630.69885,589.50684,-5.884574
827056300,0.0,0.0,0.0,0.0,0.0,0.0,179.58563,NaN,NaN,0.0,0.0,0.0,0.0,0.0,0.0,1834.7543,NaN,NaN
834376501,0.0,0.0,0.0,0.0,0.0,0.0,973.28546,771.1626,-28.874695,0.0,0.0,0.0,0.0,0.0,0.0,7256.3193,6198.0835,-151.17654
817826209,0.0,0.0,0.0,0.0,0.0,0.0,2773.7373,2895.3486,17.373047,0.0,0.0,0.0,0.0,0.0,0.0,2431.2712,2293.8293,-19.634556
849416201,0.0,0.0,0.0,0.0,0.0,0.0,78.033356,80.36624,0.3332694,0.0,0.0,0.0,0.0,0.0,0.0,125.75831,129.488,0.532814
893349837,0.0,0.0,0.0,0.0,0.0,0.0,1130.2554,853.7419,-39.501926,0.0,0.0,0.0,0.0,0.0,0.0,1825.8019,1741.3823,-12.059937
988858106,0.0,0.0,0.0,0.0,0.0,0.0,466.03467,576.4685,15.776262,0.0,0.0,0.0,0.0,0.0,0.0,158.32037,180.36757,3.1495993
