4199,023426703,0.24,3420,46,1,AFTER
4291,023426703,0.25,3420,47,1,AFTER
4383,023426703,0.25,3420,48,1,AFTER
4473,023426703,0.26,3420,49,1,AFTER
4564,023426703,0.30,3420,50,1,AFTER
2372,G6359F103,0.10,1381,26,1,AFTER
2464,G6359F103,0.20,1381,27,1,AFTER
2556,G6359F103,0.29,1381,28,1,AFTER
7244,269514204,0.85,5411,80,1,AFTER
5021,538032400,0.18,7822,55,1,AFTER
3742,141649301,0.41,8051,41,1,AFTER
3833,141649301,0.44,8051,42,1,AFTER
3925,141649301,0.45,8051,43,1,AFTER
4017,141649301,0.45,8051,44,1,AFTER
4108,141649301,0.46,8051,45,1,AFTER
59,158496109,0.78,2451,1,1,AFTER
151,158496109,1.11,2451,2,1,AFTER
243,158496109,1.02,2451,3,1,AFTER
334,158496109,0.87,2451,4,1,AFTER
424,158496109,0.74,2451,5,1,AFTER
516,158496109,0.94,2451,6,1,AFTER
608,158496109,0.85,2451,7,1,AFTER
699,158496109,0.82,2451,8,1,AFTER
31,030789507,0.81,5331,1,2,AFTER
396,030789507,0.79,5331,5,2,AFTER
5294,960878106,0.21,1220,58,1,AFTER
455,212072102,0.33,3312,5,1,AFTER
546,212072102,0.42,3312,6,1,AFTER
638,212072102,0.36,3312,7,1,AFTER
820,212072102,0.29,3312,9,1,AFTER
911,212072102,0.34,3312,10,1,AFTER
1003,212072102,0.34,3312,11,1,AFTER
365,882445109,0.07,1311,4,1,AFTER
2130,216245100,0.49,5331,24,1,AFTER
6786,46624E405,0.31,3060,75,2,AFTER
7152,269514204,0.81,5411,79,1,AFTER
4687,853156206,0.23,5200,52,1,AFTER
2007,G6359F103,0.09,1381,22,1,AFTER
2191,229241104,0.10,1311,24,1,AFTER
2281,229241104,0.11,1311,25,1,AFTER
2372,229241104,0.11,1311,26,1,AFTER
2464,229241104,0.11,1311,27,1,AFTER
2556,229241104,0.11,1311,28,1,AFTER
2647,229241104,0.10,1311,29,1,AFTER
2738,229241104,0.09,1311,30,1,AFTER
2830,229241104,0.08,1311,31,1,AFTER
2922,229241104,0.08,1311,32,1,AFTER
4656,281067306,0.36,1311,51,1,AFTER
6694,46624E405,0.30,3060,74,2,AFTER
8766,410315105,0.27,3330,96,1,AFTER
8674,233162502,0.17,3672,95,1,AFTER
8035,482434206,0.11,1311,88,1,AFTER
455,882445109,0.04,1311,5,1,AFTER
5203,960878106,0.21,1220,57,1,AFTER
8766,233162502,0.15,3672,96,1,AFTER
5478,428291108,0.40,2821,60,1,AFTER
4595,853156206,0.28,5200,51,1,AFTER
2222,536257108,0.96,5945,25,1,AFTER
212,030789507,0.59,5331,3,2,AFTER
5113,291087203,1.56,3651,56,1,AFTER
5203,291087203,1.10,3651,57,1,AFTER
5294,291087203,0.55,3651,58,1,AFTER
5386,291087203,0.80,3651,59,1,AFTER
5478,291087203,0.62,3651,60,1,AFTER
5569,291087203,0.32,3651,61,1,AFTER
6148,441759107,0.44,5940,68,1,AFTER
9039,757209507,0.12,7373,99,1,AFTER
5113,960878106,0.32,1220,56,1,AFTER
546,882445109,0.02,1311,6,1,AFTER
7943,482434206,0.11,1311,87,1,AFTER
8947,757209507,0.11,7373,98,1,AFTER
8856,757209507,0.11,7373,97,1,AFTER
2130,536257108,0.26,5945,24,1,AFTER
2311,536257108,0.23,5945,26,1,AFTER
4929,538032400,0.12,7822,54,1,AFTER
8766,757209507,0.10,7373,96,1,AFTER
4564,281067306,0.45,1311,50,1,AFTER
8674,757209507,0.07,7373,95,1,AFTER
1916,G6359F103,0.13,1381,21,1,AFTER
6605,46624E405,0.26,3060,73,2,AFTER
638,882445109,0.04,1311,7,1,AFTER
8582,233162502,0.16,3672,94,1,AFTER
7851,482434206,0.10,1311,86,1,AFTER
8491,233162502,0.16,3672,93,1,AFTER
10773,21036U206,0.44,3080,118,1,AFTER
6513,46624E405,0.32,3060,72,2,AFTER
8582,757209507,0.10,7373,94,1,AFTER
7486,372257105,0.34,3312,82,1,AFTER
9769,45811E301,0.64,1731,107,1,AFTER
8491,757209507,0.09,7373,93,1,AFTER
7395,372257105,0.33,3312,81,1,AFTER
4748,794004200,0.45,2320,52,1,AFTER
4748,538032400,0.16,7822,52,1,AFTER
9131,896106200,0.16,4400,100,1,AFTER
5113,20557T101,0.52,7372,56,1,AFTER
120,030789507,0.47,5331,2,2,AFTER
4838,538032400,0.07,7822,53,1,AFTER
8125,500453204,0.33,3695,89,1,AFTER
5203,20557T101,0.45,7372,57,1,AFTER
485,030789507,0.44,5331,6,2,AFTER
304,030789507,0.51,5331,4,2,AFTER
577,030789507,0.53,5331,7,2,AFTER
7760,482434206,0.09,1311,85,1,AFTER
7578,372257105,0.31,3312,83,1,AFTER
9221,896106200,0.14,4400,101,1,AFTER
5875,441759107,0.53,5940,65,1,AFTER
5964,441759107,0.39,5940,66,1,AFTER
6056,441759107,0.38,5940,67,1,AFTER
8308,90341G103,0.42,4812,91,1,AFTER
1308,404269201,0.50,5331,15,1,AFTER
5325,625440102,0.51,5040,59,2,AFTER
8216,500453204,0.31,3695,90,1,AFTER
5113,794004200,0.42,2320,56,1,AFTER
4838,794004200,0.33,2320,53,1,AFTER
8308,500453204,0.32,3695,91,1,AFTER
9404,45811E301,0.67,1731,103,1,AFTER
4656,794004200,0.42,2320,51,1,AFTER
8216,591324207,0.71,5051,90,1,AFTER
8400,500453204,0.34,3695,92,1,AFTER
2007,761406107,0.50,3350,22,1,AFTER
5233,625440102,0.45,5040,58,2,AFTER
8308,591324207,0.69,5051,91,1,AFTER
2403,536257108,0.25,5945,27,1,AFTER
5144,625440102,0.43,5040,57,2,AFTER
8308,222814204,0.28,4813,91,1,AFTER
5203,794004200,0.36,2320,57,1,AFTER
4656,349841304,0.10,8300,51,1,AFTER
7670,482434206,0.09,1311,84,1,AFTER
5021,635570500,0.82,5412,55,1,AFTER
4929,794004200,0.31,2320,54,1,AFTER
4748,349841304,0.10,8300,52,1,AFTER
6329,46624E405,0.27,3060,70,2,AFTER
5113,635570500,0.74,5412,56,1,AFTER
4838,635570500,0.71,5412,53,1,AFTER
6240,46624E405,0.27,3060,69,2,AFTER
5052,625440102,0.39,5040,56,2,AFTER
4838,349841304,0.09,8300,53,1,AFTER
3925,023426703,0.14,3420,43,1,AFTER
4838,849416201,0.30,3530,53,1,AFTER
1400,404269201,0.51,5331,16,1,AFTER
9312,896106200,0.15,4400,102,1,AFTER
6421,46624E405,0.23,3060,71,2,AFTER
4748,635570500,0.73,5412,52,1,AFTER
4868,625440102,0.43,5040,54,2,AFTER
4383,344822101,0.76,2013,48,1,AFTER
5294,794004200,0.40,2320,58,1,AFTER
6847,417434503,0.32,3060,75,2,AFTER
9404,896106200,0.17,4400,103,1,AFTER
4656,635570500,0.80,5412,51,1,AFTER
7578,482434206,0.11,1311,83,1,AFTER
7395,482434206,0.20,1311,81,1,AFTER
4929,635570500,0.76,5412,54,1,AFTER
5203,849416201,0.15,3530,57,1,AFTER
4960,625440102,0.41,5040,55,2,AFTER
1216,404269201,0.41,5331,14,1,AFTER
1857,972218101,1.64,2011,21,1,AFTER
4779,625440102,0.39,5040,53,2,AFTER
8216,222814204,0.24,4813,90,1,AFTER
5113,849416201,0.13,3530,56,1,AFTER
5021,794004200,0.40,2320,55,1,AFTER
4564,635570500,0.76,5412,50,1,AFTER
5203,398189100,0.22,7990,57,2,AFTER
4473,578349102,0.51,4210,49,1,AFTER
7486,482434206,0.13,1311,82,1,AFTER
5294,849416201,0.17,3530,58,1,AFTER
4656,538032400,0.13,7822,51,1,AFTER
4929,849416201,0.33,3530,54,1,AFTER
5113,398189100,0.22,7990,56,2,AFTER
6299,03237E108,0.27,7370,69,1,AFTER
9496,896106200,0.15,4400,104,1,AFTER
5569,398189100,0.20,7990,61,2,AFTER
4383,578349102,0.54,4210,48,1,AFTER
4291,344822101,0.64,2013,47,1,AFTER
8674,410315105,0.25,3330,95,1,AFTER
8491,500453204,0.31,3695,93,1,AFTER
8582,410315105,0.24,3330,94,1,AFTER
5021,398189100,0.25,7990,55,2,AFTER
4929,398189100,0.28,7990,54,2,AFTER
4199,344822101,0.61,2013,46,1,AFTER
669,030789507,0.51,5331,8,2,AFTER
8400,410315105,0.19,3330,92,1,AFTER
5386,398189100,0.26,7990,59,2,AFTER
2099,761406107,0.51,3350,23,1,AFTER
8400,591324207,0.61,5051,92,1,AFTER
5478,398189100,0.21,7990,60,2,AFTER
1492,972218101,1.66,2011,17,1,AFTER
4564,538032400,0.11,7822,50,1,AFTER
5294,398189100,0.23,7990,58,2,AFTER
1765,972218101,1.56,2011,20,1,AFTER
8491,410315105,0.21,3330,93,1,AFTER
4748,578349102,0.54,4210,52,1,AFTER
6209,03237E108,0.26,7370,68,1,AFTER
8216,453096208,0.68,2060,90,1,AFTER
5021,849416201,0.13,3530,55,1,AFTER
8125,222814204,0.22,4813,89,1,AFTER
1581,972218101,1.50,2011,18,1,AFTER
4108,344822101,0.57,2013,45,1,AFTER
1765,536257108,0.17,5945,20,1,AFTER
4473,344822101,0.45,2013,49,1,AFTER
4564,344822101,0.49,2013,50,1,AFTER
1400,972218101,1.70,2011,16,1,AFTER
1673,972218101,1.61,2011,19,1,AFTER
4473,538032400,0.09,7822,49,1,AFTER
5021,20557T101,0.40,7372,55,1,AFTER
8308,410315105,0.19,3330,91,1,AFTER
1308,972218101,1.87,2011,15,1,AFTER
9586,827056300,0.23,7370,105,1,AFTER
4564,578349102,0.51,4210,50,1,AFTER
1916,761406107,0.40,3350,21,1,AFTER
5599,48577P106,0.70,5411,62,1,AFTER
3742,35241Q107,0.28,3440,41,1,AFTER
3925,344822101,0.62,2013,43,1,AFTER
4656,578349102,0.53,4210,51,1,AFTER
5691,48577P106,0.63,5411,63,1,AFTER
2647,847807104,0.46,7812,29,1,AFTER
2738,847807104,0.29,7812,30,1,AFTER
6117,03237E108,0.30,7370,67,1,AFTER
3377,35241Q107,0.33,3440,37,1,AFTER
3195,35241Q107,0.33,3440,35,1,AFTER
6329,280875303,0.52,5600,70,1,AFTER
8035,222814204,0.20,4813,88,1,AFTER
3103,35241Q107,0.33,3440,34,1,AFTER
3287,35241Q107,0.33,3440,36,1,AFTER
3468,35241Q107,0.34,3440,38,1,AFTER
3652,35241Q107,0.31,3440,40,1,AFTER
2830,847807104,0.36,7812,31,1,AFTER
4473,349841304,0.07,8300,49,1,AFTER
9496,827056300,0.21,7370,104,1,AFTER
3925,026496208,0.21,8062,43,1,AFTER
3560,35241Q107,0.30,3440,39,1,AFTER
4383,349841304,0.07,8300,48,1,AFTER
5509,48577P106,0.74,5411,61,1,AFTER
6025,03237E108,0.29,7370,66,1,AFTER
5417,48577P106,0.65,5411,60,1,AFTER
5021,457661106,0.35,3678,55,1,AFTER
2464,847807104,0.53,7812,27,1,AFTER
4929,20557T101,0.41,7372,54,1,AFTER
1826,761406107,0.43,3350,20,1,AFTER
90,165159104,0.28,2631,1,1,AFTER
4564,349841304,0.07,8300,50,1,AFTER
6421,280875303,0.50,5600,71,1,AFTER
4291,349841304,0.06,8300,47,1,AFTER
5934,03237E108,0.28,7370,65,1,AFTER
7701,85254C305,0.58,5651,85,1,AFTER
3833,026496208,0.20,8062,42,1,AFTER
7790,85254C305,0.44,5651,86,1,AFTER
181,165159104,0.29,2631,2,1,AFTER
8491,90341G103,0.26,4812,93,1,AFTER
4199,349841304,0.06,8300,46,1,AFTER
8491,591324207,0.65,5051,93,1,AFTER
5203,172936106,0.07,4832,57,1,AFTER
4656,847607108,0.11,4841,51,2,AFTER
4564,847607108,0.11,4841,50,2,AFTER
2372,847807104,0.89,7812,26,1,AFTER
3742,026496208,0.21,8062,41,1,AFTER
2556,847807104,0.41,7812,28,1,AFTER
5386,172936106,0.08,4832,59,1,AFTER
3652,026496208,0.21,8062,40,1,AFTER
4473,847607108,0.11,4841,49,2,AFTER
5113,172936106,0.09,4832,56,1,AFTER
1734,761406107,0.33,3350,19,1,AFTER
4473,741917108,0.06,7011,49,1,AFTER
5294,172936106,0.09,4832,58,1,AFTER
4656,741917108,0.07,7011,51,1,AFTER
7974,85254C305,0.42,5651,88,1,AFTER
4564,741917108,0.07,7011,50,1,AFTER
1216,972218101,1.65,2011,14,1,AFTER
7395,746276104,0.48,2040,81,1,AFTER
6240,280875303,0.62,5600,69,1,AFTER
3195,832110100,0.23,2890,35,1,AFTER
4838,20557T101,0.37,7372,53,1,AFTER
8400,757209507,0.06,7373,92,1,AFTER
8400,90341G103,0.26,4812,92,1,AFTER
4748,847607108,0.10,4841,52,2,AFTER
2922,716769203,0.50,3537,32,1,AFTER
3012,716769203,0.55,3537,33,1,AFTER
3103,716769203,0.45,3537,34,1,AFTER
3195,716769203,0.47,3537,35,1,AFTER
3287,716769203,0.50,3537,36,1,AFTER
3377,716769203,0.52,3537,37,1,AFTER
3468,716769203,0.37,3537,38,1,AFTER
3560,716769203,0.54,3537,39,1,AFTER
5752,03237E108,0.26,7370,63,1,AFTER
4838,847607108,0.09,4841,53,2,AFTER
7943,222814204,0.19,4813,87,1,AFTER
5386,586014102,0.49,3575,59,2,AFTER
4838,741917108,0.07,7011,53,1,AFTER
7486,746276104,0.43,2040,82,1,AFTER
7882,85254C305,0.42,5651,87,1,AFTER
4383,847607108,0.10,4841,48,2,AFTER
4748,741917108,0.07,7011,52,1,AFTER
2191,847807104,0.67,7812,24,1,AFTER
6970,104499207,1.00,5331,77,2,AFTER
4991,686285503,0.07,7812,55,1,AFTER
8308,143436400,0.24,7830,91,1,AFTER
3103,832110100,0.22,2890,34,1,AFTER
4929,847607108,0.09,4841,54,2,AFTER
5021,847607108,0.08,4841,55,2,AFTER
365,165159104,0.22,2631,4,1,AFTER
5844,03237E108,0.26,7370,64,1,AFTER
3468,958043408,0.21,1389,38,1,AFTER
7152,104499207,0.75,5331,79,2,AFTER
6786,104499207,0.79,5331,75,2,AFTER
455,165159104,0.21,2631,5,1,AFTER
546,165159104,0.20,2631,6,1,AFTER
3560,026496208,0.20,8062,39,1,AFTER
8582,591324207,0.71,5051,94,1,AFTER
8216,143436400,0.25,7830,90,1,AFTER
273,165159104,0.32,2631,3,1,AFTER
3012,832110100,0.21,2890,33,1,AFTER
3377,958043408,0.20,1389,37,1,AFTER
7213,746276104,0.39,2040,79,1,AFTER
2922,832110100,0.22,2890,32,1,AFTER
1400,625440102,0.49,5040,16,1,AFTER
8066,85254C305,0.48,5651,89,1,AFTER
8125,143436400,0.19,7830,89,1,AFTER
730,165159104,0.18,2631,8,1,AFTER
6209,573913100,0.20,2750,68,1,AFTER
3560,958043408,0.20,1389,39,1,AFTER
8155,85254C305,0.37,5651,90,1,AFTER
6694,104499207,0.65,5331,74,2,AFTER
1581,625440102,0.50,5040,18,1,AFTER
3287,958043408,0.22,1389,36,1,AFTER
3195,958043408,0.18,1389,35,1,AFTER
3468,026496208,0.20,8062,38,1,AFTER
1492,625440102,0.48,5040,17,1,AFTER
7943,143436400,0.23,7830,87,1,AFTER
7305,746276104,0.44,2040,80,1,AFTER
6755,417434503,0.26,3060,74,2,AFTER
2830,832110100,0.24,2890,31,1,AFTER
8247,85254C305,0.38,5651,91,1,AFTER
3652,958043408,0.24,1389,40,1,AFTER
10773,98416J118,0.20,3550,118,1,AFTER
638,165159104,0.24,2631,7,1,AFTER
7851,222814204,0.18,4813,86,1,AFTER
8035,143436400,0.23,7830,88,1,AFTER
5783,48577P106,0.65,5411,64,1,AFTER
4748,20557T101,0.46,7372,52,1,AFTER
3103,958043408,0.14,1389,34,1,AFTER
7060,104499207,0.61,5331,78,2,AFTER
7851,143436400,0.25,7830,86,1,AFTER
4899,686285503,0.18,7812,54,1,AFTER
1673,625440102,0.48,5040,19,1,AFTER
4991,494521305,0.33,8351,55,1,AFTER
5082,494521305,0.25,8351,56,1,AFTER
4899,494521305,0.28,8351,54,1,AFTER
5478,542290408,0.17,3241,60,1,AFTER
3377,026496208,0.19,8062,37,1,AFTER
5294,586014102,0.47,3575,58,2,AFTER
5172,494521305,0.24,8351,57,1,AFTER
4929,457661106,0.36,3678,54,1,AFTER
4656,20557T101,0.40,7372,51,1,AFTER
4717,494521305,0.24,8351,52,1,AFTER
10865,98416J118,0.20,3550,119,1,AFTER
6148,280875303,0.42,5600,68,1,AFTER
9496,483007704,0.51,3350,104,1,AFTER
6664,417434503,0.24,3060,73,2,AFTER
4626,494521305,0.31,8351,51,1,AFTER
9312,44980Y305,0.19,4899,102,1,AFTER
6574,417434503,0.24,3060,72,2,AFTER
4807,494521305,0.23,8351,53,1,AFTER
2738,832110100,0.22,2890,30,1,AFTER
2647,832110100,0.21,2890,29,1,AFTER
2556,832110100,0.21,2890,28,1,AFTER
4838,457661106,0.24,3678,53,1,AFTER
9221,44980Y305,0.17,4899,101,1,AFTER
6878,104499207,0.63,5331,76,2,AFTER
5021,172936106,0.10,4832,55,1,AFTER
8674,591324207,0.65,5051,95,1,AFTER
9131,419879101,0.32,4512,100,1,AFTER
7760,222814204,0.17,4813,85,1,AFTER
8400,143436400,0.21,7830,92,1,AFTER
5144,853156206,0.18,5200,57,1,AFTER
5233,853156206,0.18,5200,58,1,AFTER
5203,542290408,0.10,3241,57,1,AFTER
4807,686285503,0.07,7812,53,1,AFTER
6299,573913100,0.21,2750,69,1,AFTER
9586,483007704,0.55,3350,105,1,AFTER
4748,457661106,0.24,3678,52,1,AFTER
10865,21036U206,0.45,3080,119,1,AFTER
5386,542290408,0.18,3241,59,1,AFTER
5294,542290408,0.16,3241,58,1,AFTER
5203,586014102,0.41,3575,57,2,AFTER
8947,419879101,0.10,4512,98,1,AFTER
9039,419879101,0.32,4512,99,1,AFTER
8674,45031T872,0.21,4813,95,1,AFTER
2464,873452304,0.61,3730,27,1,AFTER
2556,873452304,0.52,3730,28,1,AFTER
2647,873452304,0.48,3730,29,1,AFTER
2738,873452304,0.52,3730,30,1,AFTER
2830,873452304,0.64,3730,31,1,AFTER
2922,873452304,0.47,3730,32,1,AFTER
3012,873452304,0.46,3730,33,1,AFTER
3103,873452304,0.34,3730,34,1,AFTER
9404,419879101,0.32,4512,103,1,AFTER
5203,62944T105,0.28,1531,57,1,AFTER
8308,03304B300,0.28,3221,91,2,AFTER
7121,345206205,0.12,1311,78,1,AFTER
4108,872424106,0.04,1311,45,1,AFTER
4199,872424106,0.04,1311,46,1,AFTER
8582,03304B300,0.31,3221,94,2,AFTER
8582,45031T872,0.21,4813,94,1,AFTER
9312,419879101,0.30,4512,102,1,AFTER
10957,98416J118,0.21,3550,120,1,AFTER
90,882445109,0.13,1311,1,1,AFTER
181,882445109,0.26,1311,2,1,AFTER
273,882445109,0.08,1311,3,1,AFTER
730,882445109,0.04,1311,8,1,AFTER
8491,54021P403,0.11,7011,93,1,AFTER
7670,222814204,0.13,4813,84,1,AFTER
9677,483007704,0.50,3350,106,1,AFTER
5113,62944T105,0.43,1531,56,1,AFTER
4929,636317109,0.29,3270,54,1,AFTER
5113,586014102,0.41,3575,56,2,AFTER
8400,03304B300,0.24,3221,92,2,AFTER
5752,29084Q100,0.72,1731,63,1,AFTER
8400,54021P403,0.10,7011,92,1,AFTER
3652,889039103,0.33,3730,40,1,AFTER
3742,889039103,0.35,3730,41,1,AFTER
3833,889039103,0.31,3730,42,1,AFTER
3925,889039103,0.24,3730,43,1,AFTER
4017,889039103,0.34,3730,44,1,AFTER
4291,889039103,0.09,3730,47,1,AFTER
8491,45031T872,0.21,4813,93,1,AFTER
6117,573913100,0.15,2750,67,1,AFTER
5660,29084Q100,0.65,1731,62,1,AFTER
8491,03304B300,0.26,3221,93,2,AFTER
2464,89299Y009,0.34,3910,27,1,AFTER
4383,892349200,0.50,3812,48,1,AFTER
9769,483007704,0.46,3350,107,1,AFTER
4779,030789507,1.18,5331,53,1,AFTER
5021,636317109,0.28,3270,55,1,AFTER
4199,741917108,0.04,7011,46,1,AFTER
8216,410315105,0.12,3330,90,1,AFTER
4717,686285503,0.12,7812,52,1,AFTER
8674,54021P403,0.11,7011,95,1,AFTER
3895,686857103,0.22,8062,43,1,AFTER
5021,62944T105,0.40,1531,55,1,AFTER
8308,54021P403,0.11,7011,91,1,AFTER
5113,636317109,0.28,3270,56,1,AFTER
9221,419879101,0.27,4512,101,1,AFTER
9496,419879101,0.27,4512,104,1,AFTER
4838,636317109,0.24,3270,53,1,AFTER
8400,45031T872,0.20,4813,92,1,AFTER
5294,62944T105,0.35,1531,58,1,AFTER
4960,030789507,0.83,5331,55,1,AFTER
4626,686285503,0.05,7812,51,1,AFTER
8125,54021P403,0.10,7011,89,1,AFTER
4383,910858109,0.38,3960,48,1,AFTER
4473,910858109,0.32,3960,49,1,AFTER
4564,910858109,0.37,3960,50,1,AFTER
4199,398189100,0.19,7990,46,1,AFTER
3803,686857103,0.22,8062,42,1,AFTER
8216,54021P403,0.11,7011,90,1,AFTER
4108,398189100,0.20,7990,45,1,AFTER
7244,104499207,0.59,5331,80,2,AFTER
9586,419879101,0.26,4512,105,1,AFTER
4017,398189100,0.17,7990,44,1,AFTER
3652,G3930E101,0.15,1381,40,1,AFTER
5021,586014102,0.36,3575,55,2,AFTER
3925,398189100,0.20,7990,43,1,AFTER
4748,636317109,0.22,3270,52,1,AFTER
3711,686857103,0.20,8062,41,1,AFTER
3833,398189100,0.19,7990,42,1,AFTER
3560,G3930E101,0.13,1381,39,1,AFTER
4564,911920106,0.32,1531,50,1,AFTER
7578,81169P101,0.12,4400,83,1,AFTER
7486,81169P101,0.12,4400,82,1,AFTER
3621,686857103,0.21,8062,40,1,AFTER
3742,398189100,0.18,7990,41,1,AFTER
7395,81169P101,0.11,4400,81,1,AFTER
5752,960878106,0.08,1220,63,1,AFTER
3468,G3930E101,0.12,1381,38,1,AFTER
7213,345206205,0.14,1311,79,1,AFTER
3012,958043408,0.09,1389,33,1,AFTER
4868,030789507,0.67,5331,54,1,AFTER
5844,428291108,0.30,2821,64,1,AFTER
4929,62944T105,0.33,1531,54,1,AFTER
5569,29084Q100,0.56,1731,61,1,AFTER
4534,686285503,0.06,7812,50,1,AFTER
3377,G3930E101,0.11,1381,37,1,AFTER
5113,93369N109,0.32,7372,56,1,AFTER
4656,911920106,0.35,1531,51,1,AFTER
59,417119104,0.50,2300,1,1,AFTER
5599,086553104,0.39,5399,62,1,AFTER
151,417119104,0.45,2300,2,1,AFTER
4595,030789507,0.77,5331,51,1,AFTER
5021,93369N109,0.29,7372,55,1,AFTER
3287,G3930E101,0.11,1381,36,1,AFTER
516,417119104,0.43,2300,6,1,AFTER
8582,54021P403,0.10,7011,94,1,AFTER
5478,29084Q100,0.59,1731,60,1,AFTER
424,417119104,0.51,2300,5,1,AFTER
4929,586014102,0.34,3575,54,2,AFTER
4838,93369N109,0.30,7372,53,1,AFTER
4503,030789507,0.66,5331,50,1,AFTER
5509,086553104,0.82,5399,61,1,AFTER
4748,911920106,0.33,1531,52,1,AFTER
4929,93369N109,0.30,7372,54,1,AFTER
6513,280875303,0.49,5600,72,1,AFTER
4838,911920106,0.33,1531,53,1,AFTER
3195,G3930E101,0.08,1381,35,1,AFTER
7030,386532402,0.61,5411,77,1,AFTER
4838,281067306,0.61,1311,53,1,AFTER
4929,281067306,0.46,1311,54,1,AFTER
5021,281067306,0.52,1311,55,1,AFTER
5203,281067306,0.63,1311,57,1,AFTER
243,417119104,0.45,2300,3,1,AFTER
4838,62944T105,0.23,1531,53,1,AFTER
608,417119104,0.45,2300,7,1,AFTER
4748,93369N109,0.33,7372,52,1,AFTER
334,417119104,0.47,2300,4,1,AFTER
4929,172936106,0.08,4832,54,1,AFTER
4838,172936106,0.07,4832,53,1,AFTER
3103,G3930E101,0.06,1381,34,1,AFTER
4929,911920106,0.33,1531,54,1,AFTER
5052,030789507,0.70,5331,56,1,AFTER
7121,386532402,0.88,5411,78,1,AFTER
10957,00439T206,0.20,3714,120,1,AFTER
4442,686285503,0.07,7812,49,1,AFTER
5113,911920106,0.37,1531,56,1,AFTER
7425,707832309,0.66,5411,82,1,AFTER
4687,030789507,0.73,5331,52,1,AFTER
699,417119104,0.47,2300,8,1,AFTER
4748,62944T105,0.33,1531,52,1,AFTER
6025,527016109,0.81,2330,66,1,AFTER
6117,527016109,0.66,2330,67,1,AFTER
6209,527016109,0.43,2330,68,1,AFTER
6299,527016109,0.71,2330,69,1,AFTER
6390,527016109,0.47,2330,70,1,AFTER
6482,527016109,0.75,2330,71,1,AFTER
6574,527016109,0.44,2330,72,1,AFTER
6664,527016109,0.82,2330,73,1,AFTER
5021,911920106,0.34,1531,55,1,AFTER
5203,911920106,0.34,1531,57,1,AFTER
5233,086553104,0.35,5399,58,1,AFTER
3012,G3930E101,0.07,1381,33,1,AFTER
4414,894688100,0.54,2421,49,1,AFTER
4503,894688100,0.76,2421,50,1,AFTER
4595,894688100,0.58,2421,51,1,AFTER
4687,894688100,0.66,2421,52,1,AFTER
4779,894688100,0.81,2421,53,1,AFTER
4868,894688100,0.75,2421,54,1,AFTER
4960,894688100,0.76,2421,55,1,AFTER
5052,894688100,0.79,2421,56,1,AFTER
7336,707832309,0.72,5411,81,1,AFTER
4838,559079207,0.28,8741,53,1,AFTER
4748,559079207,0.27,8741,52,1,AFTER
5325,086553104,0.38,5399,59,1,AFTER
7244,707832309,0.62,5411,80,1,AFTER
5203,93369N109,0.31,7372,57,1,AFTER
9861,483007704,0.31,3350,108,1,AFTER
4929,368145108,0.25,2650,54,1,AFTER
4838,368145108,0.22,2650,53,1,AFTER
5021,368145108,0.25,2650,55,1,AFTER
7152,707832309,0.60,5411,79,1,AFTER
5294,93369N109,0.33,7372,58,1,AFTER
4748,368145108,0.22,2650,52,1,AFTER
4656,559079207,0.25,8741,51,1,AFTER
6939,386532402,0.53,5411,76,1,AFTER
7060,707832309,0.60,5411,78,1,AFTER
8400,934390402,0.31,2300,92,1,AFTER
8491,934390402,0.36,2300,93,1,AFTER
8582,934390402,0.30,2300,94,1,AFTER
4383,368145108,0.21,2650,48,1,AFTER
4473,368145108,0.22,2650,49,1,AFTER
4656,368145108,0.22,2650,51,1,AFTER
8766,934390402,0.32,2300,96,1,AFTER
8308,934390402,0.26,2300,91,1,AFTER
6847,386532402,0.51,5411,75,1,AFTER
4564,368145108,0.22,2650,50,1,AFTER
8674,934390402,0.28,2300,95,1,AFTER
5233,431692102,0.40,5331,58,1,AFTER
5417,086553104,0.35,5399,60,1,AFTER
6970,707832309,0.62,5411,77,1,AFTER
5021,71654J108,0.11,5900,55,1,AFTER
4564,20557T101,0.25,7372,50,1,AFTER
8766,559079207,0.37,8741,96,2,AFTER
8216,934390402,0.28,2300,90,1,AFTER
4779,431692102,0.69,5331,53,1,AFTER
4868,431692102,0.40,5331,54,1,AFTER
8491,559079207,0.38,8741,93,2,AFTER
4929,71654J108,0.12,5900,54,1,AFTER
4960,431692102,0.41,5331,55,1,AFTER
8856,559079207,0.38,8741,97,2,AFTER
8582,559079207,0.38,8741,94,2,AFTER
6755,386532402,0.66,5411,74,1,AFTER
6878,707832309,0.57,5411,76,1,AFTER
9131,749361200,0.11,4841,100,1,AFTER
10865,84649R200,0.22,3674,119,1,AFTER
4838,71654J108,0.22,5900,53,1,AFTER
5325,431692102,0.39,5331,59,1,AFTER
9039,749361200,0.10,4841,99,1,AFTER
8947,559079207,0.37,8741,98,2,AFTER
8674,559079207,0.37,8741,95,2,AFTER
4929,559079207,0.23,8741,54,1,AFTER
8125,934390402,0.35,2300,89,1,AFTER
6664,386532402,0.50,5411,73,1,AFTER
9039,559079207,0.35,8741,99,2,AFTER
5144,431692102,0.68,5331,57,1,AFTER
4748,71654J108,0.17,5900,52,1,AFTER
5113,71654J108,0.16,5900,56,1,AFTER
10773,84649R200,0.17,3674,118,1,AFTER
2647,862111200,0.26,3572,29,1,AFTER
5233,172585101,0.87,5412,58,1,AFTER
2464,862111200,0.24,3572,27,1,AFTER
2372,862111200,0.23,3572,26,1,AFTER
2830,862111200,0.26,3572,31,1,AFTER
4838,988858106,0.15,5944,53,1,AFTER
2556,862111200,0.26,3572,28,1,AFTER
5052,431692102,0.45,5331,56,1,AFTER
6574,386532402,0.47,5411,72,1,AFTER
2738,862111200,0.26,3572,30,1,AFTER
4687,988858106,0.18,5944,52,1,AFTER
8947,749361200,0.10,4841,98,1,AFTER
7974,481165108,0.22,3532,88,1,AFTER
4687,431692102,0.43,5331,52,1,AFTER
8066,481165108,0.19,3532,89,1,AFTER
3012,862111200,0.25,3572,33,1,AFTER
6482,386532402,0.45,5411,71,1,AFTER
8856,749361200,0.10,4841,97,1,AFTER
8155,481165108,0.23,3532,90,1,AFTER
4626,761339100,0.51,5912,51,1,AFTER
4748,586014102,0.22,3575,52,1,AFTER
2922,862111200,0.31,3572,32,1,AFTER
8308,938862208,0.44,8711,91,1,AFTER
7882,481165108,0.23,3532,87,1,AFTER
10957,84649R200,0.23,3674,120,1,AFTER
4534,761339100,0.70,5912,50,1,AFTER
7790,481165108,0.22,3532,86,1,AFTER
8125,938862208,0.49,8711,89,1,AFTER
4656,586014102,0.24,3575,51,1,AFTER
7701,481165108,0.22,3532,85,1,AFTER
8216,938862208,0.47,8711,90,1,AFTER
4807,761339100,0.57,5912,53,1,AFTER
4442,761339100,0.52,5912,49,1,AFTER
8766,84761M104,0.06,4899,96,1,AFTER
4960,988858106,0.18,5944,55,1,AFTER
4748,988858106,0.36,5944,52,1,AFTER
4261,761339100,0.45,5912,47,1,AFTER
5233,988858106,0.17,5944,58,1,AFTER
4564,586014102,0.26,3575,50,1,AFTER
5052,988858106,0.18,5944,56,1,AFTER
4717,761339100,0.49,5912,52,1,AFTER
7609,481165108,0.22,3532,84,1,AFTER
5144,988858106,0.37,5944,57,1,AFTER
4352,761339100,0.44,5912,48,1,AFTER
9586,974280307,1.04,5411,105,1,AFTER
9496,974280307,1.38,5411,104,1,AFTER
10135,974280307,0.97,5411,111,1,AFTER
4473,586014102,0.26,3575,49,1,AFTER
4291,410315105,0.21,3330,47,2,AFTER
8400,84761M104,0.05,4899,92,1,AFTER
9677,974280307,1.00,5411,106,1,AFTER
8491,84761M104,0.06,4899,93,1,AFTER
3925,410315105,0.22,3330,43,2,AFTER
8582,84761M104,0.06,4899,94,1,AFTER
8491,582266706,0.13,4813,93,2,AFTER
7701,70322A101,0.67,5411,85,1,AFTER
4564,559079207,0.19,8741,50,1,AFTER
7790,70322A101,0.65,5411,86,1,AFTER
4199,410315105,0.20,3330,46,2,AFTER
7670,494580103,0.52,8051,84,1,AFTER
10043,974280307,0.95,5411,110,1,AFTER
9496,543881106,0.12,3663,104,1,AFTER
7882,70322A101,0.65,5411,87,1,AFTER
7760,494580103,0.51,8051,85,1,AFTER
9404,543881106,0.13,3663,103,1,AFTER
4017,410315105,0.20,3330,44,2,AFTER
9131,543881106,0.12,3663,100,1,AFTER
3833,410315105,0.22,3330,42,2,AFTER
4108,410315105,0.20,3330,45,2,AFTER
4473,559079207,0.19,8741,49,1,AFTER
9312,543881106,0.11,3663,102,1,AFTER
7609,70322A101,0.64,5411,84,1,AFTER
9221,543881106,0.10,3663,101,1,AFTER
8400,582266706,0.13,4813,92,2,AFTER
7943,494580103,0.46,8051,87,1,AFTER
4383,559079207,0.18,8741,48,1,AFTER
8674,G3921A175,0.37,4813,95,1,AFTER
7851,494580103,0.50,8051,86,1,AFTER
8308,170032809,0.37,0100,91,1,AFTER
8035,170032809,0.22,0100,88,1,AFTER
8035,494580103,0.48,8051,88,1,AFTER
7517,70322A101,0.63,5411,83,1,AFTER
8308,582266706,0.12,4813,91,2,AFTER
2038,625440102,0.23,5040,23,1,AFTER
8400,170032809,0.40,0100,92,1,AFTER
7425,70322A101,0.59,5411,82,1,AFTER
3742,410315105,0.18,3330,41,2,AFTER
4383,586014102,0.25,3575,48,1,AFTER
8216,170032809,0.47,0100,90,1,AFTER
7851,170032809,0.25,0100,86,1,AFTER
8216,582266706,0.12,4813,90,2,AFTER
7760,170032809,0.25,0100,85,1,AFTER
7336,70322A101,0.61,5411,81,1,AFTER
7943,170032809,0.19,0100,87,1,AFTER
7578,63845P101,0.34,5990,83,1,AFTER
7670,63845P101,0.33,5990,84,1,AFTER
7760,63845P101,0.36,5990,85,1,AFTER
7851,63845P101,0.34,5990,86,1,AFTER
7943,63845P101,0.35,5990,87,1,AFTER
8035,63845P101,0.37,5990,88,1,AFTER
8125,63845P101,0.38,5990,89,1,AFTER
4291,586014102,0.24,3575,47,1,AFTER
5660,90341W108,0.29,4512,62,1,AFTER
7244,70322A101,0.53,5411,80,1,AFTER
5478,90341W108,0.25,4512,60,1,AFTER
5113,90341W108,0.22,4512,56,1,AFTER
8125,582266706,0.12,4813,89,2,AFTER
8582,G3921A175,0.32,4813,94,1,AFTER
8216,64015Y104,0.17,5912,90,1,AFTER
4199,586014102,0.23,3575,46,1,AFTER
8125,170032809,0.25,0100,89,1,AFTER
4108,586014102,0.27,3575,45,1,AFTER
9221,302051206,0.35,3690,101,1,AFTER
7760,64015Y104,0.33,5912,85,1,AFTER
8125,64015Y104,0.16,5912,89,1,AFTER
7851,64015Y104,0.32,5912,86,1,AFTER
516,390064103,1.28,5411,6,1,AFTER
5569,90341W108,0.25,4512,61,1,AFTER
5386,90341W108,0.25,4512,59,1,AFTER
8035,64015Y104,0.15,5912,88,1,AFTER
9131,302051206,0.35,3690,100,1,AFTER
5203,90341W108,0.21,4512,57,1,AFTER
5021,90341W108,0.22,4512,55,1,AFTER
608,390064103,0.99,5411,7,1,AFTER
9039,302051206,0.32,3690,99,1,AFTER
8035,582266706,0.11,4813,88,2,AFTER
7943,64015Y104,0.32,5912,87,1,AFTER
9496,89816T103,0.11,7990,104,2,AFTER
5294,90341W108,0.24,4512,58,1,AFTER
9586,89816T103,0.08,7990,105,2,AFTER
8947,302051206,0.31,3690,98,1,AFTER
8491,G3921A175,0.32,4813,93,1,AFTER
9312,89816T103,0.11,7990,102,2,AFTER
9404,89816T103,0.13,7990,103,2,AFTER
699,390064103,0.98,5411,8,1,AFTER
424,390064103,0.99,5411,5,1,AFTER
9039,89816T103,0.12,7990,99,2,AFTER
9221,89816T103,0.10,7990,101,2,AFTER
9131,89816T103,0.10,7990,100,2,AFTER
8856,302051206,0.31,3690,97,1,AFTER
8947,521863308,0.10,4812,98,1,AFTER
8797,420781304,0.23,3714,97,1,AFTER
4595,111572103,0.28,5311,51,1,AFTER
9039,521863308,0.10,4812,99,1,AFTER
8431,420781304,0.22,3714,93,1,AFTER
8766,302051206,0.31,3690,96,1,AFTER
4503,111572103,0.26,5311,50,1,AFTER
4868,111572103,0.24,5311,54,1,AFTER
4960,111572103,0.25,5311,55,1,AFTER
334,390064103,1.36,5411,4,1,AFTER
4687,111572103,0.26,5311,52,1,AFTER
243,390064103,1.40,5411,3,1,AFTER
10773,83001A102,0.11,7996,118,1,AFTER
10865,83001A102,0.17,7996,119,1,AFTER
7943,582266706,0.10,4813,87,2,AFTER
10682,72147K108,0.57,2015,117,1,AFTER
4779,111572103,0.38,5311,53,1,AFTER
10682,84763R101,0.18,3690,117,1,AFTER
10773,72147K108,0.58,2015,118,1,AFTER
4414,111572103,0.39,5311,49,1,AFTER
7851,582266706,0.10,4813,86,2,AFTER
5203,903293405,0.29,3270,57,1,AFTER
151,390064103,1.36,5411,2,1,AFTER
10865,72147K108,0.57,2015,119,1,AFTER
4383,955465109,0.20,2211,48,1,AFTER
6847,670198100,0.11,4841,75,1,AFTER
7030,670198100,0.10,4841,77,1,AFTER
7121,670198100,0.10,4841,78,1,AFTER
7213,670198100,0.10,4841,79,1,AFTER
7305,670198100,0.10,4841,80,1,AFTER
5113,903293405,0.28,3270,56,1,AFTER
8674,302051206,0.24,3690,95,1,AFTER
59,390064103,1.44,5411,1,1,AFTER
10408,834376501,0.12,2820,114,1,AFTER
10865,868447103,0.11,2741,119,1,AFTER
4383,817826209,0.72,5412,48,1,AFTER
8582,302051206,0.23,3690,94,1,AFTER
10957,868447103,0.15,2741,120,1,AFTER
10500,834376501,0.14,2820,115,1,AFTER
10773,868447103,0.08,2741,118,1,AFTER
5021,903293405,0.27,3270,55,1,AFTER
4929,903293405,0.25,3270,54,1,AFTER
10317,834376501,0.10,2820,113,1,AFTER
4291,817826209,0.79,5412,47,1,AFTER
1400,194831004,0.47,2273,16,1,AFTER
8856,023586100,0.13,7510,97,1,AFTER
4838,903293405,0.21,3270,53,1,AFTER
10682,868447103,0.04,2741,117,1,AFTER
8308,014383103,0.07,7200,91,1,AFTER
8766,023586100,0.14,7510,96,1,AFTER
8674,023586100,0.18,7510,95,1,AFTER
10227,834376501,0.11,2820,112,1,AFTER
9039,023586100,0.18,7510,99,1,AFTER
6025,893349837,0.31,4512,66,2,AFTER
5844,893349837,0.30,4512,64,2,AFTER
9131,023586100,0.15,7510,100,1,AFTER
8216,014383103,0.05,7200,90,1,AFTER
8582,023586100,0.17,7510,94,1,AFTER
10773,84763R101,0.17,3690,118,1,AFTER
8947,023586100,0.17,7510,98,1,AFTER
5934,893349837,0.28,4512,65,2,AFTER
8125,014383103,0.05,7200,89,1,AFTER
7943,014383103,0.06,7200,87,1,AFTER
8035,014383103,0.05,7200,88,1,AFTER
10865,84763R101,0.20,3690,119,1,AFTER
4199,817826209,0.68,5412,46,1,AFTER
4108,817826209,0.61,5412,45,1,AFTER
8491,023586100,0.14,7510,93,1,AFTER
365,656568508,0.34,3661,4,1,AFTER
5478,893349837,0.28,4512,60,2,AFTER
5021,893349837,0.35,4512,55,1,AFTER
90,656568508,0.28,3661,1,1,AFTER
273,656568508,0.30,3661,3,1,AFTER
5752,893349837,0.34,4512,63,2,AFTER
4017,817826209,0.69,5412,44,1,AFTER
7851,014383103,0.05,7200,86,1,AFTER
181,656568508,0.30,3661,2,1,AFTER
5386,893349837,0.33,4512,59,2,AFTER
455,656568508,0.31,3661,5,1,AFTER
7760,014383103,0.05,7200,85,1,AFTER
4838,893349837,0.27,4512,53,1,AFTER
4929,893349837,0.31,4512,54,1,AFTER
546,656568508,0.30,3661,6,1,AFTER
5660,893349837,0.31,4512,62,2,AFTER
5569,893349837,0.25,4512,61,2,AFTER
638,656568508,0.34,3661,7,1,AFTER
3925,817826209,0.74,5412,43,1,AFTER
730,656568508,0.33,3661,8,1,AFTER
3833,817826209,0.72,5412,42,1,AFTER
10135,834376501,0.13,2820,111,1,AFTER
3742,817826209,0.62,5412,41,1,AFTER
9861,903293405,0.26,3270,108,2,AFTER
9952,903293405,0.25,3270,109,2,AFTER
9586,903293405,0.27,3270,105,2,AFTER
10043,834376501,0.12,2820,110,1,AFTER
9769,903293405,0.29,3270,107,2,AFTER
2191,478129109,0.20,3290,24,1,AFTER
9677,903293405,0.30,3270,106,2,AFTER
9952,834376501,0.11,2820,109,1,AFTER
10957,84763R101,0.23,3690,120,1,AFTER
2556,478129109,0.19,3290,28,1,AFTER
9496,903293405,0.24,3270,104,2,AFTER
10592,521865204,0.45,2531,116,1,AFTER
9312,903293405,0.28,3270,102,2,AFTER
10957,83001A102,0.04,7996,120,1,AFTER
10957,72147K108,0.56,2015,120,1,AFTER
10865,83272A104,0.25,2631,119,1,AFTER
10317,313549404,0.18,3714,113,1,AFTER
9404,903293405,0.23,3270,103,2,AFTER
10408,313549404,0.19,3714,114,1,AFTER
10957,163893209,0.23,2820,120,1,AFTER
8247,812350106,0.95,5331,91,1,AFTER
8431,812350106,1.04,5331,93,1,AFTER
10227,313549404,0.18,3714,112,1,AFTER
8339,812350106,0.83,5331,92,1,AFTER
10500,313549404,0.19,3714,115,1,AFTER
8521,812350106,0.73,5331,94,1,AFTER
8613,812350106,0.73,5331,95,1,AFTER
9769,690742101,0.17,3290,107,1,AFTER
5203,501921100,0.20,3312,57,1,AFTER
10135,313549404,0.21,3714,111,1,AFTER
8582,62473L309,0.39,4813,94,1,AFTER
5113,501921100,0.20,3312,56,1,AFTER
9861,690742101,0.17,3290,108,1,AFTER
4838,501921100,0.18,3312,53,1,AFTER
9586,690742101,0.15,3290,105,1,AFTER
4929,501921100,0.19,3312,54,1,AFTER
5021,501921100,0.19,3312,55,1,AFTER
9677,690742101,0.17,3290,106,1,AFTER
10043,690742101,0.20,3290,110,1,AFTER
4656,501921100,0.19,3312,51,1,AFTER
9952,690742101,0.17,3290,109,1,AFTER
4748,501921100,0.19,3312,52,1,AFTER
10043,313549404,0.24,3714,110,1,AFTER
8705,812350106,0.58,5331,96,1,AFTER
9496,690742101,0.15,3290,104,1,AFTER
8797,812350106,0.69,5331,97,1,AFTER
90,38388F108,0.33,2810,1,1,AFTER
730,38388F108,0.32,2810,8,1,AFTER
273,38388F108,0.33,2810,3,1,AFTER
546,38388F108,0.33,2810,6,1,AFTER
455,38388F108,0.29,2810,5,1,AFTER
365,38388F108,0.35,2810,4,1,AFTER
181,38388F108,0.36,2810,2,1,AFTER
638,38388F108,0.29,2810,7,1,AFTER
10957,521865204,0.48,2531,120,1,AFTER
8947,233162502,0.25,3672,98,1,AFTER
9039,233162502,0.27,3672,99,1,AFTER
10957,83272A104,0.25,2631,120,1,AFTER
10043,667280408,0.17,4512,110,1,AFTER
9952,667280408,0.15,4512,109,1,AFTER
9861,910047109,0.21,4512,108,1,AFTER
9861,667280408,0.13,4512,108,1,AFTER
9769,667280408,0.14,4512,107,1,AFTER
10135,247361702,0.22,4512,111,1,AFTER
9677,667280408,0.13,4512,106,1,AFTER
9586,910047109,0.18,4512,105,1,AFTER
9769,910047109,0.21,4512,107,1,AFTER
9496,910047109,0.18,4512,104,1,AFTER
9677,910047109,0.20,4512,106,1,AFTER
9952,247361702,0.18,4512,109,1,AFTER
9404,910047109,0.20,4512,103,1,AFTER
9312,910047109,0.20,4512,102,1,AFTER
9221,910047109,0.17,4512,101,1,AFTER
10043,247361702,0.20,4512,110,1,AFTER
9861,247361702,0.14,4512,108,1,AFTER
9769,247361702,0.16,4512,107,1,AFTER
9677,247361702,0.15,4512,106,1,AFTER
3195,881694103,0.33,2911,35,1,AFTER
10317,247361702,0.15,4512,113,1,AFTER
10227,247361702,0.15,4512,112,1,AFTER
3287,881694103,0.35,2911,36,1,AFTER
3103,881694103,0.31,2911,34,1,AFTER
2922,881694103,0.31,2911,32,1,AFTER
10135,667280408,0.18,4512,111,1,AFTER
3012,881694103,0.27,2911,33,1,AFTER
2830,881694103,0.28,2911,31,1,AFTER
2738,881694103,0.29,2911,30,1,AFTER
2647,881694103,0.24,2911,29,1,AFTER
273,37045V100,0.36,3711,3,1,AFTER
90,37045V100,0.44,3711,1,1,AFTER
365,37045V100,0.40,3711,4,1,AFTER
181,37045V100,0.49,3711,2,1,AFTER
730,37045V100,0.34,3711,8,1,AFTER
