00252W104,0.124197364,0.14582767,0.003090043,0.0,0.0,0.0,0.0,0.0,0.0,0.14689149,0.122724295,-0.0034524563,0.0,0.0,0.0,0.0,0.0,0.0
,0.0,0.0,0.0,0.0,0.0,0.0,0.0,0.0,0.0,0.0,0.0,0.0,0.0,0.0,0.0,0.0,0.0,0.0
00439T206,0.21301413,NaN,NaN,0.0,0.0,0.0,NaN,0.20104113,NaN,0.29446238,NaN,NaN,0.0,0.0,0.0,NaN,0.32551518,NaN
004724100,0.15634716,0.15985799,5.0154753E-4,0.0,0.0,0.0,0.0,0.0,0.0,0.26536107,0.2540797,-0.0016116245,0.0,0.0,0.0,0.0,0.0,0.0
000973107,0.4790267,0.40009117,-0.011276505,0.0,0.0,0.0,0.0,0.0,0.0,0.4250197,0.40702504,-0.0025706675,0.0,0.0,0.0,0.0,0.0,0.0
00503U105,0.22827917,0.38152134,0.02189174,0.0,0.0,0.0,0.0,0.0,0.0,0.16714342,0.17853673,0.0016276155,0.0,0.0,0.0,0.0,0.0,0.0
006847107,0.050599497,0.05548537,6.979821E-4,0.0,0.0,0.0,0.0,0.0,0.0,0.12435997,0.12808272,5.318214E-4,0.0,0.0,0.0,0.0,0.0,0.0
006848105,0.038278773,0.036813416,-2.0933684E-4,0.0,0.0,0.0,0.0,0.0,0.0,0.13165002,0.12079706,-0.0015504222,0.0,0.0,0.0,0.0,0.0,0.0
31865X106,0.0010164906,4.8519915E-4,-7.589878E-5,0.0,0.0,0.0,0.0,0.0,0.0,0.13162868,0.11752496,-0.002014817,0.0,0.0,0.0,0.0,0.0,0.0
008494106,0.25763112,0.21154161,-0.0065842164,0.0,0.0,0.0,0.0,0.0,0.0,0.4633289,0.46049207,-4.052605E-4,0.0,0.0,0.0,0.0,0.0,0.0
009114109,0.2458163,0.32805347,0.011748167,0.0,0.0,0.0,0.0,0.0,0.0,0.3467421,0.33245334,-0.0020412505,0.0,0.0,0.0,0.0,0.0,0.0
867071102,NaN,0.22008541,NaN,0.26517484,0.25564373,-9.5311104E-4,0.0,0.0,0.0,NaN,0.5417237,NaN,0.47404188,0.5618399,0.0087798,0.0,0.0,0.0
018593103,0.3120775,0.25611976,-0.007993962,0.0,0.0,0.0,0.0,0.0,0.0,NaN,NaN,NaN,0.0,0.0,0.0,0.0,0.0,0.0
019223106,0.45399728,0.57618827,0.017455855,0.0,0.0,0.0,0.0,0.0,0.0,0.4427013,0.4502428,0.001077354,0.0,0.0,0.0,0.0,0.0,0.0
019411107,0.26616552,0.11189957,-0.022037994,0.0,0.0,0.0,0.0,0.0,0.0,0.27558342,0.25581673,-0.0028238127,0.0,0.0,0.0,0.0,0.0,0.0
019645506,0.31753725,0.34340313,0.0036951262,0.26807198,NaN,NaN,0.0,0.0,0.0,0.11053964,0.07900676,-0.0045046965,0.118967324,NaN,NaN,0.0,0.0,0.0
02146C104,0.09382408,0.14215995,0.0069051245,0.0,0.0,0.0,0.0,0.0,0.0,0.11579555,0.10487698,-0.001559796,0.0,0.0,0.0,0.0,0.0,0.0
625440102,0.3201837,0.36592403,0.006534334,NaN,0.34034416,NaN,0.41237345,0.47968858,0.008414391,0.47682008,0.39637026,-0.011492832,NaN,0.3816461,NaN,0.40822914,0.35248563,-0.0069679394
023006109,NaN,0.027736312,NaN,0.013256408,NaN,NaN,0.0,0.0,0.0,NaN,0.09517046,NaN,0.07991561,NaN,NaN,0.0,0.0,0.0
023395106,0.2974375,NaN,NaN,0.0,0.0,0.0,0.0,0.0,0.0,0.341231,NaN,NaN,0.0,0.0,0.0,0.0,0.0,0.0
023426703,0.28356814,0.12993367,-0.021947782,0.1289438,0.1335496,9.2116E-4,0.24422826,0.28100905,0.0052543986,0.35621646,0.3343439,-0.00312465,0.33346692,0.31408772,-0.0038758398,0.32080975,0.30171865,-0.0027273
023586100,0.14243639,0.11798093,-0.0034936368,0.15097858,NaN,NaN,0.16626306,0.16521052,-1.5036335E-4,0.14102493,0.15101534,0.0014272013,0.15255423,NaN,NaN,0.15015386,0.12906554,-0.0030126167
90341W108,0.3252263,0.28750125,-0.0053892946,0.3038429,0.3263085,0.001728122,0.22452772,0.2721557,0.006803998,0.31412488,0.3407619,0.0038052883,0.33855152,0.36735433,0.002215601,0.36598003,0.383656,0.002525138
024490302,0.16726492,NaN,NaN,0.0,0.0,0.0,0.0,0.0,0.0,0.35552254,NaN,NaN,0.0,0.0,0.0,0.0,0.0,0.0
024928103,0.13474083,0.08815996,-0.006654409,0.0,0.0,0.0,0.0,0.0,0.0,0.13214013,0.11665378,-0.002212336,0.0,0.0,0.0,0.0,0.0,0.0
02553G101,0.31158185,0.23297614,-0.0112293875,0.0,0.0,0.0,0.0,0.0,0.0,0.35849962,0.3840076,0.0036439982,0.0,0.0,0.0,0.0,0.0,0.0
026496208,0.16132015,0.16417982,4.0852386E-4,0.14470531,0.15903622,0.0015923232,0.19537203,0.20741907,0.0017210053,0.24972485,0.2337531,-0.0022816786,0.23173718,0.27911443,0.0052641383,0.316698,0.32139057,6.7036494E-4
026652107,0.39323363,0.35761738,-0.0050880355,0.0,0.0,0.0,0.0,0.0,0.0,0.48226252,0.39097995,-0.013040368,0.0,0.0,0.0,0.0,0.0,0.0
028816106,0.27097687,NaN,NaN,0.0,0.0,0.0,0.0,0.0,0.0,0.29453102,NaN,NaN,0.0,0.0,0.0,0.0,0.0,0.0
029318300,0.48619485,0.37666053,-0.01564776,0.0,0.0,0.0,0.0,0.0,0.0,0.7930062,0.8185544,0.0036497456,0.0,0.0,0.0,0.0,0.0,0.0
030789507,0.42010537,0.5159886,0.013697603,0.44080552,0.46152487,0.002071935,0.52333087,0.52016735,-4.5193094E-4,0.78449404,0.8120167,0.003931812,0.7118036,0.6491851,-0.0062618493,0.6713194,0.72593343,0.007802001
03113V109,0.105327465,NaN,NaN,0.0,0.0,0.0,0.0,0.0,0.0,0.17562911,NaN,NaN,0.0,0.0,0.0,0.0,0.0,0.0
03237E108,0.23063953,0.3189307,0.012613022,0.0,0.0,0.0,0.26818144,0.26170644,-9.2500023E-4,0.31595793,0.30577978,-0.0014540212,0.0,0.0,0.0,0.2959102,0.341626,0.0065308255
001813104,0.12211403,0.1252604,4.4948075E-4,0.0,0.0,0.0,0.0,0.0,0.0,0.12467797,0.13403162,0.0013362361,0.0,0.0,0.0,0.0,0.0,0.0
03304B300,0.26197183,0.25499755,-9.963257E-4,0.0,0.0,0.0,NaN,0.285445,NaN,0.12704946,0.1631971,0.0051639485,0.0,0.0,0.0,NaN,0.13155214,NaN
G6359F103,0.14634883,0.14962316,4.6776023E-4,0.08359012,0.11616033,0.0036189125,0.09411687,0.24526954,0.02159324,0.1469708,0.10567046,-0.0059000477,0.113164954,0.10962819,-3.9297342E-4,0.07900676,0.11896735,0.005708655
035250109,0.35010943,NaN,NaN,0.0,0.0,0.0,0.0,0.0,0.0,0.39434698,NaN,NaN,0.0,0.0,0.0,0.0,0.0,0.0
381119106,0.00205407,0.0017871028,-3.8138158E-5,0.0,0.0,0.0,NaN,5.530239E-4,NaN,0.08470967,0.09190785,0.0010283121,0.0,0.0,0.0,NaN,0.100454986,NaN
038196101,0.1536932,0.16947632,0.0022547308,0.0,0.0,0.0,0.0,0.0,0.0,0.29168704,0.3232616,0.0045106495,0.0,0.0,0.0,0.0,0.0,0.0
038213104,0.10249323,0.01591543,-0.012368256,0.0,0.0,0.0,0.0,0.0,0.0,0.26698762,0.26647705,-7.293905E-5,0.0,0.0,0.0,0.0,0.0,0.0
001937101,0.36855313,0.3570327,-0.001645778,0.0,0.0,0.0,0.0,0.0,0.0,0.42780197,0.41440636,-0.0019136582,0.0,0.0,0.0,0.0,0.0,0.0
G04397108,0.28873664,0.21743071,-0.010186561,0.0,0.0,0.0,0.0,0.0,0.0,0.36813074,0.35358006,-0.0020786694,0.0,0.0,0.0,0.0,0.0,0.0
90341G103,0.1485124,0.15454751,8.621599E-4,0.0,0.0,0.0,NaN,0.2599862,NaN,0.12081806,0.12614007,7.6028705E-4,0.0,0.0,0.0,NaN,0.16593744,NaN
042384107,0.19140254,0.20767911,0.002325224,0.20167159,NaN,NaN,0.0,0.0,0.0,0.27466926,0.26331094,-0.0016226172,0.2611373,NaN,NaN,0.0,0.0,0.0
G05330108,0.005498896,NaN,NaN,0.0,0.0,0.0,0.0,0.0,0.0,0.12638909,NaN,NaN,0.0,0.0,0.0,0.0,0.0,0.0
04544X300,0.09396012,0.10499985,0.0013799658,0.0,0.0,0.0,0.0,0.0,0.0,0.1054912,0.112268366,8.471459E-4,0.0,0.0,0.0,0.0,0.0,0.0
04648X107,0.27617273,0.3203032,0.0063043535,0.0,0.0,0.0,0.0,0.0,0.0,0.24060915,0.18030597,-0.00861474,0.0,0.0,0.0,0.0,0.0,0.0
045919107,0.014858723,0.10028539,0.01220381,0.0,0.0,0.0,0.0,0.0,0.0,0.17129993,0.18668863,0.0021983853,0.0,0.0,0.0,0.0,0.0,0.0
04649A106,0.02843379,0.07006632,0.0059475037,0.0,0.0,0.0,0.0,0.0,0.0,0.13023992,0.16387449,0.004804939,0.0,0.0,0.0,0.0,0.0,0.0
37990V204,0.41082105,0.4840385,0.010459636,0.0,0.0,0.0,0.0,0.0,0.0,0.26398456,0.32660317,0.008945516,0.0,0.0,0.0,0.0,0.0,0.0
046613105,0.31849,NaN,NaN,0.0,0.0,0.0,0.0,0.0,0.0,NaN,NaN,NaN,0.0,0.0,0.0,0.0,0.0,0.0
050727106,0.20503451,NaN,NaN,0.0,0.0,0.0,0.0,0.0,0.0,0.1406838,NaN,NaN,0.0,0.0,0.0,0.0,0.0,0.0
05164B106,0.121266484,0.1440238,0.003251046,0.0,0.0,0.0,0.0,0.0,0.0,0.29044113,0.2965459,8.721096E-4,0.0,0.0,0.0,0.0,0.0,0.0
05873K108,0.52654606,0.75832915,0.03311187,0.0,0.0,0.0,0.0,0.0,0.0,0.18792209,0.16386239,-0.0034370997,0.0,0.0,0.0,0.0,0.0,0.0
069744100,0.28712434,0.15634651,-0.018682545,0.0,0.0,0.0,0.0,0.0,0.0,0.3182683,0.25424603,-0.009146039,0.0,0.0,0.0,0.0,0.0,0.0
074002205,0.4400011,0.453922,0.0019887004,0.0,0.0,0.0,0.0,0.0,0.0,0.3282844,0.35131386,0.003289921,0.0,0.0,0.0,0.0,0.0,0.0
077266104,0.20810676,0.16404279,-0.006294853,0.0,0.0,0.0,0.0,0.0,0.0,0.1960823,0.23263061,0.005221188,0.0,0.0,0.0,0.0,0.0,0.0
087509105,0.19842915,0.19102482,-0.001057761,0.1811096,NaN,NaN,0.0,0.0,0.0,0.24167071,0.23007166,-0.001657007,0.24868439,NaN,NaN,0.0,0.0,0.0
091250100,0.19055502,0.21269447,0.0031627777,0.0,0.0,0.0,0.0,0.0,0.0,0.2246797,0.22940247,6.74682E-4,0.0,0.0,0.0,0.0,0.0,0.0
055607105,0.1974649,NaN,NaN,0.0,0.0,0.0,0.0,0.0,0.0,0.24697232,NaN,NaN,0.0,0.0,0.0,0.0,0.0,0.0
098904204,0.048621353,0.053435266,6.877019E-4,0.0,0.0,0.0,0.0,0.0,0.0,0.65565693,0.6535262,-3.043924E-4,0.0,0.0,0.0,0.0,0.0,0.0
099541203,0.22821231,0.24825329,0.0028629962,0.0,0.0,0.0,0.0,0.0,0.0,0.24499533,0.22095598,-0.003434192,0.0,0.0,0.0,0.0,0.0,0.0
100578103,0.060074702,0.11559466,0.007931423,0.0,0.0,0.0,0.0,0.0,0.0,0.40706298,0.42235968,0.0021852425,0.0,0.0,0.0,0.0,0.0,0.0
104499207,0.6463549,0.78482157,0.01978095,0.5161561,NaN,NaN,0.0,0.0,0.0,0.57968014,0.5695777,-0.0014432073,0.57706994,NaN,NaN,0.0,0.0,0.0
105423404,0.7725832,0.5532022,-0.03134014,0.37599984,NaN,NaN,0.0,0.0,0.0,0.33763808,0.31721434,-0.0029176772,0.3263099,NaN,NaN,0.0,0.0,0.0
105425102,NaN,0.29057443,NaN,0.0,0.0,0.0,0.0,0.0,0.0,NaN,0.31848246,NaN,0.0,0.0,0.0,0.0,0.0,0.0
106702103,NaN,0.26173565,NaN,0.0,0.0,0.0,0.0,0.0,0.0,NaN,0.32411736,NaN,0.0,0.0,0.0,0.0,0.0,0.0
119003101,0.12120428,0.09923068,-0.003139086,0.0,0.0,0.0,0.0,0.0,0.0,0.13077967,0.14392065,0.0018772824,0.0,0.0,0.0,0.0,0.0,0.0
120084108,0.2673343,0.31478688,0.006778938,0.0,0.0,0.0,0.0,0.0,0.0,0.4532769,0.46928284,0.002286562,0.0,0.0,0.0,0.0,0.0,0.0
120113105,0.46310696,0.494816,0.0045298636,0.0,0.0,0.0,0.0,0.0,0.0,0.4710997,0.5196512,0.0069359243,0.0,0.0,0.0,0.0,0.0,0.0
121693105,0.21243042,0.2855582,0.010446825,0.0,0.0,0.0,0.0,0.0,0.0,0.28672436,0.162445,-0.017754195,0.0,0.0,0.0,0.0,0.0,0.0
123164105,0.26783255,0.2452831,-0.00322135,0.0,0.0,0.0,0.0,0.0,0.0,0.39073956,0.36136776,-0.004195971,0.0,0.0,0.0,0.0,0.0,0.0
12476P203,0.015311991,0.013712025,-2.2856651E-4,0.0,0.0,0.0,0.0,0.0,0.0,0.13430545,0.1281497,-8.79392E-4,0.0,0.0,0.0,0.0,0.0,0.0
128787108,0.67057824,0.5875686,-0.011858523,0.5599757,NaN,NaN,0.0,0.0,0.0,0.5874765,0.60206425,0.0020839658,0.57037735,NaN,NaN,0.0,0.0,0.0
129915203,0.03733671,0.0410036,5.238413E-4,0.012048193,NaN,NaN,0.0,0.0,0.0,0.18198474,0.13210592,-0.0071255458,0.15196763,NaN,NaN,0.0,0.0,0.0
140909102,0.3483689,0.45948172,0.015873257,0.0,0.0,0.0,0.0,0.0,0.0,0.2099403,0.23409526,0.0034507087,0.0,0.0,0.0,0.0,0.0,0.0
140777103,NaN,0.19219626,NaN,0.0,0.0,0.0,0.0,0.0,0.0,NaN,0.2599197,NaN,0.0,0.0,0.0,0.0,0.0,0.0
141602300,0.32349288,0.3081195,-0.002196197,0.0,0.0,0.0,0.0,0.0,0.0,0.48305473,0.5402614,0.00817238,0.0,0.0,0.0,0.0,0.0,0.0
141649301,0.24643779,0.2634026,0.002423546,0.0,0.0,0.0,0.41081014,0.45401692,0.006172397,0.24332078,0.22982834,-0.0019274907,0.0,0.0,0.0,0.29903862,0.33534044,0.0051859743
141706309,0.12495604,0.09373862,-0.004459631,0.0,0.0,0.0,0.0,0.0,0.0,0.18009499,0.07778013,-0.014616408,0.0,0.0,0.0,0.0,0.0,0.0
143436400,0.16591327,0.13704796,-0.0041236156,0.15685266,NaN,NaN,0.23617925,0.22527544,-0.0015576865,0.18705642,0.1532807,-0.0048251026,0.124635644,NaN,NaN,0.17989683,0.16716081,-0.0018194318
111572103,0.31414506,0.3047696,-0.0013393505,0.3020559,0.3105647,0.0014181336,0.32530025,0.29130492,-0.0048564756,0.37418443,0.38211253,0.0011325862,0.3856159,0.39773837,0.0020204138,0.4110414,0.39117774,-0.0028376665
148710106,0.18337576,0.3231648,0.019969862,0.0,0.0,0.0,0.0,0.0,0.0,0.5753425,0.5894202,0.0020111033,0.0,0.0,0.0,0.0,0.0,0.0
15115M101,0.0087137045,0.018904587,0.0014558404,0.0,0.0,0.0,0.0,0.0,0.0,0.34443417,0.33119807,-0.0018908723,0.0,0.0,0.0,0.0,0.0,0.0
125185108,0.24998243,0.28028825,0.0043294025,0.2774662,NaN,NaN,0.0,0.0,0.0,0.36463535,0.34190097,-0.0032477677,0.32383966,NaN,NaN,0.0,0.0,0.0
158496109,0.30335802,0.19394642,-0.015630228,0.0,0.0,0.0,0.9968252,0.83126986,-0.023650765,0.3499161,0.18682146,-0.023299234,0.0,0.0,0.0,0.92563486,0.550817,-0.053545408
16115Q308,0.17987676,0.25267994,0.0104004545,0.0,0.0,0.0,0.0,0.0,0.0,0.24212351,0.27511004,0.0047123604,0.0,0.0,0.0,0.0,0.0,0.0
847807104,0.7045272,0.46158034,-0.034706693,0.9193541,0.48729348,-0.04320606,0.7088149,0.3277737,-0.05443446,0.17204678,0.141535,-0.0043588257,0.15362185,0.14797811,-5.6437403E-4,0.20193304,0.27778438,0.010835906
559079207,0.26499388,0.34654224,0.011649766,0.0,0.0,0.0,0.18885316,0.25256616,0.009101857,0.480359,0.37660325,-0.014822249,0.0,0.0,0.0,0.5767022,0.5068136,-0.009984084
163893209,NaN,0.22519583,NaN,0.0,0.0,0.0,NaN,0.23343633,NaN,NaN,0.28113106,NaN,0.0,0.0,0.0,NaN,0.24760045,NaN
165159104,0.22959073,0.24232431,0.0018190827,0.0,0.0,0.0,0.2774524,0.21363232,-0.009117156,0.19256051,0.22901864,0.005208305,0.0,0.0,0.0,0.26368406,0.23491473,-0.004109904
168710101,0.30734843,0.33439833,0.0038642713,0.0,0.0,0.0,0.0,0.0,0.0,0.4120551,0.5158109,0.014822258,0.0,0.0,0.0,0.0,0.0,0.0
170032809,0.24626714,0.23786783,-0.0011999011,0.0,0.0,0.0,0.21993804,0.38742757,0.023927076,0.21179867,0.15373494,-0.008294819,0.0,0.0,0.0,0.16850112,0.17011908,2.3113617E-4
12542A206,0.7813437,NaN,NaN,0.0,0.0,0.0,0.0,0.0,0.0,1.1863478,NaN,NaN,0.0,0.0,0.0,0.0,0.0,0.0
172585101,0.4992622,0.47444186,-0.0035457653,0.696569,0.7780553,0.006790524,NaN,0.8673118,NaN,0.7909904,0.81952864,0.0040768897,0.93363863,0.9741714,0.0033777307,NaN,0.8248213,NaN
172737108,0.8180934,0.7694698,-0.0069462317,0.0,0.0,0.0,0.0,0.0,0.0,0.60949636,0.683847,0.010621523,0.0,0.0,0.0,0.0,0.0,0.0
180461105,0.05369274,NaN,NaN,0.0,0.0,0.0,0.0,0.0,0.0,0.27473393,NaN,NaN,0.0,0.0,0.0,0.0,0.0,0.0
182728204,0.057198897,0.0727349,0.002219429,0.0,0.0,0.0,0.0,0.0,0.0,0.1354234,0.12795204,-0.0010673383,0.0,0.0,0.0,0.0,0.0,0.0
192481208,0.04382531,0.03693568,-9.842329E-4,0.0,0.0,0.0,0.0,0.0,0.0,0.09065211,0.08412083,-9.330394E-4,0.0,0.0,0.0,0.0,0.0,0.0
194830204,0.31980312,0.270529,-0.0070391595,0.0,0.0,0.0,0.0,0.0,0.0,0.33040622,0.30583486,-0.0035101941,0.0,0.0,0.0,0.0,0.0,0.0
200334100,0.12796208,NaN,NaN,0.082571805,NaN,NaN,0.0,0.0,0.0,0.23288701,NaN,NaN,0.21183133,NaN,NaN,0.0,0.0,0.0
20452C104,0.07730616,NaN,NaN,0.0,0.0,0.0,0.0,0.0,0.0,0.82917535,NaN,NaN,0.0,0.0,0.0,0.0,0.0,0.0
206814105,0.2923971,0.31139332,0.002713744,0.0,0.0,0.0,0.0,0.0,0.0,0.34199548,0.2986066,-0.0061984104,0.0,0.0,0.0,0.0,0.0,0.0
209232107,0.6110339,0.57441384,-0.00523144,0.0,0.0,0.0,0.0,0.0,0.0,0.4692137,0.44490948,-0.0034720302,0.0,0.0,0.0,0.0,0.0,0.0
21036U206,0.440094,0.47201455,0.004560079,0.40671086,NaN,NaN,NaN,0.44680297,NaN,0.33669773,0.26165882,-0.010719844,0.27189,NaN,NaN,NaN,0.3238752,NaN
21099Y004,0.33883327,0.31820488,-0.0029469132,0.2729421,0.35903683,0.0071745613,0.0,0.0,0.0,0.28442144,0.346742,0.008902937,0.3116778,0.31929442,6.3471746E-4,0.0,0.0,0.0
211496104,0.07952655,0.09716559,0.002519863,0.0,0.0,0.0,0.0,0.0,0.0,0.17074677,0.19053377,0.0028267142,0.0,0.0,0.0,0.0,0.0,0.0
211914403,0.14751127,0.116623476,-0.0044125426,0.0,0.0,0.0,0.0,0.0,0.0,0.2893576,0.27359936,-0.002251178,0.0,0.0,0.0,0.0,0.0,0.0
216245100,0.4866116,0.66423124,0.022202455,0.47379875,0.60851306,0.0192449,0.4923705,NaN,NaN,0.7303254,0.7478556,0.0021912754,0.7275289,0.71575886,-0.0016814385,0.7485027,NaN,NaN
218103109,0.22340825,0.33316138,0.015679019,0.0,0.0,0.0,0.0,0.0,0.0,0.33629444,0.42517272,0.012696897,0.0,0.0,0.0,0.0,0.0,0.0
22161G103,0.081450365,0.08772557,8.964581E-4,0.0,0.0,0.0,0.0,0.0,0.0,0.09065211,0.08412077,-9.330479E-4,0.0,0.0,0.0,0.0,0.0,0.0
222814204,0.024265163,0.057533514,0.0047526215,0.0,0.0,0.0,0.17852707,0.2631141,0.01208386,0.14319062,0.124369144,-0.0026887825,0.0,0.0,0.0,0.15076302,0.18674988,0.0051409793
228439105,0.16741692,0.13006574,-0.0053358823,0.0,0.0,0.0,0.0,0.0,0.0,0.2771848,0.3055315,0.004049527,0.0,0.0,0.0,0.0,0.0,0.0
228622106,0.25292528,NaN,NaN,0.0,0.0,0.0,0.0,0.0,0.0,0.20223407,NaN,NaN,0.0,0.0,0.0,0.0,0.0,0.0
229070107,NaN,0.437298,NaN,0.24692853,NaN,NaN,0.0,0.0,0.0,NaN,0.4382013,NaN,0.40847734,NaN,NaN,0.0,0.0,0.0
229241104,0.08064022,0.11937495,0.0048418418,0.0,0.0,0.0,0.11022247,0.07706842,-0.0047362926,0.08087262,0.08075299,-1.4953315E-5,0.0,0.0,0.0,0.086440794,0.0939316,0.0010701151
126419100,0.21311747,0.24537706,0.0046085143,0.0,0.0,0.0,0.0,0.0,0.0,0.14019975,0.12640469,-0.0019707233,0.0,0.0,0.0,0.0,0.0,0.0
23380G106,0.16591802,0.09976618,-0.009450263,0.0,0.0,0.0,0.0,0.0,0.0,0.35670117,0.28481475,-0.010269488,0.0,0.0,0.0,0.0,0.0,0.0
234050102,0.16230339,0.21625152,0.0077068764,0.0,0.0,0.0,0.0,0.0,0.0,0.30094537,0.32726455,0.0037598822,0.0,0.0,0.0,0.0,0.0,0.0
234053106,0.73520344,0.77268803,0.005354941,0.0,0.0,0.0,0.0,0.0,0.0,0.631844,0.50822955,-0.017659204,0.0,0.0,0.0,0.0,0.0,0.0
235774106,0.24036877,0.22656234,-0.0019723475,0.0,0.0,0.0,0.0,0.0,0.0,0.32091424,0.27462387,-0.0066129095,0.0,0.0,0.0,0.0,0.0,0.0
235825205,0.2011023,0.26688322,0.009397275,0.0,0.0,0.0,0.0,0.0,0.0,0.3119015,0.3039549,-0.0011352301,0.0,0.0,0.0,0.0,0.0,0.0
240028308,0.4035383,0.34549978,-0.008291215,0.0,0.0,0.0,0.0,0.0,0.0,0.38212687,0.37643903,-8.125476E-4,0.0,0.0,0.0,0.0,0.0,0.0
233162502,0.13411827,0.2887853,0.022095291,0.0,0.0,0.0,0.16412641,0.2578825,0.013393728,0.34921876,0.40176716,0.0075069154,0.0,0.0,0.0,0.4494197,0.42086866,-0.00407872
241209105,0.11526787,0.07991493,-0.0050504208,0.0,0.0,0.0,0.0,0.0,0.0,0.15543292,0.3009782,0.020792184,0.0,0.0,0.0,0.0,0.0,0.0
243458106,0.347756,0.3704361,0.003240015,0.0,0.0,0.0,0.0,0.0,0.0,0.3344119,0.20257375,-0.018834021,0.0,0.0,0.0,0.0,0.0,0.0
247361702,0.1379193,0.16701068,0.0041559106,0.0,0.0,0.0,0.15875405,0.14984444,-0.0012728019,0.31242946,0.29191768,-0.0029302537,0.0,0.0,0.0,0.2748709,0.2794487,6.539694E-4
255374100,0.091108195,0.08710235,-5.7226315E-4,0.0,0.0,0.0,0.0,0.0,0.0,0.16689032,0.15773596,-0.0013077663,0.0,0.0,0.0,0.0,0.0,0.0
255402406,0.10217173,0.21412893,0.015993886,0.0,0.0,0.0,0.0,0.0,0.0,0.20373021,0.24088223,0.005307432,0.0,0.0,0.0,0.0,0.0,0.0
344822101,0.27546793,0.2557451,-0.0028175456,0.47114196,0.4849066,0.0022941083,0.5880006,0.4679895,-0.017144442,0.65840316,0.62035245,-0.005435816,0.6225957,0.6083245,-0.0023785334,0.57497853,0.66765565,0.013239588
261528301,NaN,0.38278952,NaN,0.0,0.0,0.0,0.0,0.0,0.0,NaN,0.24753293,NaN,0.0,0.0,0.0,0.0,0.0,0.0
262175102,0.9149017,0.8086231,-0.015182657,0.0,0.0,0.0,0.0,0.0,0.0,0.58371574,0.63048166,0.006680846,0.0,0.0,0.0,0.0,0.0,0.0
262497308,0.28425598,0.27135906,-0.0018424179,0.0,0.0,0.0,0.0,0.0,0.0,0.29395908,0.28208017,-0.0016969868,0.0,0.0,0.0,0.0,0.0,0.0
265903104,0.2620601,0.23724912,-0.0035444263,0.0,0.0,0.0,0.0,0.0,0.0,0.3029223,0.30366486,1.06079235E-4,0.0,0.0,0.0,0.0,0.0,0.0
267575108,0.24477714,0.23260498,-0.0017388804,0.0,0.0,0.0,0.0,0.0,0.0,0.30700883,0.26407596,-0.0061332667,0.0,0.0,0.0,0.0,0.0,0.0
269514204,0.86377656,0.8309477,-0.0046898383,0.0,0.0,0.0,0.84636986,NaN,NaN,0.73742104,0.78137785,0.0062795454,0.0,0.0,0.0,0.62756336,NaN,NaN
269524104,0.20366842,NaN,NaN,0.0,0.0,0.0,0.0,0.0,0.0,0.28507516,NaN,NaN,0.0,0.0,0.0,0.0,0.0,0.0
269803102,0.35838637,0.40981936,0.007347571,0.37509745,NaN,NaN,0.0,0.0,0.0,0.31568518,0.30468324,-0.0015717064,0.34859994,NaN,NaN,0.0,0.0,0.0
071625107,0.33966517,0.4133892,0.010532005,0.0,0.0,0.0,0.0,0.0,0.0,0.53612405,0.4891671,-0.0067081368,0.0,0.0,0.0,0.0,0.0,0.0
279862106,0.030950584,0.06670658,0.0044695,0.0,0.0,0.0,0.0,0.0,0.0,0.09769121,0.074773625,-0.002864698,0.0,0.0,0.0,0.0,0.0,0.0
280875303,0.43723834,0.40036178,-0.0052680797,0.4494399,0.41153035,-0.0054156524,0.5187411,NaN,NaN,0.56473726,0.5415759,-0.0033087644,0.57517684,0.5238448,-0.007333151,0.5625566,NaN,NaN
281067306,0.19500007,0.27969468,0.01209923,0.37090084,NaN,NaN,0.48407385,0.62693745,0.020409087,0.1026167,0.10251155,-1.5021435E-5,0.110747665,NaN,NaN,0.10461555,0.10156175,-4.3625705E-4
26874E107,0.17344017,0.24219768,0.009822501,0.0,0.0,0.0,0.0,0.0,0.0,0.33069476,0.21729392,-0.016200121,0.0,0.0,0.0,0.0,0.0,0.0
291087203,0.94705313,0.872412,-0.010663016,0.0,0.0,0.0,1.3298912,0.46773362,-0.12316537,0.30834395,0.38080415,0.010351458,0.0,0.0,0.0,0.35401493,0.3697445,0.0022470823
29255U104,0.3955346,0.5713384,0.02511483,0.0,0.0,0.0,0.0,0.0,0.0,0.19591743,0.21237914,0.0023516736,0.0,0.0,0.0,0.0,0.0,0.0
535763106,1.1475763,0.10029018,-0.14961231,0.0,0.0,0.0,0.0,0.0,0.0,0.6547605,0.6212239,-0.004790936,0.0,0.0,0.0,0.0,0.0,0.0
57685E200,0.5304403,0.4148636,-0.016510954,0.0,0.0,0.0,0.0,0.0,0.0,0.21412174,0.19137192,-0.0032499752,0.0,0.0,0.0,0.0,0.0,0.0
295866107,0.42819342,0.43428293,8.699298E-4,0.57011324,NaN,NaN,0.0,0.0,0.0,0.46012306,0.47020158,0.0014397885,0.51982147,NaN,NaN,0.0,0.0,0.0
297862104,0.03562922,0.13959391,0.014852099,0.0,0.0,0.0,0.0,0.0,0.0,0.5243048,0.48724994,-0.0052935523,0.0,0.0,0.0,0.0,0.0,0.0
299209106,0.32250786,0.47930232,0.022399208,0.37958866,NaN,NaN,0.0,0.0,0.0,0.55941916,0.5800005,0.002940195,0.59188,NaN,NaN,0.0,0.0,0.0
300072105,0.50135195,0.5495216,0.006881382,0.0,0.0,0.0,0.0,0.0,0.0,0.3492752,0.28125346,-0.009717392,0.0,0.0,0.0,0.0,0.0,0.0
302051206,0.25457326,0.29142004,0.005263827,0.0,0.0,0.0,0.28396323,0.34810638,0.009163307,0.18115172,0.16274409,-0.0026296612,0.0,0.0,0.0,0.18464933,0.19501454,0.0014807433
302088109,0.07733152,0.059974667,-0.0024795507,0.0,0.0,0.0,0.0,0.0,0.0,0.17129993,0.18668863,0.0021983853,0.0,0.0,0.0,0.0,0.0,0.0
302723101,0.572415,0.55624706,-0.0023097056,0.57582086,NaN,NaN,0.0,0.0,0.0,0.6271226,0.5772684,-0.0071220226,0.6040011,NaN,NaN,0.0,0.0,0.0
303698104,0.2477978,0.38007864,0.018897263,0.0,0.0,0.0,0.0,0.0,0.0,0.41695085,0.38653335,-0.0043453574,0.0,0.0,0.0,0.0,0.0,0.0
305560302,0.1734485,0.08764321,-0.012257898,0.0,0.0,0.0,0.0,0.0,0.0,0.15708253,0.1511966,-8.40847E-4,0.0,0.0,0.0,0.0,0.0,0.0
306075102,0.22624047,0.21556336,-0.0015253021,0.0,0.0,0.0,0.0,0.0,0.0,0.07865832,0.15392135,0.010751861,0.0,0.0,0.0,0.0,0.0,0.0
30701A106,0.06872869,0.06813488,-8.483018E-5,0.0,0.0,0.0,0.0,0.0,0.0,0.18107605,0.16341071,-0.0025236201,0.0,0.0,0.0,0.0,0.0,0.0
313549404,0.15829746,NaN,NaN,0.1461964,NaN,NaN,0.2252061,0.190085,-0.005017302,0.33668256,NaN,NaN,0.33369184,NaN,NaN,0.28946644,0.26186416,-0.0039431835
315646109,0.18557926,0.22865705,0.006153971,0.0,0.0,0.0,0.0,0.0,0.0,0.20795543,0.20307527,-6.971657E-4,0.0,0.0,0.0,0.0,0.0,0.0
317832103,0.43926215,0.27989522,-0.022766706,0.0,0.0,0.0,0.0,0.0,0.0,0.41560486,0.42642382,0.0015455654,0.0,0.0,0.0,0.0,0.0,0.0
317884203,0.38611782,NaN,NaN,0.0,0.0,0.0,0.0,0.0,0.0,0.45704198,NaN,NaN,0.0,0.0,0.0,0.0,0.0,0.0
G3529X106,0.009823434,0.014442463,6.598613E-4,0.0,0.0,0.0,0.0,0.0,0.0,0.12288813,0.13023992,0.0010502551,0.0,0.0,0.0,0.0,0.0,0.0
339099103,0.7168435,0.48667827,-0.032880746,0.0,0.0,0.0,0.0,0.0,0.0,0.5108776,0.3499819,-0.0229851,0.0,0.0,0.0,0.0,0.0,0.0
339130106,0.9456082,0.8651318,-0.011496629,0.0,0.0,0.0,0.0,0.0,0.0,1.0020915,0.8912317,-0.015837116,0.0,0.0,0.0,0.0,0.0,0.0
339756108,0.37240937,0.49531427,0.017557843,0.0,0.0,0.0,0.0,0.0,0.0,0.47972786,0.5439011,0.009167603,0.0,0.0,0.0,0.0,0.0,0.0
34407T104,0.21489374,0.23619962,0.0030436963,0.0,0.0,0.0,0.0,0.0,0.0,0.32660317,0.27633148,-0.00718167,0.0,0.0,0.0,0.0,0.0,0.0
344123203,0.40008557,NaN,NaN,0.0,0.0,0.0,0.0,0.0,0.0,0.43090162,NaN,NaN,0.0,0.0,0.0,0.0,0.0,0.0
344155205,0.11031282,0.13791268,0.0039428365,0.0,0.0,0.0,0.0,0.0,0.0,0.12638909,0.140551,0.0020231307,0.0,0.0,0.0,0.0,0.0,0.0
345206205,0.085542254,0.07967267,-8.3851174E-4,0.0,0.0,0.0,0.13297296,NaN,NaN,0.101527676,0.08322812,-0.0026142225,0.0,0.0,0.0,0.16454595,NaN,NaN
34659D104,0.2041566,0.23130794,0.0038787615,0.0,0.0,0.0,0.0,0.0,0.0,0.3345294,0.34537825,0.0015498357,0.0,0.0,0.0,0.0,0.0,0.0
349841304,0.048862036,0.042874873,-8.553091E-4,0.040672977,0.059074506,0.003680306,0.0666241,0.09595185,0.0041896785,0.3792483,0.3287128,-0.007219357,0.3276374,0.293335,-0.0068604825,0.17280814,0.19034591,0.002505396
302543103,0.43343776,0.3883545,-0.006440465,0.0,0.0,0.0,0.0,0.0,0.0,0.35118163,0.28523204,-0.00942137,0.0,0.0,0.0,0.0,0.0,0.0
358321206,0.5025913,0.4488491,-0.0076774573,0.42958605,NaN,NaN,0.0,0.0,0.0,0.73082024,0.72920007,-2.3145335E-4,0.7297641,NaN,NaN,0.0,0.0,0.0
358430106,0.25713333,0.17317486,-0.0119940685,0.0,0.0,0.0,0.0,0.0,0.0,0.2332738,0.21417244,-0.0027287665,0.0,0.0,0.0,0.0,0.0,0.0
359059102,0.29637763,0.2971852,1.1536905E-4,0.0,0.0,0.0,0.0,0.0,0.0,0.2555439,0.26200598,9.2315674E-4,0.0,0.0,0.0,0.0,0.0,0.0
359076106,0.30772907,NaN,NaN,0.0,0.0,0.0,0.0,0.0,0.0,0.29719055,NaN,NaN,0.0,0.0,0.0,0.0,0.0,0.0
G3682L105,0.19766958,0.19408704,-5.1179103E-4,0.18797842,NaN,NaN,0.0,0.0,0.0,0.36897662,0.32164702,-0.006761372,0.1880271,NaN,NaN,0.0,0.0,0.0
36352K103,0.26409557,0.2257031,-0.0054846383,0.0,0.0,0.0,0.0,0.0,0.0,0.3062957,0.35330033,0.0067149485,0.0,0.0,0.0,0.0,0.0,0.0
368145108,0.17133148,0.18704303,0.0022445065,0.0,0.0,0.0,0.21715869,0.25022584,0.004723879,0.4164275,0.28652892,-0.01855694,0.0,0.0,0.0,0.2676015,0.2986206,0.004431303
36155Q109,0.21334404,0.26077637,0.0067760474,0.31993228,NaN,NaN,0.0,0.0,0.0,0.18424329,0.1572102,-0.0038618702,0.09194449,NaN,NaN,0.0,0.0,0.0
370054207,0.22143619,0.17662452,-0.0064016664,0.0,0.0,0.0,0.0,0.0,0.0,0.17670451,0.13755651,-0.005592572,0.0,0.0,0.0,0.0,0.0,0.0
37045V100,0.31436768,0.3380452,0.003382504,NaN,0.265533,NaN,0.4159819,0.33521104,-0.011538693,0.2708745,0.25826976,-0.0018006776,NaN,0.2932224,NaN,0.45401686,0.46209738,0.0011543588
64015Y104,0.17029457,0.17492501,6.6149235E-4,0.0,0.0,0.0,0.32402474,0.16259938,-0.023060765,0.5529728,0.6087714,0.007971227,0.0,0.0,0.0,0.7214903,0.7437768,0.003183782
372257105,0.2806441,0.22842973,-0.0074591935,0.0,0.0,0.0,0.32348642,NaN,NaN,0.26422966,0.23343164,-0.004399717,0.0,0.0,0.0,0.23185821,NaN,NaN
372282103,0.4655534,0.4604747,-7.2552904E-4,0.0,0.0,0.0,0.0,0.0,0.0,0.33903328,0.32810557,-0.001561101,0.0,0.0,0.0,0.0,0.0,0.0
37245X203,0.25816616,0.21411054,-0.006293661,0.0,0.0,0.0,0.0,0.0,0.0,0.16885783,0.17936593,0.0015011579,0.0,0.0,0.0,0.0,0.0,0.0
37248E202,0.06740735,0.10642586,0.005574073,0.0,0.0,0.0,0.0,0.0,0.0,0.19413461,0.22929662,0.005023145,0.0,0.0,0.0,0.0,0.0,0.0
373654102,0.05833252,0.039102193,-0.0027471897,0.022677276,NaN,NaN,0.0,0.0,0.0,0.13306685,0.14216816,0.001300188,0.17697756,NaN,NaN,0.0,0.0,0.0
G3930E101,0.05459921,0.054249693,-4.993113E-5,0.02385755,0.033047345,7.6581613E-4,0.08391977,0.14022815,0.008044055,0.11397873,0.10857222,-7.7235803E-4,0.093542784,0.14242955,0.004073897,0.17840591,0.18865743,0.0014645031
37941P306,0.18394087,NaN,NaN,0.0,0.0,0.0,0.0,0.0,0.0,0.18463576,NaN,NaN,0.0,0.0,0.0,0.0,0.0,0.0
37936U104,0.03904128,0.048226677,0.0013121994,0.0,0.0,0.0,0.0,0.0,0.0,0.13308105,0.12638906,-9.559989E-4,0.0,0.0,0.0,0.0,0.0,0.0
64050T101,0.0287833,0.043710906,0.002132515,0.0,0.0,0.0,0.0,0.0,0.0,0.16746727,0.20373021,0.005180421,0.0,0.0,0.0,0.0,0.0,0.0
380804203,0.17010151,0.1765154,9.1627025E-4,0.0,0.0,0.0,0.0,0.0,0.0,0.2948699,0.30713516,0.0017521807,0.0,0.0,0.0,0.0,0.0,0.0
383485109,0.68678194,NaN,NaN,0.0,0.0,0.0,0.0,0.0,0.0,0.35305068,NaN,NaN,0.0,0.0,0.0,0.0,0.0,0.0
384632105,0.17402644,NaN,NaN,0.0,0.0,0.0,0.0,0.0,0.0,0.5651466,NaN,NaN,0.0,0.0,0.0,0.0,0.0,0.0
386532402,0.5252344,0.54169536,0.002351565,0.0,0.0,0.0,0.54263437,0.74430764,0.028810468,0.76660025,0.7570066,-0.0013705237,0.0,0.0,0.0,0.7684474,0.6447253,-0.017674582
390064103,0.73177266,0.80728596,0.010787615,0.0,0.0,0.0,1.3743299,0.9884461,-0.055126257,0.66264385,0.64574015,-0.002414814,0.0,0.0,0.0,1.2531991,1.2553194,3.0289378E-4
36191C205,0.14179993,0.13047765,-0.0016174678,0.0,0.0,0.0,0.0,0.0,0.0,0.22364765,0.15705267,-0.00951357,0.0,0.0,0.0,0.0,0.0,0.0
361942105,0.03758664,0.070824526,0.0047482694,0.0,0.0,0.0,0.0,0.0,0.0,0.20127921,0.15518847,-0.006584391,0.0,0.0,0.0,0.0,0.0,0.0
401794201,0.25539067,0.26407096,0.0012400405,0.0,0.0,0.0,0.0,0.0,0.0,0.19545804,0.14234039,-0.007588235,0.0,0.0,0.0,0.0,0.0,0.0
047620109,0.51874787,0.43710577,-0.011663156,0.2535056,NaN,NaN,0.0,0.0,0.0,0.40476552,0.4534842,0.006959813,0.48046646,NaN,NaN,0.0,0.0,0.0
404429102,0.4213539,0.26075912,-0.022942113,0.0,0.0,0.0,0.0,0.0,0.0,0.63812447,0.6279229,-0.0014573677,0.0,0.0,0.0,0.0,0.0,0.0
409900107,0.32612407,NaN,NaN,0.0,0.0,0.0,0.0,0.0,0.0,0.5048608,NaN,NaN,0.0,0.0,0.0,0.0,0.0,0.0
481165108,0.24355543,0.15239944,-0.013022284,0.13841355,NaN,NaN,0.21748461,0.21135916,-8.750643E-4,NaN,NaN,NaN,NaN,NaN,NaN,NaN,NaN,NaN
417119104,0.2827132,0.26835674,-0.0020509234,0.0,0.0,0.0,0.45617196,0.45986903,5.281525E-4,0.41695085,0.3865333,-0.004345366,0.0,0.0,0.0,0.44437182,0.4413972,-4.2494707E-4
417434503,0.26331705,0.3095005,0.006597634,0.0,0.0,0.0,0.27467373,NaN,NaN,0.2521672,0.27307075,0.0029862225,0.0,0.0,0.0,0.23236024,NaN,NaN
419879101,0.5573891,0.63454014,0.01102158,0.6648015,NaN,NaN,0.301059,0.26203385,-0.0055750227,0.29954517,0.25511405,-0.006347303,0.2885538,NaN,NaN,0.25684133,0.25374916,-4.4173855E-4
420781304,0.30830616,0.29798415,-0.0014745721,0.0,0.0,0.0,0.22093529,0.22780192,9.809477E-4,0.2906715,0.27410474,-0.002366679,0.0,0.0,0.0,0.32795742,0.299546,-0.004058774
670198100,0.03911841,0.057105623,0.002569602,0.0,0.0,0.0,0.10732261,0.09772803,-0.0013706546,0.1287871,0.14755626,0.0026813087,0.0,0.0,0.0,0.13938116,0.13165005,-0.0011044443
422660936,0.5585566,NaN,NaN,0.0,0.0,0.0,0.0,0.0,0.0,0.542602,NaN,NaN,0.0,0.0,0.0,0.0,0.0,0.0
422893107,0.34306526,0.36107442,0.0025727365,0.0,0.0,0.0,0.0,0.0,0.0,0.43590546,0.4501294,0.0020319906,0.0,0.0,0.0,0.0,0.0,0.0
428291108,0.28579614,0.2493604,-0.0052051055,0.28172827,0.315107,0.006675744,0.4019653,0.30285037,-0.014159275,0.24949165,0.24125832,-0.001176189,0.24680635,0.31058726,0.012756181,0.29321527,0.2999789,9.6623384E-4
430771105,0.6532397,0.6367511,-0.002355516,0.0,0.0,0.0,0.0,0.0,0.0,0.7192275,0.6339173,-0.0121871745,0.0,0.0,0.0,0.0,0.0,0.0
431692102,0.37856722,0.41585073,0.0053262156,0.4835879,0.46075103,-0.0022836863,0.5083819,0.4896655,-0.0026737708,0.80152386,0.790313,-0.0016015513,0.6684646,0.62436604,-0.0044098557,0.5772684,0.60400105,0.0038189462
433245107,0.10530504,NaN,NaN,0.0,0.0,0.0,0.0,0.0,0.0,0.13586982,NaN,NaN,0.0,0.0,0.0,0.0,0.0,0.0
441759107,0.36392188,0.32482687,-0.0055850022,0.27542517,0.3415025,0.009439617,0.46204174,NaN,NaN,0.47081703,0.42235243,-0.006923514,0.46952197,0.46600518,-5.0239905E-4,0.5019888,NaN,NaN
404269201,NaN,0.48076004,NaN,0.5375112,0.48307472,-0.010887301,0.4703456,NaN,NaN,NaN,0.6603409,NaN,0.7236016,0.76888704,0.0090570925,0.73759747,NaN,NaN
444356109,0.39294875,NaN,NaN,0.0,0.0,0.0,0.0,0.0,0.0,0.58273196,NaN,NaN,0.0,0.0,0.0,0.0,0.0,0.0
81169P101,0.11058921,0.087920636,-0.0032383683,0.0,0.0,0.0,NaN,0.11943169,NaN,0.159516,0.15128364,-0.0011760528,0.0,0.0,0.0,NaN,0.11495331,NaN
868447103,0.5074501,0.432855,-0.010656442,0.0,0.0,0.0,NaN,0.09385941,NaN,0.09620961,0.11619854,0.0028555617,0.0,0.0,0.0,NaN,0.1947898,NaN
45255G101,0.19534199,0.11889732,-0.010920667,0.0,0.0,0.0,0.0,0.0,0.0,0.2779834,0.27951425,2.186937E-4,0.0,0.0,0.0,0.0,0.0,0.0
453096208,0.38093495,0.4179923,0.0052939057,0.0,0.0,0.0,NaN,0.68084645,NaN,0.39040244,0.341208,-0.007027775,0.0,0.0,0.0,NaN,0.32143334,NaN
45321T202,0.065384455,0.09635743,0.0044247103,0.0,0.0,0.0,0.0,0.0,0.0,0.13122845,0.13029489,-1.3336539E-4,0.0,0.0,0.0,0.0,0.0,0.0
45772G105,0.4389367,0.4382145,-1.03171384E-4,0.0,0.0,0.0,0.0,0.0,0.0,0.2657622,0.21727255,-0.0069270944,0.0,0.0,0.0,0.0,0.0,0.0
45811E301,0.4425607,0.37814468,-0.009202288,0.0,0.0,0.0,0.66581625,NaN,NaN,0.28715265,0.35728014,0.010018213,0.0,0.0,0.0,0.29045713,NaN,NaN
45812C106,0.1417297,0.14952376,0.0011134382,0.0,0.0,0.0,0.0,0.0,0.0,0.38315454,0.3805622,-3.7033643E-4,0.0,0.0,0.0,0.0,0.0,0.0
45881K104,0.21697254,0.26694813,0.00713937,0.0,0.0,0.0,0.0,0.0,0.0,NaN,NaN,NaN,0.0,0.0,0.0,0.0,0.0,0.0
459004404,0.23490556,0.21281941,-0.0031551633,0.11349817,NaN,NaN,0.0,0.0,0.0,0.19321358,0.14173223,-0.007354479,0.10956595,NaN,NaN,0.0,0.0,0.0
45950T101,0.29427797,0.3393444,0.006438064,0.0,0.0,0.0,0.0,0.0,0.0,0.36408302,0.29520833,-0.009839241,0.0,0.0,0.0,0.0,0.0,0.0
46072H108,0.5760927,0.5394206,-0.0052388734,0.0,0.0,0.0,0.0,0.0,0.0,0.33578607,0.39577812,0.008570292,0.0,0.0,0.0,0.0,0.0,0.0
45031T872,0.088022836,0.12045161,0.0046326816,0.12996627,NaN,NaN,NaN,0.21290565,NaN,0.12288813,0.13023992,0.0010502551,0.14938667,NaN,NaN,NaN,0.19275814,NaN
469834105,0.5151294,0.36234346,-0.021826562,0.0,0.0,0.0,0.0,0.0,0.0,0.34521624,0.34418827,-1.4685307E-4,0.0,0.0,0.0,0.0,0.0,0.0
470737107,0.64178586,0.6348488,-9.910123E-4,0.5311748,0.5274557,-7.438183E-4,0.0,0.0,0.0,0.6588488,0.63856,-0.0028984037,0.6106045,0.5278177,-0.01655736,0.0,0.0,0.0
46611Q403,7.513357E-5,0.1378324,0.01967961,0.0,0.0,0.0,0.0,0.0,0.0,0.163417,0.17412186,0.0015292658,0.0,0.0,0.0,0.0,0.0,0.0
477066203,0.2663941,NaN,NaN,0.0,0.0,0.0,0.0,0.0,0.0,0.39267793,NaN,NaN,0.0,0.0,0.0,0.0,0.0,0.0
481138105,0.10335422,NaN,NaN,0.0,0.0,0.0,0.0,0.0,0.0,0.13546284,NaN,NaN,0.0,0.0,0.0,0.0,0.0,0.0
481386100,0.2850369,0.25709745,-0.003991348,0.0,0.0,0.0,0.0,0.0,0.0,0.5019888,0.5164966,0.0020725387,0.0,0.0,0.0,0.0,0.0,0.0
48213P106,0.35545683,0.29490855,-0.008649753,0.0,0.0,0.0,0.0,0.0,0.0,0.52164805,0.51372284,-0.0011321732,0.0,0.0,0.0,0.0,0.0,0.0
29084Q100,0.2899593,0.66273993,0.053254373,0.0,0.0,0.0,NaN,0.6848409,NaN,0.38000235,0.46760818,0.012515119,0.0,0.0,0.0,NaN,0.30005047,NaN
483007704,NaN,0.13678609,NaN,0.0,0.0,0.0,0.5128166,0.38231707,-0.018642792,NaN,0.25109598,NaN,0.0,0.0,0.0,0.39633572,0.34645435,-0.00712591
485808109,0.29044306,NaN,NaN,0.0,0.0,0.0,0.0,0.0,0.0,0.4380027,NaN,NaN,0.0,0.0,0.0,0.0,0.0,0.0
482434206,0.059009176,0.12081814,0.008829852,0.14053255,NaN,NaN,0.11017678,0.10866397,-2.161158E-4,0.08322812,0.0930955,0.0014096254,0.14087005,NaN,NaN,0.09212121,0.096833825,6.732302E-4
482455102,NaN,0.5714711,NaN,0.0,0.0,0.0,0.0,0.0,0.0,NaN,0.6603407,NaN,0.0,0.0,0.0,0.0,0.0,0.0
488035106,0.15937972,0.16643092,0.0010073142,0.0,0.0,0.0,0.0,0.0,0.0,0.43761685,0.4310699,-9.352778E-4,0.0,0.0,0.0,0.0,0.0,0.0
492716105,0.66916615,0.5504178,-0.016964052,0.0,0.0,0.0,0.0,0.0,0.0,0.93946093,0.83421355,-0.01503534,0.0,0.0,0.0,0.0,0.0,0.0
494521305,0.20155597,0.21777232,0.0023166218,0.0,0.0,0.0,0.27361047,0.27585667,3.2088585E-4,0.6663867,0.82989687,0.023358593,0.0,0.0,0.0,0.7175935,0.5742108,-0.020483239
498326206,0.20243578,0.22327965,0.002977697,0.0,0.0,0.0,0.0,0.0,0.0,0.739326,0.65788996,-0.011633719,0.0,0.0,0.0,0.0,0.0,0.0
812350106,0.6318481,0.53492004,-0.013846866,0.6392336,NaN,NaN,0.9411233,0.6326058,-0.044073932,0.5769521,0.5981316,0.0030256424,0.6063641,NaN,NaN,0.60599756,0.5713078,-0.0049556834
500453204,0.15703572,0.16159244,6.509594E-4,0.0,0.0,0.0,0.3269897,0.32489577,-2.9913444E-4,0.30520496,0.2856815,-0.0027890673,0.0,0.0,0.0,0.24288882,0.26460513,0.0031023303
505606103,0.25331694,0.3101916,0.008124952,0.0,0.0,0.0,0.0,0.0,0.0,0.26725775,0.2442876,-0.0032814506,0.0,0.0,0.0,0.0,0.0,0.0
51808R206,0.16155313,NaN,NaN,0.0,0.0,0.0,0.0,0.0,0.0,0.16553874,NaN,NaN,0.0,0.0,0.0,0.0,0.0,0.0
521863308,0.031266022,0.06683338,0.0050810506,0.0,0.0,0.0,NaN,0.09711106,NaN,0.21417464,0.1582047,-0.007995705,0.0,0.0,0.0,NaN,0.15784216,NaN
521865204,0.49471822,0.37835556,-0.016623238,0.0,0.0,0.0,NaN,0.46414185,NaN,0.34348968,0.29715532,-0.0066191936,0.0,0.0,0.0,NaN,0.31719008,NaN
521098202,0.10371312,NaN,NaN,0.0,0.0,0.0,0.0,0.0,0.0,0.12194812,NaN,NaN,0.0,0.0,0.0,0.0,0.0,0.0
526262100,0.2964485,0.20129295,-0.01359365,0.0,0.0,0.0,0.0,0.0,0.0,NaN,NaN,NaN,0.0,0.0,0.0,0.0,0.0,0.0
B5628B104,0.1276999,0.09938972,-0.0040443116,0.0,0.0,0.0,0.0,0.0,0.0,0.24807197,0.1878841,-0.008598266,0.0,0.0,0.0,0.0,0.0,0.0
527016109,0.45643768,0.41036683,-0.006581549,0.3706905,0.39648882,0.001612395,0.59975725,0.6330251,0.0047525507,0.494468,0.5016523,0.0010263281,0.52535754,0.5891195,0.003985122,0.6130091,0.569103,-0.0062722987
527482103,0.41163528,0.30953833,-0.014585278,0.0,0.0,0.0,0.0,0.0,0.0,0.3975053,0.3486738,-0.0069759316,0.0,0.0,0.0,0.0,0.0,0.0
530129204,0.01822388,NaN,NaN,0.0,0.0,0.0,0.0,0.0,0.0,0.21162577,NaN,NaN,0.0,0.0,0.0,0.0,0.0,0.0
536257108,0.25327992,0.46665502,0.030482156,0.26238644,NaN,NaN,0.17384289,0.48121414,0.04391018,0.39402378,0.41205513,0.0025759083,0.57563245,NaN,NaN,0.396709,0.39107838,-8.043732E-4
538032400,0.16113849,0.22718626,0.009435396,0.0,0.0,0.0,0.13248299,0.18426168,0.0073969555,0.27911288,0.2055805,-0.010504625,0.0,0.0,0.0,0.1811354,0.1689706,-0.0017378287
54021P403,0.10499028,0.10714344,3.0759402E-4,0.0,0.0,0.0,0.10743546,0.10346542,-5.671478E-4,0.23630983,0.13639615,-0.014273382,0.0,0.0,0.0,0.122632764,0.14482734,0.003170653
014383103,0.065488465,0.058481675,-0.00100097,0.05505137,NaN,NaN,0.053289235,0.058843933,7.9352834E-4,0.2881999,0.30677453,0.002653518,0.25951132,NaN,NaN,0.23839779,0.25180355,0.0019151078
540423100,0.13343161,0.115196764,-0.0026049784,0.0,0.0,0.0,0.0,0.0,0.0,0.17048173,0.14802718,-0.003207792,0.0,0.0,0.0,0.0,0.0,0.0
542290408,0.05803464,0.062250447,6.022581E-4,0.06069329,0.06479117,3.1522175E-4,NaN,0.17770702,NaN,0.19855523,0.31206837,0.016216163,0.25401697,0.25042292,-2.7646468E-4,NaN,0.26687673,NaN
543881106,0.06998298,0.0670471,-4.1941233E-4,0.0,0.0,0.0,0.109822534,NaN,NaN,0.20549825,0.22052592,0.0021468103,0.0,0.0,0.0,0.26871595,NaN,NaN
501921100,0.18958305,0.2180078,0.004060679,0.30965158,0.16891503,-0.005212465,0.18854268,0.20033534,0.0016846657,0.2146373,0.24167071,0.003861917,0.33557063,0.31230065,-8.6185115E-4,0.28174764,0.30551195,0.0033949018
552078107,0.40458176,NaN,NaN,0.0,0.0,0.0,0.0,0.0,0.0,0.25540957,NaN,NaN,0.0,0.0,0.0,0.0,0.0,0.0
559211305,0.13456719,0.1050113,-0.0042222696,0.0,0.0,0.0,0.0,0.0,0.0,0.11950102,0.114572674,-7.04049E-4,0.0,0.0,0.0,0.0,0.0,0.0
478129109,NaN,0.2344706,NaN,0.18762755,0.19831978,6.289543E-4,0.0,0.0,0.0,NaN,0.23340246,NaN,0.30252394,0.26987696,-0.0019204108,0.0,0.0,0.0
566244109,0.34991875,0.05288901,-0.04243282,0.0,0.0,0.0,0.0,0.0,0.0,0.28480065,0.27904674,-8.2198635E-4,0.0,0.0,0.0,0.0,0.0,0.0
568695209,NaN,0.44725582,NaN,0.06814535,0.030671455,-0.0031228245,0.0,0.0,0.0,NaN,0.08171415,NaN,0.07940749,0.08493666,4.607644E-4,0.0,0.0,0.0
573913100,0.17353602,0.15927984,-0.002036597,0.19466823,NaN,NaN,0.20202819,NaN,NaN,0.35414812,0.343998,-0.0014500192,0.37008283,NaN,NaN,0.35552272,NaN,NaN
582266706,0.12852712,0.1726549,0.0063039684,0.0,0.0,0.0,0.0,0.0,0.0,0.19061886,0.18937215,-1.781008E-4,0.0,0.0,0.0,0.0,0.0,0.0
55270M108,0.28680328,0.30531046,0.0026438832,0.0,0.0,0.0,0.0,0.0,0.0,0.75541985,1.3621695,0.08667852,0.0,0.0,0.0,0.0,0.0,0.0
58461Q409,0.1433726,NaN,NaN,0.0,0.0,0.0,0.0,0.0,0.0,0.26372284,NaN,NaN,0.0,0.0,0.0,0.0,0.0,0.0
584951107,1.2104508,0.7073224,-0.071875475,0.0,0.0,0.0,0.0,0.0,0.0,0.8305931,0.79065716,-0.0057051354,0.0,0.0,0.0,0.0,0.0,0.0
590436101,0.6161003,0.50088376,-0.016459508,0.47517896,NaN,NaN,0.0,0.0,0.0,0.5875391,0.54908264,-0.0054937773,0.58570087,NaN,NaN,0.0,0.0,0.0
590479101,0.3192781,0.2601412,-0.008448129,0.0,0.0,0.0,0.0,0.0,0.0,0.28539413,0.2800497,-7.6348864E-4,0.0,0.0,0.0,0.0,0.0,0.0
591324207,0.44364467,0.27819812,-0.023635222,0.0,0.0,0.0,0.7003114,0.68152463,-0.002683827,0.4282454,0.39463362,-0.004801682,0.0,0.0,0.0,0.4708881,0.59434754,0.017637061
591596101,0.043020274,0.0026266898,-0.005770512,0.0,0.0,0.0,0.0,0.0,0.0,0.18164684,0.2646856,0.01186268,0.0,0.0,0.0,0.0,0.0,0.0
00374N107,0.008857672,0.013030366,5.960991E-4,0.0,0.0,0.0,0.0,0.0,0.0,0.13122845,0.13029487,-1.3336752E-4,0.0,0.0,0.0,0.0,0.0,0.0
552813107,0.058966953,0.05631044,-3.795017E-4,0.0,0.0,0.0,0.0,0.0,0.0,0.079672046,0.07997011,4.2580068E-5,0.0,0.0,0.0,0.0,0.0,0.0
594517104,0.43702462,0.44097432,5.642431E-4,0.0,0.0,0.0,0.0,0.0,0.0,0.6012821,0.6458393,0.0063653076,0.0,0.0,0.0,0.0,0.0,0.0
598126100,0.21853667,0.24044509,0.003129774,0.0,0.0,0.0,0.0,0.0,0.0,0.331064,0.332269,1.7214673E-4,0.0,0.0,0.0,0.0,0.0,0.0
598130102,0.38821745,0.41490495,0.0038125005,0.45649916,NaN,NaN,0.0,0.0,0.0,0.30734318,0.33918354,0.004548622,0.32184902,NaN,NaN,0.0,0.0,0.0
598709301,0.2992656,NaN,NaN,0.0,0.0,0.0,0.0,0.0,0.0,0.24794428,NaN,NaN,0.0,0.0,0.0,0.0,0.0,0.0
603669102,0.43850166,1.177378,0.09235955,0.0,0.0,0.0,0.0,0.0,0.0,0.31473076,0.3218063,8.844435E-4,0.0,0.0,0.0,0.0,0.0,0.0
605288208,0.15813185,0.12850276,-0.004232728,0.0,0.0,0.0,0.0,0.0,0.0,0.22313067,0.22484727,2.452284E-4,0.0,0.0,0.0,0.0,0.0,0.0
553100108,0.8186285,0.56074965,-0.036839835,0.7371983,NaN,NaN,0.0,0.0,0.0,0.4814671,0.565335,0.011981125,0.4349081,NaN,NaN,0.0,0.0,0.0
607415106,0.09894136,0.09307953,-8.374048E-4,0.0,0.0,0.0,0.0,0.0,0.0,0.1306348,0.13155265,1.311217E-4,0.0,0.0,0.0,0.0,0.0,0.0
60886R103,0.56438607,0.36714917,-0.028176699,0.0,0.0,0.0,0.0,0.0,0.0,0.24576376,0.27834716,0.0046547716,0.0,0.0,0.0,0.0,0.0,0.0
618447106,0.39229545,0.55898017,0.023812102,0.0,0.0,0.0,0.0,0.0,0.0,0.61311144,0.62697595,0.0019806453,0.0,0.0,0.0,0.0,0.0,0.0
624581203,0.5158005,0.6729496,0.022449877,0.0,0.0,0.0,0.0,0.0,0.0,0.48423314,0.48336387,-1.2418201E-4,0.0,0.0,0.0,0.0,0.0,0.0
553166109,0.54832834,0.48574018,-0.008941165,0.0,0.0,0.0,0.0,0.0,0.0,0.28241622,0.29590198,0.001926537,0.0,0.0,0.0,0.0,0.0,0.0
62473L309,0.031333525,0.07186066,0.0057895915,0.0,0.0,0.0,NaN,0.38544565,NaN,0.12288813,0.13023992,0.0010502551,0.0,0.0,0.0,NaN,0.19061884,NaN
635570500,0.64742655,0.7107933,0.009052396,0.8458584,NaN,NaN,0.76046324,0.78222245,0.0031084588,0.85235506,0.94667095,0.013473698,0.9557877,NaN,NaN,0.9035647,0.8194685,-0.012013742
635812209,0.05396742,0.051284097,-3.8333185E-4,0.0,0.0,0.0,0.0,0.0,0.0,0.103892185,0.0861871,-0.0025292975,0.0,0.0,0.0,0.0,0.0,0.0
640820106,0.120848715,0.18993221,0.009869071,0.0,0.0,0.0,0.0,0.0,0.0,0.19638355,0.23012507,0.004820217,0.0,0.0,0.0,0.0,0.0,0.0
638588103,0.09783369,0.09732782,-7.226744E-5,0.0,0.0,0.0,0.0,0.0,0.0,0.1632918,0.18362677,0.0029049963,0.0,0.0,0.0,0.0,0.0,0.0
64122D506,0.1429428,0.17659017,0.0048067677,0.0,0.0,0.0,0.0,0.0,0.0,0.12435994,0.12808272,5.3182564E-4,0.0,0.0,0.0,0.0,0.0,0.0
641881107,0.22907065,0.26469964,0.0050898558,0.0,0.0,0.0,0.0,0.0,0.0,0.3747414,0.4018042,0.003866115,0.0,0.0,0.0,0.0,0.0,0.0
655053106,0.36318946,0.3253386,-0.0054072654,0.0,0.0,0.0,0.0,0.0,0.0,0.46501026,0.4744846,0.0013534768,0.0,0.0,0.0,0.0,0.0,0.0
656568508,0.13960685,0.20700817,0.00962876,0.0,0.0,0.0,0.31370398,0.33328807,0.002797727,0.22346886,0.2415579,0.0025841487,0.0,0.0,0.0,0.31166995,0.32547182,0.001971696
666610100,0.008622382,0.032832652,0.00345861,0.0,0.0,0.0,0.0,0.0,0.0,0.16851129,0.13125636,-0.0053221327,0.0,0.0,0.0,0.0,0.0,0.0
667280408,0.18360035,0.2070391,0.0033483931,0.0,0.0,0.0,0.13781343,NaN,NaN,0.31242946,0.29191762,-0.0029302624,0.0,0.0,0.0,0.2748709,NaN,NaN
668367204,0.22894715,NaN,NaN,0.0,0.0,0.0,0.0,0.0,0.0,0.21463732,NaN,NaN,0.0,0.0,0.0,0.0,0.0,0.0
67019U101,0.043100428,0.07062858,0.003932594,0.0,0.0,0.0,0.0,0.0,0.0,0.16077988,0.2024244,0.0059492183,0.0,0.0,0.0,0.0,0.0,0.0
69367F108,0.027812956,0.0042572226,-0.0033651048,0.0,0.0,0.0,0.0,0.0,0.0,0.12288813,0.13023995,0.0010502593,0.0,0.0,0.0,0.0,0.0,0.0
669935108,0.26745987,0.29236832,0.0035583505,0.0,0.0,0.0,0.0,0.0,0.0,0.2999987,0.2931246,-9.820163E-4,0.0,0.0,0.0,0.0,0.0,0.0
62944T105,0.20613378,0.13846399,-0.009667113,0.1500602,0.15923254,0.001834467,0.29626888,0.3141025,0.0025476601,0.11106585,0.1041155,-9.92907E-4,0.17568074,0.19813271,0.004490393,0.24697685,0.24477856,-3.1404197E-4
674098207,0.26110223,0.28283292,0.0031043845,0.0,0.0,0.0,0.0,0.0,0.0,0.32561976,0.3989708,0.010478722,0.0,0.0,0.0,0.0,0.0,0.0
67083Q101,0.16562463,NaN,NaN,0.0,0.0,0.0,0.0,0.0,0.0,0.3406382,NaN,NaN,0.0,0.0,0.0,0.0,0.0,0.0
677007205,0.14300048,0.16774529,0.0035349727,0.0,0.0,0.0,0.0,0.0,0.0,0.18310292,0.20243093,0.0027611447,0.0,0.0,0.0,0.0,0.0,0.0
682505102,0.26107675,NaN,NaN,0.0,0.0,0.0,0.0,0.0,0.0,0.27803782,NaN,NaN,0.0,0.0,0.0,0.0,0.0,0.0
686285503,0.11783435,0.15179597,0.0048516593,0.105525404,NaN,NaN,0.063326776,0.12789509,0.009224044,0.20737424,0.25045493,0.006154384,0.3858258,NaN,NaN,0.26239422,0.29088187,0.0040696645
686588104,0.18220715,NaN,NaN,0.0,0.0,0.0,0.0,0.0,0.0,0.16243936,NaN,NaN,0.0,0.0,0.0,0.0,0.0,0.0
690020102,NaN,0.31838086,NaN,0.0,0.0,0.0,0.0,0.0,0.0,NaN,0.31177023,NaN,0.0,0.0,0.0,0.0,0.0,0.0
690742101,0.23903728,0.189354,-0.0070976103,0.1740997,NaN,NaN,0.15301979,0.18236926,0.004192782,0.16551127,0.19567446,0.0043090284,0.20268255,NaN,NaN,0.21978052,0.19813944,-0.0030915823
694327107,0.53647774,0.24438684,-0.04172727,0.0,0.0,0.0,0.0,0.0,0.0,0.1824608,0.13308105,-0.00705425,0.0,0.0,0.0,0.0,0.0,0.0
695542100,0.17009687,0.15902701,-0.0015814091,0.0,0.0,0.0,0.0,0.0,0.0,0.16321553,0.12520471,-0.0054301172,0.0,0.0,0.0,0.0,0.0,0.0
696639103,0.19886799,0.21431047,0.002206068,0.0,0.0,0.0,0.0,0.0,0.0,0.16902135,0.3539778,0.02642235,0.0,0.0,0.0,0.0,0.0,0.0
697757102,0.37793037,0.45331636,0.010769427,0.34442723,NaN,NaN,0.0,0.0,0.0,0.30734318,0.33918354,0.004548622,0.32184902,NaN,NaN,0.0,0.0,0.0
698891108,0.21043797,0.20702195,-4.8800238E-4,0.0,0.0,0.0,0.0,0.0,0.0,0.28124568,0.27534568,-8.4285653E-4,0.0,0.0,0.0,0.0,0.0,0.0
69912K206,0.40769315,0.36246303,-0.0064614457,0.31824288,NaN,NaN,0.0,0.0,0.0,0.42353693,0.3953519,-0.0040264344,0.28718218,NaN,NaN,0.0,0.0,0.0
704378405,0.46055952,0.4755821,0.0021460822,0.0,0.0,0.0,0.0,0.0,0.0,0.5866705,0.5323488,-0.007760244,0.0,0.0,0.0,0.0,0.0,0.0
70556K106,0.08447478,0.1942206,0.015677975,0.0,0.0,0.0,0.0,0.0,0.0,0.09765786,0.08578194,-0.00169656,0.0,0.0,0.0,0.0,0.0,0.0
707832309,0.70569885,0.7227262,0.0024324825,0.0,0.0,0.0,0.59557927,0.6668885,0.01018703,0.63349557,0.60536426,-0.004018758,0.0,0.0,0.0,0.67953426,0.6180989,-0.008776478
709620108,0.21522714,0.20569591,-0.0013616042,0.0,0.0,0.0,0.0,0.0,0.0,0.37981364,0.37938398,-6.1380015E-5,0.0,0.0,0.0,0.0,0.0,0.0
71366Q200,0.07351392,0.19886525,0.017907334,0.0,0.0,0.0,0.0,0.0,0.0,0.18441257,0.19809008,0.0019539297,0.0,0.0,0.0,0.0,0.0,0.0
716769203,0.21341093,0.22238219,0.0012816085,0.31132215,0.43011296,0.010799164,0.49266267,0.45244518,-0.0057453555,0.30311534,0.31866834,0.0022218567,0.3358185,0.33075994,-4.598688E-4,0.34866387,0.4012972,0.007519049
717113203,0.77552176,0.8745051,0.014140478,0.0,0.0,0.0,0.0,0.0,0.0,0.62369937,0.6702271,0.0066468203,0.0,0.0,0.0,0.0,0.0,0.0
719151102,0.3376728,0.20451821,-0.019022083,0.0,0.0,0.0,0.0,0.0,0.0,0.3210757,0.25581166,-0.009323435,0.0,0.0,0.0,0.0,0.0,0.0
72147K108,0.4328741,0.5904122,0.022505442,0.0,0.0,0.0,NaN,0.5712002,NaN,0.6386979,0.6638192,0.003588753,0.0,0.0,0.0,NaN,0.56275946,NaN
721506103,0.21836631,0.19618464,-0.0031688106,0.0,0.0,0.0,0.0,0.0,0.0,0.556388,0.5120006,-0.0063410574,0.0,0.0,0.0,0.0,0.0,0.0
723643300,0.11778805,0.24080524,0.017573884,0.0,0.0,0.0,0.0,0.0,0.0,0.17363715,0.17395145,4.4899327E-5,0.0,0.0,0.0,0.0,0.0,0.0
72702Q102,0.17023551,0.18132618,0.0015843809,0.0,0.0,0.0,0.0,0.0,0.0,0.42235982,0.43964708,0.0024696079,0.0,0.0,0.0,0.0,0.0,0.0
731095105,0.25565422,0.17858362,-0.011010085,0.0,0.0,0.0,0.0,0.0,0.0,0.30509937,0.25109208,-0.007715327,0.0,0.0,0.0,0.0,0.0,0.0
731745204,0.14224972,0.15190016,0.0013786341,0.0,0.0,0.0,0.0,0.0,0.0,0.2320324,0.117804594,-0.016318258,0.0,0.0,0.0,0.0,0.0,0.0
732827100,0.3432888,0.31721658,-0.0037246048,0.0,0.0,0.0,0.0,0.0,0.0,0.15561008,0.15606879,6.552892E-5,0.0,0.0,0.0,0.0,0.0,0.0
741016307,0.03748542,NaN,NaN,0.0,0.0,0.0,0.0,0.0,0.0,0.10156169,NaN,NaN,0.0,0.0,0.0,0.0,0.0,0.0
741917108,0.10284411,0.06636329,-0.005211546,NaN,0.032823168,NaN,0.06482486,0.06841402,5.1273726E-4,0.16229068,0.16689031,6.570901E-4,NaN,0.16413255,NaN,0.1913274,0.19816555,9.768797E-4
74342L105,0.21141277,0.17409895,-0.0053305454,0.0,0.0,0.0,0.0,0.0,0.0,0.49315867,0.44433403,-0.006974948,0.0,0.0,0.0,0.0,0.0,0.0
74437C101,0.048456643,0.059097435,0.0015201132,0.0,0.0,0.0,0.0,0.0,0.0,0.18341012,0.17524393,-0.0011665991,0.0,0.0,0.0,0.0,0.0,0.0
747275105,0.046326637,0.097672105,0.007335067,0.031612206,NaN,NaN,0.0,0.0,0.0,0.31082833,0.19185373,-0.01699637,0.20931648,NaN,NaN,0.0,0.0,0.0
749361200,0.051640753,0.079225786,0.003940719,0.0,0.0,0.0,0.10041979,NaN,NaN,0.16695493,0.16697833,3.3421177E-6,0.0,0.0,0.0,0.14764607,NaN,NaN
749412102,0.31786588,0.19809842,-0.017109636,0.0,0.0,0.0,0.0,0.0,0.0,0.3826996,0.3883359,8.051864E-4,0.0,0.0,0.0,0.0,0.0,0.0
756268108,0.22765124,0.22737463,-3.951575E-5,0.0,0.0,0.0,0.0,0.0,0.0,0.39624655,0.3282993,-0.009706749,0.0,0.0,0.0,0.0,0.0,0.0
756285102,0.35936192,0.19752176,-0.023120021,0.0,0.0,0.0,0.0,0.0,0.0,0.43474647,0.37526554,-0.008497276,0.0,0.0,0.0,0.0,0.0,0.0
757209507,0.04965133,0.044175114,-7.8231626E-4,0.0,0.0,0.0,0.08872866,0.1179131,0.0041692057,0.26804247,0.2894581,0.0030593744,0.0,0.0,0.0,0.26006183,0.25634003,-5.316862E-4
398189100,0.19544242,0.1862793,-0.001309018,0.0,0.0,0.0,0.230834,0.20354015,-0.003899123,0.18489076,0.18644895,2.2259781E-4,0.0,0.0,0.0,0.17357361,0.18206465,0.0012130056
761406107,NaN,0.37993428,NaN,0.35259217,0.3280009,-0.0022355698,0.44215432,NaN,NaN,NaN,0.30395865,NaN,0.2576919,0.2747372,0.0015495744,0.25109085,NaN,NaN
74957T104,0.044297114,0.0146344695,-0.0042375205,0.0,0.0,0.0,0.0,0.0,0.0,0.19092251,0.18844265,-3.5426658E-4,0.0,0.0,0.0,0.0,0.0,0.0
762430205,0.005568937,0.019049622,0.0019258122,0.0,0.0,0.0,0.0,0.0,0.0,0.17129993,0.18668859,0.002198379,0.0,0.0,0.0,0.0,0.0,0.0
779088103,0.3959136,NaN,NaN,0.0,0.0,0.0,0.0,0.0,0.0,0.23762733,NaN,NaN,0.0,0.0,0.0,0.0,0.0,0.0
G7702U102,0.20302899,0.21033394,0.0010435645,0.0,0.0,0.0,0.0,0.0,0.0,0.16953462,0.12435994,-0.0064535257,0.0,0.0,0.0,0.0,0.0,0.0
794004200,0.3841264,0.30223724,-0.01169845,0.3344045,0.3535638,0.0014737913,0.36294845,0.38101313,0.0025806683,0.38272992,0.41476467,0.0045763934,0.41959652,0.4074457,-9.3467877E-4,0.43172103,0.3735715,-0.008307078
795872100,NaN,0.29757842,NaN,0.0,0.0,0.0,0.0,0.0,0.0,NaN,0.41172576,NaN,0.0,0.0,0.0,0.0,0.0,0.0
811371707,0.16159125,NaN,NaN,0.0,0.0,0.0,0.0,0.0,0.0,0.09430005,NaN,NaN,0.0,0.0,0.0,0.0,0.0,0.0
816074405,0.043280065,0.07428618,0.0044294447,0.0,0.0,0.0,0.0,0.0,0.0,0.24772502,0.29916325,0.007348318,0.0,0.0,0.0,0.0,0.0,0.0
817587108,0.4094282,0.51545495,0.015146677,0.3660891,NaN,NaN,0.0,0.0,0.0,1.4181404,1.2268394,-0.027328713,0.9800997,NaN,NaN,0.0,0.0,0.0
G80550109,0.009004012,0.024652919,0.0022355581,0.0,0.0,0.0,0.0,0.0,0.0,0.14830106,0.08303344,-0.009323946,0.0,0.0,0.0,0.0,0.0,0.0
82967Y104,0.71262026,0.82013214,0.01535884,0.0,0.0,0.0,0.0,0.0,0.0,0.4365991,0.4210264,-0.002224671,0.0,0.0,0.0,0.0,0.0,0.0
83001A102,0.099289455,0.07408657,-0.0036004123,0.0,0.0,0.0,NaN,0.10803643,NaN,0.09892234,0.10135436,3.4743123E-4,0.0,0.0,0.0,NaN,0.13073511,NaN
78442T108,0.22713773,0.23543479,0.0011852937,0.0,0.0,0.0,0.0,0.0,0.0,0.3125735,0.31553918,4.2366982E-4,0.0,0.0,0.0,0.0,0.0,0.0
434149100,0.4117027,NaN,NaN,0.0,0.0,0.0,0.0,0.0,0.0,0.31717595,NaN,NaN,0.0,0.0,0.0,0.0,0.0,0.0
83169A100,0.097284876,0.121965416,0.0035257915,0.0,0.0,0.0,0.0,0.0,0.0,0.19109641,0.18992049,-1.679893E-4,0.0,0.0,0.0,0.0,0.0,0.0
832110100,0.17117281,0.2063845,0.0050302404,0.10862354,0.10792482,-9.981756E-5,0.22128,0.22309104,2.5872033E-4,0.36227953,0.32958376,-0.0046708244,0.3170527,0.30166906,-0.0021976617,0.3094849,0.32412663,0.002091676
83272A104,0.24284762,0.2769681,0.004874353,0.0,0.0,0.0,NaN,0.25154424,NaN,0.20307608,0.23183668,0.0041086567,0.0,0.0,0.0,NaN,0.20126145,NaN
83546Q109,0.07792217,0.20154996,0.017661113,0.0,0.0,0.0,0.0,0.0,0.0,0.17788555,0.17941564,2.1858513E-4,0.0,0.0,0.0,0.0,0.0,0.0
836151209,0.388057,0.2727744,-0.016468942,0.0,0.0,0.0,0.0,0.0,0.0,0.20760687,0.25254217,0.0064193285,0.0,0.0,0.0,0.0,0.0,0.0
84649R200,0.16718285,0.19368361,0.003785823,0.32318923,NaN,NaN,NaN,0.2092021,NaN,0.181585,0.17946348,-3.0307472E-4,0.15633175,NaN,NaN,NaN,0.18943585,NaN
84741Y103,0.20555235,0.24309893,0.0053637964,0.0,0.0,0.0,0.0,0.0,0.0,0.28114617,0.25109598,-0.004292884,0.0,0.0,0.0,0.0,0.0,0.0
84761M104,0.035237383,0.027893359,-0.0010491463,0.0,0.0,0.0,0.053928047,0.06367255,0.0013920718,0.14019974,0.12640467,-0.0019707233,0.0,0.0,0.0,0.17688438,0.19315822,0.0023248345
847607108,0.10455469,0.12229454,0.002534264,0.0,0.0,0.0,0.0,0.0,0.0,0.13940628,0.12680335,-0.0018004179,0.0,0.0,0.0,0.0,0.0,0.0
84763R101,0.18881279,0.25726476,0.009778853,0.0,0.0,0.0,NaN,0.19764373,NaN,0.17757073,0.19534363,0.0025389853,0.0,0.0,0.0,NaN,0.19276291,NaN
848457107,0.2763691,NaN,NaN,0.0,0.0,0.0,0.0,0.0,0.0,0.5557969,NaN,NaN,0.0,0.0,0.0,0.0,0.0,0.0
85254C305,NaN,0.4056685,NaN,0.0,0.0,0.0,0.5135317,0.40872136,-0.014972904,NaN,0.59785944,NaN,0.0,0.0,0.0,0.54260564,0.54055923,-2.9234376E-4
853156206,0.3223244,0.3063471,-0.0022824705,0.2576108,0.2815386,0.0047855615,0.25422105,0.18237773,-0.010263332,0.41375372,0.4289486,0.002170699,0.45288634,0.4394824,-0.0026807904,0.44860205,0.46012306,0.0016458587
854923109,NaN,0.329302,NaN,0.0,0.0,0.0,0.0,0.0,0.0,NaN,0.12435994,NaN,0.0,0.0,0.0,0.0,0.0,0.0
85569E103,0.26465264,0.25795716,-9.5649704E-4,0.0,0.0,0.0,0.0,0.0,0.0,0.16553874,0.1941347,0.004085136,0.0,0.0,0.0,0.0,0.0,0.0
857689103,0.09006917,NaN,NaN,0.0,0.0,0.0,0.0,0.0,0.0,0.15818883,NaN,NaN,0.0,0.0,0.0,0.0,0.0,0.0
861572105,0.38712057,0.37973574,-0.0010549767,0.0,0.0,0.0,0.0,0.0,0.0,0.4193963,0.43443027,0.0021477086,0.0,0.0,0.0,0.0,0.0,0.0
862111200,0.20659466,0.18524647,-0.003049742,0.1760201,0.20678085,0.003076075,0.25484493,0.28476107,0.004273734,0.25061265,0.24404845,-9.377428E-4,0.30143383,0.34159872,0.004016489,0.31063962,0.32306835,0.001775533
86677E100,0.2641632,0.28220376,0.002577224,0.0,0.0,0.0,0.0,0.0,0.0,0.39469993,0.3636578,-0.0044345898,0.0,0.0,0.0,0.0,0.0,0.0
866881105,0.6092151,0.5767646,-0.0046357852,0.0,0.0,0.0,0.0,0.0,0.0,0.7290039,0.74695617,0.002564609,0.0,0.0,0.0,0.0,0.0,0.0
86688Q100,0.10800359,NaN,NaN,0.0,0.0,0.0,0.0,0.0,0.0,0.13546284,NaN,NaN,0.0,0.0,0.0,0.0,0.0,0.0
87163L103,0.48590383,NaN,NaN,0.0,0.0,0.0,0.0,0.0,0.0,0.2984831,NaN,NaN,0.0,0.0,0.0,0.0,0.0,0.0
871839205,0.2948285,0.30331948,0.0012129971,0.0,0.0,0.0,0.0,0.0,0.0,0.25834143,0.21664274,-0.005956956,0.0,0.0,0.0,0.0,0.0,0.0
873452304,0.1281454,0.09721756,-0.0044182623,0.32807204,0.33852342,0.001306422,0.507848,0.3987001,-0.015592562,0.4241198,0.39662266,-0.003928163,0.33781508,0.22863995,-0.013646891,0.27041823,0.24912383,-0.0030420572
878415108,NaN,0.098957606,NaN,0.0,0.0,0.0,0.0,0.0,0.0,NaN,0.35984078,NaN,0.0,0.0,0.0,0.0,0.0,0.0
879908101,0.76820093,0.42874038,-0.048494365,0.0,0.0,0.0,0.0,0.0,0.0,0.24779604,0.26585814,0.0025803,0.0,0.0,0.0,0.0,0.0,0.0
87959Y103,0.011118985,0.040465288,0.004192329,0.0,0.0,0.0,0.0,0.0,0.0,0.13162868,0.11752496,-0.002014817,0.0,0.0,0.0,0.0,0.0,0.0
87971Q104,0.08687274,0.06647697,-0.0029136816,0.0,0.0,0.0,0.0,0.0,0.0,0.1571257,0.13122845,-0.003699607,0.0,0.0,0.0,0.0,0.0,0.0
881451108,NaN,0.0022471282,NaN,0.0,0.0,0.0,0.0,0.0,0.0,NaN,0.20500615,NaN,0.0,0.0,0.0,0.0,0.0,0.0
881694103,0.30957687,0.21648957,-0.013298186,0.23815693,NaN,NaN,0.29149795,0.34012935,0.006947343,0.3531978,0.25364468,-0.014221877,0.31388235,NaN,NaN,0.28224498,0.31881323,0.0052240365
882445109,0.15504037,0.032735363,-0.017472144,0.04046062,NaN,NaN,0.13635305,0.040172078,-0.013740138,0.12570846,0.08171415,-0.006284901,0.09174869,NaN,NaN,0.10632815,0.080552995,-0.0036821652
872424106,0.119881876,0.112164885,-0.0011024273,0.088833235,0.024025816,-0.008100927,0.042034388,NaN,NaN,0.0897347,0.09669903,9.949037E-4,0.099897325,0.09891644,-1.2261048E-4,0.105801806,NaN,NaN
885184101,0.36200324,0.5032031,0.020171408,0.0,0.0,0.0,0.0,0.0,0.0,0.5054641,0.4058361,-0.0142325675,0.0,0.0,0.0,0.0,0.0,0.0
889039103,0.23398197,0.19218129,-0.0059715253,0.18731456,0.1611999,-0.0020088197,0.29831555,0.09426098,-0.029150652,0.39386785,0.2113152,-0.02607895,0.26537183,0.24138649,-0.0018450263,0.2630173,0.32459956,0.008797467
889073201,0.26518795,0.23025288,-0.0049907244,0.0,0.0,0.0,0.0,0.0,0.0,0.29261738,0.281053,-0.0016520534,0.0,0.0,0.0,0.0,0.0,0.0
872962105,0.21892308,0.21851674,-5.804854E-5,0.0,0.0,0.0,0.0,0.0,0.0,NaN,0.12677738,NaN,0.0,0.0,0.0,0.0,0.0,0.0
891697104,0.4105245,0.3501793,-0.008620739,0.0,0.0,0.0,0.0,0.0,0.0,0.40631726,0.34265307,-0.009094886,0.0,0.0,0.0,0.0,0.0,0.0
891707101,0.24920762,0.24802414,-1.6906857E-4,0.0,0.0,0.0,0.0,0.0,0.0,0.37968612,0.31957248,-0.008587663,0.0,0.0,0.0,0.0,0.0,0.0
89299Y009,0.23757003,0.33190784,0.013476829,0.31003463,0.27280596,-0.006204779,0.0,0.0,0.0,NaN,NaN,NaN,NaN,NaN,NaN,0.0,0.0,0.0
892149105,0.09355261,0.034223363,-0.008475607,0.0,0.0,0.0,0.0,0.0,0.0,0.08022155,0.07986092,-5.1518637E-5,0.0,0.0,0.0,0.0,0.0,0.0
89376N108,0.01797846,0.031141773,0.0018804733,0.0,0.0,0.0,0.0,0.0,0.0,0.08587556,0.09984795,0.0019960552,0.0,0.0,0.0,0.0,0.0,0.0
893878108,0.34392023,0.32609376,-0.0025466383,0.0,0.0,0.0,0.0,0.0,0.0,0.37190413,0.36361337,-0.0011843954,0.0,0.0,0.0,0.0,0.0,0.0
894859107,0.40334752,0.2327267,-0.024374405,0.0,0.0,0.0,0.0,0.0,0.0,0.47585455,0.46405563,-0.0016855597,0.0,0.0,0.0,0.0,0.0,0.0
896106200,0.04570694,0.047578927,2.674269E-4,0.0,0.0,0.0,0.15660243,0.1606881,5.8366783E-4,0.10787835,0.1289951,0.0030166793,0.0,0.0,0.0,0.12422501,0.12940407,7.39865E-4
896925203,0.34065023,0.32859108,-0.001722736,0.0,0.0,0.0,0.0,0.0,0.0,0.46944854,0.44828042,-0.003024016,0.0,0.0,0.0,0.0,0.0,0.0
89816T103,0.08146482,0.10752175,0.0037224186,0.0,0.0,0.0,0.10777873,0.0934311,-0.002049661,0.1531084,0.17356247,0.0029220092,0.0,0.0,0.0,0.18792209,0.16386239,-0.0034370997
872918107,0.41564178,0.36467153,-0.007281465,0.0,0.0,0.0,0.0,0.0,0.0,0.34927535,0.2812535,-0.0097174095,0.0,0.0,0.0,0.0,0.0,0.0
899900104,0.24012466,0.20692122,-0.0047433483,0.0,0.0,0.0,0.0,0.0,0.0,0.36315718,0.4129758,0.0071169436,0.0,0.0,0.0,0.0,0.0,0.0
901167106,0.7012005,0.74913555,0.006847867,0.0,0.0,0.0,0.0,0.0,0.0,0.656347,0.61137897,-0.0064240014,0.0,0.0,0.0,0.0,0.0,0.0
87311M102,0.08384714,0.056197386,-0.0039499654,0.0,0.0,0.0,0.0,0.0,0.0,0.088263646,0.09529631,0.0010046661,0.0,0.0,0.0,0.0,0.0,0.0
90334D109,0.16738494,0.16434751,-4.3391756E-4,0.0,0.0,0.0,0.0,0.0,0.0,0.12877728,0.14394017,0.0021661264,0.0,0.0,0.0,0.0,0.0,0.0
90333L201,0.3229095,0.2748787,-0.006861542,0.0,0.0,0.0,0.0,0.0,0.0,0.20467202,0.17004192,-0.004947158,0.0,0.0,0.0,0.0,0.0,0.0
911920106,0.19986643,0.21519475,0.0021897596,0.21147192,0.32775146,0.014534943,0.33493897,0.3549391,0.0028571615,0.14173223,0.11106586,-0.0043809107,0.10913996,0.19103046,0.010236313,0.23866211,0.24096327,3.2873664E-4
90331T107,0.44940403,NaN,NaN,0.0,0.0,0.0,0.0,0.0,0.0,0.44778064,NaN,NaN,0.0,0.0,0.0,0.0,0.0,0.0
910047109,0.18757497,0.14404802,-0.0062181354,0.14213467,NaN,NaN,0.19246364,0.21087667,0.0026304338,0.32323295,0.24803603,-0.010742418,0.2911187,NaN,NaN,0.2555439,0.26200598,9.2315674E-4
902646108,0.2016015,0.23579793,0.004885203,0.0,0.0,0.0,0.0,0.0,0.0,0.2268803,0.2461297,0.0027499157,0.0,0.0,0.0,0.0,0.0,0.0
903849107,0.82299674,0.48423192,-0.048394974,0.0,0.0,0.0,0.0,0.0,0.0,0.7510507,0.64593947,-0.015015892,0.0,0.0,0.0,0.0,0.0,0.0
910858109,0.29949886,0.29664156,-4.0818538E-4,0.34570342,NaN,NaN,NaN,0.34603843,NaN,0.23233993,0.3153788,0.011862693,0.320407,NaN,NaN,NaN,0.37350276,NaN
35241Q107,NaN,0.40257785,NaN,0.33911875,0.39918795,0.0022247853,0.32728836,0.29169777,-0.00508437,NaN,0.38345447,NaN,0.4523452,0.44717276,-1.9157154E-4,0.3922723,0.32802746,-0.009177834
903293405,0.2610369,0.2714,0.0014804432,0.0,0.0,0.0,0.21198158,0.28804696,0.010866483,0.20346496,0.22947723,0.0037160388,0.0,0.0,0.0,0.2546102,0.26232877,0.0011026518
917311805,0.05452299,0.07866199,0.0034484288,0.0,0.0,0.0,0.0,0.0,0.0,0.18205449,0.1883729,9.0262934E-4,0.0,0.0,0.0,0.0,0.0,0.0
91972C106,0.47800574,0.49379992,0.0022563126,0.0,0.0,0.0,0.0,0.0,0.0,NaN,NaN,NaN,0.0,0.0,0.0,0.0,0.0,0.0
919902106,0.39532778,0.470916,0.010798318,0.0,0.0,0.0,0.0,0.0,0.0,0.64539546,0.6271228,-0.0026103768,0.0,0.0,0.0,0.0,0.0,0.0
494580103,0.24793771,0.4069225,0.022712111,0.0,0.0,0.0,0.52328753,0.4695509,-0.007676661,0.39689094,0.35465127,-0.006034238,0.0,0.0,0.0,0.446667,0.50212955,0.007923224
923275101,0.5466886,0.47578177,-0.01012955,0.0,0.0,0.0,0.0,0.0,0.0,0.57929045,0.5541942,-0.0035851768,0.0,0.0,0.0,0.0,0.0,0.0
92335X100,0.00485307,0.04201896,0.005309413,0.0,0.0,0.0,0.0,0.0,0.0,0.12435997,0.12808274,5.318235E-4,0.0,0.0,0.0,0.0,0.0,0.0
92336G106,0.16247617,0.31103835,0.021223169,0.0,0.0,0.0,0.0,0.0,0.0,0.26273412,0.2690974,9.0903894E-4,0.0,0.0,0.0,0.0,0.0,0.0
925492100,0.27639538,0.23993948,-0.0052079856,0.0,0.0,0.0,0.0,0.0,0.0,0.2990217,0.30072263,2.4299111E-4,0.0,0.0,0.0,0.0,0.0,0.0
92553H803,0.2827633,0.2207362,-0.007753387,0.0,0.0,0.0,0.0,0.0,0.0,0.4100994,0.35874715,-0.006419029,0.0,0.0,0.0,0.0,0.0,0.0
925529208,0.04622264,0.069443166,0.0033172183,0.0,0.0,0.0,0.0,0.0,0.0,0.15518847,0.12288809,-0.0046143406,0.0,0.0,0.0,0.0,0.0,0.0
63845P101,0.47039163,0.36548537,-0.014986609,0.0,0.0,0.0,0.3463359,0.37616092,0.004260719,0.4650792,0.4717643,9.550154E-4,0.0,0.0,0.0,0.5361925,0.5451318,0.0012770465
92839U206,0.38675162,0.33590972,-0.007263128,0.0,0.0,0.0,0.0,0.0,0.0,0.2906716,0.27410477,-0.0023666876,0.0,0.0,0.0,0.0,0.0,0.0
928559103,0.3704712,0.3542435,-0.002318246,0.0,0.0,0.0,0.0,0.0,0.0,0.29563367,0.33756855,0.0059906966,0.0,0.0,0.0,0.0,0.0,0.0
38388F108,0.16426362,0.16247223,-2.9856464E-4,0.17500596,0.1926746,4.6496445E-4,0.34649646,0.30526286,-0.0058905142,0.17314555,0.17916533,0.0010032976,0.20386168,0.2164569,3.314532E-4,0.28360608,0.2629817,-0.0029463384
93369N109,0.30419692,0.39842334,0.013460917,0.3843724,NaN,NaN,0.31104037,0.3209279,0.0014125024,0.31794405,0.31253096,-7.732979E-4,0.29544044,NaN,NaN,0.27309242,0.2711303,-2.8030362E-4
934390402,0.24178702,0.2054839,-0.0051861596,0.0,0.0,0.0,0.2843381,0.30359113,0.0027504351,0.45971343,0.45268223,-0.0010044575,0.0,0.0,0.0,0.40378118,0.42667875,0.0032710817
938862208,0.5193179,0.3474746,-0.024549047,0.0,0.0,0.0,NaN,0.4525654,NaN,0.43443027,0.44429916,0.0014098415,0.0,0.0,0.0,NaN,0.45271796,NaN
94769A101,0.17895687,0.15158485,-0.003910288,0.0,0.0,0.0,0.0,0.0,0.0,0.13162868,0.11752494,-0.00201482,0.0,0.0,0.0,0.0,0.0,0.0
94845V103,0.017058013,0.0576611,0.005800441,0.0,0.0,0.0,0.0,0.0,0.0,0.49088913,0.5277678,0.0052683777,0.0,0.0,0.0,0.0,0.0,0.0
948462106,0.18147033,0.1714009,-0.00143849,0.0,0.0,0.0,0.0,0.0,0.0,0.39048153,0.348754,-0.0059610778,0.0,0.0,0.0,0.0,0.0,0.0
948774104,0.31208792,NaN,NaN,0.0,0.0,0.0,0.0,0.0,0.0,0.22940247,NaN,NaN,0.0,0.0,0.0,0.0,0.0,0.0
955465109,0.1251849,0.16856447,0.0061970823,0.0,0.0,0.0,0.1991135,NaN,NaN,0.39973253,0.40498507,7.503629E-4,0.0,0.0,0.0,0.36510286,NaN,NaN
958043408,0.059645135,0.087749064,0.004014847,0.09648691,NaN,NaN,0.17695014,0.22387722,0.0067038685,0.17088412,0.25326532,0.011768743,0.25812483,NaN,NaN,0.25797737,0.25680587,-1.6735707E-4
960878106,0.37686062,0.39637616,0.0027879348,0.0,0.0,0.0,0.2089528,0.07929061,-0.01852317,0.29947898,0.28343648,-0.0022917858,0.0,0.0,0.0,0.2865444,0.25242797,-0.004873778
961238102,0.30442792,0.34651896,0.006013006,0.0,0.0,0.0,0.0,0.0,0.0,0.4736215,0.495373,0.0031073603,0.0,0.0,0.0,0.0,0.0,0.0
410315105,0.16050263,0.1918991,0.0044852113,0.16100845,0.11795976,-0.0043048686,0.20021968,0.2697961,0.00993949,0.18411501,0.16170448,-0.0032015038,0.120674275,0.11390184,-6.7724363E-4,0.11267951,0.14756341,0.0049834144
194831004,NaN,0.49596396,NaN,0.34247553,0.4352454,0.010307763,0.47399598,NaN,NaN,NaN,0.41631317,NaN,0.61037064,0.59109646,-0.002141575,0.55693424,NaN,NaN
972218101,2.1091423,2.0443842,-0.009251152,1.9306446,1.6414287,-0.096405305,1.7406083,1.6007389,-0.01998135,1.0509337,1.2146766,0.023391843,1.2012659,1.1958847,-0.0017937422,1.1358794,1.1294209,-9.2264585E-4
974280307,0.95462084,0.8943417,-0.008611305,0.0,0.0,0.0,1.0211618,0.96170455,-0.008493892,0.6673074,0.70856214,0.005893537,0.0,0.0,0.0,0.61346936,0.6461478,0.0046683466
975515107,0.042304892,0.044697978,3.4186937E-4,0.0,0.0,0.0,0.0,0.0,0.0,0.15518847,0.12288809,-0.0046143406,0.0,0.0,0.0,0.0,0.0,0.0
97652H109,0.02248553,0.034052737,0.0016524581,0.0,0.0,0.0,0.0,0.0,0.0,0.12664413,0.16198947,0.005049333,0.0,0.0,0.0,0.0,0.0,0.0
98141A101,0.10605999,0.123978294,0.0025597576,0.0,0.0,0.0,0.0,0.0,0.0,0.15518859,0.12288807,-0.0046143597,0.0,0.0,0.0,0.0,0.0,0.0
981902109,0.22666293,0.21004422,-0.002374102,0.16570011,NaN,NaN,0.0,0.0,0.0,0.24816704,0.4052606,0.022441937,0.31005803,NaN,NaN,0.0,0.0,0.0
981579105,0.00771166,0.010015872,3.2917317E-4,0.0,0.0,0.0,0.0,0.0,0.0,0.21727239,0.22403847,9.66583E-4,0.0,0.0,0.0,0.0,0.0,0.0
981907108,0.22598664,0.22220798,-5.3980947E-4,0.0,0.0,0.0,0.0,0.0,0.0,0.2909653,0.28050658,-0.0014941011,0.0,0.0,0.0,0.0,0.0,0.0
894688100,0.5481713,0.4632281,-0.012134739,0.3977711,0.5682951,0.024360577,0.6265089,0.7665612,0.020007474,0.27361086,0.24351628,-0.0042992258,0.21974823,0.16621654,-0.0076473844,0.30492085,0.17791234,-0.018144073
98416J118,NaN,0.19096598,NaN,0.0,0.0,0.0,NaN,0.20110618,NaN,NaN,0.31966087,NaN,0.0,0.0,0.0,NaN,0.31668392,NaN
98417K106,0.022445565,0.03792976,0.0022120276,0.0,0.0,0.0,0.0,0.0,0.0,0.12288813,0.13023987,0.0010502487,0.0,0.0,0.0,0.0,0.0,0.0
989349105,0.52332807,NaN,NaN,0.0,0.0,0.0,0.0,0.0,0.0,0.35039043,NaN,NaN,0.0,0.0,0.0,0.0,0.0,0.0
20557T101,0.0,0.0,0.0,0.25306508,NaN,NaN,0.41015962,0.48603597,0.010839479,0.0,0.0,0.0,0.29810792,NaN,NaN,0.27149075,0.27571952,6.0411013E-4
212072102,0.0,0.0,0.0,0.28783792,NaN,NaN,0.39319128,0.3358611,-0.008190027,0.0,0.0,0.0,0.39487085,NaN,NaN,0.26010302,0.28370523,0.0033717453
086553104,0.0,0.0,0.0,0.0,0.0,0.0,NaN,0.5179052,NaN,0.0,0.0,0.0,0.0,0.0,0.0,NaN,0.7578409,NaN
G3921A175,0.0,0.0,0.0,0.0,0.0,0.0,NaN,0.34582704,NaN,0.0,0.0,0.0,0.0,0.0,0.0,NaN,0.19275814,NaN
172936106,0.0,0.0,0.0,0.0,0.0,0.0,0.08482901,0.08645637,2.3248047E-4,0.0,0.0,0.0,0.0,0.0,0.0,0.12732582,0.11614925,-0.001596653
457661106,0.0,0.0,0.0,0.0,0.0,0.0,NaN,0.35749543,NaN,0.0,0.0,0.0,0.0,0.0,0.0,NaN,0.33738694,NaN
44980Y305,0.0,0.0,0.0,0.0,0.0,0.0,NaN,0.18000448,NaN,0.0,0.0,0.0,0.0,0.0,0.0,NaN,0.2657622,NaN
46624E405,0.0,0.0,0.0,0.0,0.0,0.0,0.27187437,0.29163188,0.0028225014,0.0,0.0,0.0,0.0,0.0,0.0,0.25116438,0.22788422,-0.0033257368
48577P106,0.0,0.0,0.0,0.0,0.0,0.0,NaN,0.66360927,NaN,0.0,0.0,0.0,0.0,0.0,0.0,NaN,0.77817667,NaN
578349102,0.0,0.0,0.0,0.0,0.0,0.0,0.5388124,0.5358008,-4.3022633E-4,0.0,0.0,0.0,0.0,0.0,0.0,0.4230553,0.43806908,0.0021448263
586014102,0.0,0.0,0.0,0.0,0.0,0.0,0.37080708,0.4865757,0.016538372,0.0,0.0,0.0,0.0,0.0,0.0,0.33684087,0.29590493,-0.0058479905
636317109,0.0,0.0,0.0,0.0,0.0,0.0,0.22230086,0.2817859,0.008497864,0.0,0.0,0.0,0.0,0.0,0.0,0.24169159,0.268887,0.0038850605
70322A101,0.0,0.0,0.0,0.0,0.0,0.0,0.57606125,0.6563585,0.011471033,0.0,0.0,0.0,0.0,0.0,0.0,0.62756354,0.6028877,-0.003525121
98387T103,0.0,0.0,0.0,0.0,0.0,0.0,0.0016711174,NaN,NaN,0.0,0.0,0.0,0.0,0.0,0.0,0.08917716,NaN,NaN
71654J108,0.0,0.0,0.0,0.0,0.0,0.0,0.19797555,0.16053884,-0.0053481013,0.0,0.0,0.0,0.0,0.0,0.0,0.32490316,0.25638732,-0.009787977
746276104,0.0,0.0,0.0,0.0,0.0,0.0,0.4359207,NaN,NaN,0.0,0.0,0.0,0.0,0.0,0.0,0.34849873,NaN,NaN
686857103,0.0,0.0,0.0,0.0,0.0,0.0,0.20448042,NaN,NaN,0.0,0.0,0.0,0.0,0.0,0.0,0.31733596,NaN,NaN
761339100,0.0,0.0,0.0,0.0,0.0,0.0,0.4443978,0.52552956,0.011590251,0.0,0.0,0.0,0.0,0.0,0.0,0.55707103,0.5645875,0.0010737777
827056300,0.0,0.0,0.0,0.0,0.0,0.0,0.22319911,NaN,NaN,0.0,0.0,0.0,0.0,0.0,0.0,0.22096495,NaN,NaN
834376501,0.0,0.0,0.0,0.0,0.0,0.0,0.119243674,0.12892087,0.0013824563,0.0,0.0,0.0,0.0,0.0,0.0,0.28113112,0.21951212,-0.008802714
817826209,0.0,0.0,0.0,0.0,0.0,0.0,0.71574664,0.7528098,0.00529474,0.0,0.0,0.0,0.0,0.0,0.0,0.95786506,0.97892463,0.0030085105
849416201,0.0,0.0,0.0,0.0,0.0,0.0,0.31200016,0.15960294,-0.02177103,0.0,0.0,0.0,0.0,0.0,0.0,0.46083793,0.4204871,-0.0057644034
893349837,0.0,0.0,0.0,0.0,0.0,0.0,0.2836577,0.29539168,0.0016762827,0.0,0.0,0.0,0.0,0.0,0.0,0.38365594,0.35921094,-0.0034921425
988858106,0.0,0.0,0.0,0.0,0.0,0.0,0.23170407,0.23887847,0.0010249147,0.0,0.0,0.0,0.0,0.0,0.0,0.29448265,0.3761748,0.011670308
