00252W104,32.093666,29.247633,-0.40657616,0.0,0.0,0.0,0.0,0.0,0.0,27.549047,24.151186,-0.48540878,0.0,0.0,0.0,0.0,0.0,0.0
,0.0,0.0,0.0,0.0,0.0,0.0,0.0,0.0,0.0,0.0,0.0,0.0,0.0,0.0,0.0,0.0,0.0,0.0
00439T206,112.83948,NaN,NaN,0.0,0.0,0.0,NaN,100.9885,NaN,376.00595,NaN,NaN,0.0,0.0,0.0,NaN,286.95374,NaN
004724100,78.971275,94.201515,2.1757486,0.0,0.0,0.0,0.0,0.0,0.0,192.5256,201.0586,1.2189986,0.0,0.0,0.0,0.0,0.0,0.0
000973107,138.83026,203.15935,9.18987,0.0,0.0,0.0,0.0,0.0,0.0,147.21477,169.91689,3.2431598,0.0,0.0,0.0,0.0,0.0,0.0
00503U105,165.26881,150.34634,-2.1317813,0.0,0.0,0.0,0.0,0.0,0.0,25.0556,24.825113,-0.03292656,0.0,0.0,0.0,0.0,0.0,0.0
006847107,48.03883,64.27736,2.31979,0.0,0.0,0.0,0.0,0.0,0.0,547.74475,578.9335,4.4555316,0.0,0.0,0.0,0.0,0.0,0.0
006848105,437.08536,509.99036,10.415,0.0,0.0,0.0,0.0,0.0,0.0,241.0195,266.19864,3.5970197,0.0,0.0,0.0,0.0,0.0,0.0
31865X106,0.22523034,0.13343668,-0.0131133795,0.0,0.0,0.0,0.0,0.0,0.0,736.5584,919.53076,26.138906,0.0,0.0,0.0,0.0,0.0,0.0
008494106,47.720764,46.97696,-0.10625785,0.0,0.0,0.0,0.0,0.0,0.0,50.287025,55.493397,0.7437673,0.0,0.0,0.0,0.0,0.0,0.0
009114109,64.52546,57.09864,-1.0609741,0.0,0.0,0.0,0.0,0.0,0.0,121.21856,123.67161,0.35043553,0.0,0.0,0.0,0.0,0.0,0.0
867071102,NaN,166.97592,NaN,191.33992,178.98152,-1.2358398,0.0,0.0,0.0,NaN,8.163424,NaN,7.1232767,10.199935,0.30766582,0.0,0.0,0.0
018593103,128.70428,94.23279,-4.9244995,0.0,0.0,0.0,0.0,0.0,0.0,NaN,NaN,NaN,0.0,0.0,0.0,0.0,0.0,0.0
019223106,114.95227,135.63795,2.9550977,0.0,0.0,0.0,0.0,0.0,0.0,137.92316,164.37,3.7781198,0.0,0.0,0.0,0.0,0.0,0.0
019411107,44.930775,13.304152,-4.518089,0.0,0.0,0.0,0.0,0.0,0.0,240.4995,296.4119,7.9874854,0.0,0.0,0.0,0.0,0.0,0.0
019645506,199.09201,177.67397,-3.0597208,96.33656,NaN,NaN,0.0,0.0,0.0,50.561123,43.446453,-1.0163814,40.48342,NaN,NaN,0.0,0.0,0.0
02146C104,62.27882,60.15393,-0.30355564,0.0,0.0,0.0,0.0,0.0,0.0,20.142103,24.035093,0.55614144,0.0,0.0,0.0,0.0,0.0,0.0
625440102,139.91724,102.27866,-5.376939,NaN,159.72557,NaN,85.19729,90.407005,0.6512146,207.06499,190.63652,-2.3469238,NaN,132.31761,NaN,157.3034,142.44485,-1.8573189
023006109,NaN,10.802249,NaN,3.1844783,NaN,NaN,0.0,0.0,0.0,NaN,142.30464,NaN,64.70725,NaN,NaN,0.0,0.0,0.0
023395106,86.09777,NaN,NaN,0.0,0.0,0.0,0.0,0.0,0.0,240.97005,NaN,NaN,0.0,0.0,0.0,0.0,0.0,0.0
023426703,48.708885,31.668009,-2.4344108,29.520658,27.921627,-0.31980628,23.986881,23.979965,-9.880066E-4,193.20384,179.9657,-1.8911635,198.03897,173.7442,-4.858954,180.58316,165.05576,-2.2182007
023586100,292.2155,249.58087,-6.0906634,320.50607,NaN,NaN,283.67752,284.04758,0.052865166,743.0328,999.572,36.648464,1162.6191,NaN,NaN,957.08997,613.22595,-49.123432
90341W108,207.474,267.119,8.520713,251.79749,238.86653,-0.99468875,244.23637,286.87842,6.0917206,441.15002,454.25156,1.8716475,496.1395,642.2901,11.242354,673.5405,544.3753,-18.452175
024490302,52.289944,NaN,NaN,0.0,0.0,0.0,0.0,0.0,0.0,127.23365,NaN,NaN,0.0,0.0,0.0,0.0,0.0,0.0
024928103,31.354921,61.709057,4.336305,0.0,0.0,0.0,0.0,0.0,0.0,116.46375,155.69055,5.6038284,0.0,0.0,0.0,0.0,0.0,0.0
02553G101,49.187893,39.438988,-1.3927008,0.0,0.0,0.0,0.0,0.0,0.0,67.85105,58.943657,-1.2724849,0.0,0.0,0.0,0.0,0.0,0.0
026496208,85.47119,80.41682,-0.7220535,63.844048,59.439823,-0.48935828,59.202103,52.677933,-0.9320243,195.38704,225.15718,4.252877,239.6686,158.08682,-9.064641,138.9228,131.74678,-1.0251465
026652107,102.50707,76.568405,-3.705524,0.0,0.0,0.0,0.0,0.0,0.0,40.431866,29.353836,-1.5825757,0.0,0.0,0.0,0.0,0.0,0.0
028816106,99.73377,NaN,NaN,0.0,0.0,0.0,0.0,0.0,0.0,131.94148,NaN,NaN,0.0,0.0,0.0,0.0,0.0,0.0
029318300,89.10687,101.68,1.796161,0.0,0.0,0.0,0.0,0.0,0.0,187.78209,221.43239,4.8071856,0.0,0.0,0.0,0.0,0.0,0.0
030789507,439.5582,1009.1878,81.37566,584.7569,459.18375,-12.557315,88.966545,104.79639,2.261406,416.89304,553.1242,19.461596,651.7597,728.2561,7.64964,273.90057,268.92072,-0.7114083
03113V109,116.30193,NaN,NaN,0.0,0.0,0.0,0.0,0.0,0.0,51.93861,NaN,NaN,0.0,0.0,0.0,0.0,0.0,0.0
03237E108,104.30231,92.16561,-1.7338136,0.0,0.0,0.0,73.70049,57.326263,-2.3391757,259.44424,242.97168,-2.3532236,0.0,0.0,0.0,181.92036,159.5943,-3.1894379
001813104,541.5128,494.08707,-6.7751074,0.0,0.0,0.0,0.0,0.0,0.0,499.21466,613.4358,16.317305,0.0,0.0,0.0,0.0,0.0,0.0
03304B300,99.7557,124.715,3.565614,0.0,0.0,0.0,NaN,109.384415,NaN,580.5826,919.6932,48.44437,0.0,0.0,0.0,NaN,621.30646,NaN
G6359F103,51.673443,40.508503,-1.5949914,17.341301,19.863028,0.28019184,13.161588,10.563997,-0.37108436,58.711647,36.909023,-3.1146605,37.0321,48.356003,1.2582114,43.446453,40.483444,-0.42328697
035250109,81.88453,NaN,NaN,0.0,0.0,0.0,0.0,0.0,0.0,109.99953,NaN,NaN,0.0,0.0,0.0,0.0,0.0,0.0
381119106,1.3661689,0.6909728,-0.09645658,0.0,0.0,0.0,NaN,0.046875,NaN,123.91014,159.06895,5.0226874,0.0,0.0,0.0,NaN,93.94986,NaN
038196101,34.985317,42.77826,1.1132774,0.0,0.0,0.0,0.0,0.0,0.0,63.219997,76.73233,1.9303333,0.0,0.0,0.0,0.0,0.0,0.0
038213104,22.624487,2.9951222,-2.804195,0.0,0.0,0.0,0.0,0.0,0.0,28.39074,44.99826,2.372503,0.0,0.0,0.0,0.0,0.0,0.0
001937101,147.32803,133.04698,-2.0401502,0.0,0.0,0.0,0.0,0.0,0.0,142.66823,147.3361,0.6668396,0.0,0.0,0.0,0.0,0.0,0.0
G04397108,210.08841,137.05489,-10.43336,0.0,0.0,0.0,0.0,0.0,0.0,37.037563,31.0946,-0.8489947,0.0,0.0,0.0,0.0,0.0,0.0
90341G103,115.76394,180.9,9.305151,0.0,0.0,0.0,NaN,70.40964,NaN,752.2744,1017.8731,37.94267,0.0,0.0,0.0,NaN,1375.7148,NaN
042384107,495.49405,500.0327,0.6483808,503.48062,NaN,NaN,0.0,0.0,0.0,84.5337,98.62253,2.0126898,97.05907,NaN,NaN,0.0,0.0,0.0
G05330108,12.248921,NaN,NaN,0.0,0.0,0.0,0.0,0.0,0.0,571.0529,NaN,NaN,0.0,0.0,0.0,0.0,0.0,0.0
04544X300,19.49163,19.25375,-0.029735088,0.0,0.0,0.0,0.0,0.0,0.0,16.386158,20.014002,0.45348048,0.0,0.0,0.0,0.0,0.0,0.0
04648X107,58.90173,44.54451,-2.0510314,0.0,0.0,0.0,0.0,0.0,0.0,163.0435,88.33172,-10.673112,0.0,0.0,0.0,0.0,0.0,0.0
045919107,76.25284,86.25875,1.4294161,0.0,0.0,0.0,0.0,0.0,0.0,104.72357,80.282524,-3.4915783,0.0,0.0,0.0,0.0,0.0,0.0
04649A106,22.560677,21.584454,-0.13946043,0.0,0.0,0.0,0.0,0.0,0.0,590.121,857.7191,38.228306,0.0,0.0,0.0,0.0,0.0,0.0
37990V204,198.3254,236.00935,5.383423,0.0,0.0,0.0,0.0,0.0,0.0,647.54767,735.35815,12.544355,0.0,0.0,0.0,0.0,0.0,0.0
046613105,57.16837,NaN,NaN,0.0,0.0,0.0,0.0,0.0,0.0,NaN,NaN,NaN,0.0,0.0,0.0,0.0,0.0,0.0
050727106,65.35155,NaN,NaN,0.0,0.0,0.0,0.0,0.0,0.0,26.75657,NaN,NaN,0.0,0.0,0.0,0.0,0.0,0.0
05164B106,111.67737,103.11168,-1.2236699,0.0,0.0,0.0,0.0,0.0,0.0,1284.4073,1318.2836,4.83946,0.0,0.0,0.0,0.0,0.0,0.0
05873K108,128.05077,274.779,20.961176,0.0,0.0,0.0,0.0,0.0,0.0,173.73718,185.89062,1.736206,0.0,0.0,0.0,0.0,0.0,0.0
069744100,93.89351,32.333103,-8.794344,0.0,0.0,0.0,0.0,0.0,0.0,1536.6096,1417.8549,-16.964966,0.0,0.0,0.0,0.0,0.0,0.0
074002205,426.0233,407.68164,-2.620235,0.0,0.0,0.0,0.0,0.0,0.0,191.14305,167.09209,-3.435852,0.0,0.0,0.0,0.0,0.0,0.0
077266104,68.547806,51.753033,-2.3992534,0.0,0.0,0.0,0.0,0.0,0.0,62.573982,57.96525,-0.6583906,0.0,0.0,0.0,0.0,0.0,0.0
087509105,656.55475,500.73093,-22.260546,645.8173,NaN,NaN,0.0,0.0,0.0,348.06076,224.4382,-17.660366,349.86072,NaN,NaN,0.0,0.0,0.0
091250100,97.9607,126.00366,4.0061374,0.0,0.0,0.0,0.0,0.0,0.0,218.64716,242.64946,3.4289005,0.0,0.0,0.0,0.0,0.0,0.0
055607105,27.167643,NaN,NaN,0.0,0.0,0.0,0.0,0.0,0.0,21.280054,NaN,NaN,0.0,0.0,0.0,0.0,0.0,0.0
098904204,14.642469,18.33634,0.5276958,0.0,0.0,0.0,0.0,0.0,0.0,238.05753,177.86987,-8.598236,0.0,0.0,0.0,0.0,0.0,0.0
099541203,64.572,61.38758,-0.4549168,0.0,0.0,0.0,0.0,0.0,0.0,48.820538,57.542004,1.2459238,0.0,0.0,0.0,0.0,0.0,0.0
100578103,66.12151,118.985275,7.551966,0.0,0.0,0.0,0.0,0.0,0.0,60.134132,83.50789,3.339108,0.0,0.0,0.0,0.0,0.0,0.0
104499207,192.58374,229.69824,5.3020716,276.80896,NaN,NaN,0.0,0.0,0.0,217.3189,241.66269,3.4776852,129.14989,NaN,NaN,0.0,0.0,0.0
105423404,71.52174,110.85193,5.618598,109.11258,NaN,NaN,0.0,0.0,0.0,301.58347,350.63403,7.007224,464.42154,NaN,NaN,0.0,0.0,0.0
105425102,NaN,343.40396,NaN,0.0,0.0,0.0,0.0,0.0,0.0,NaN,510.5178,NaN,0.0,0.0,0.0,0.0,0.0,0.0
106702103,NaN,265.57016,NaN,0.0,0.0,0.0,0.0,0.0,0.0,NaN,257.0987,NaN,0.0,0.0,0.0,0.0,0.0,0.0
119003101,340.1581,305.65955,-4.9283667,0.0,0.0,0.0,0.0,0.0,0.0,570.0527,803.2786,33.317993,0.0,0.0,0.0,0.0,0.0,0.0
120084108,47.028645,53.619793,0.94159263,0.0,0.0,0.0,0.0,0.0,0.0,75.87926,75.3682,-0.07300786,0.0,0.0,0.0,0.0,0.0,0.0
120113105,268.64862,252.37535,-2.3247528,0.0,0.0,0.0,0.0,0.0,0.0,6158.022,4711.549,-206.63902,0.0,0.0,0.0,0.0,0.0,0.0
121693105,238.42064,257.58936,2.738388,0.0,0.0,0.0,0.0,0.0,0.0,69.231804,77.12622,1.1277739,0.0,0.0,0.0,0.0,0.0,0.0
123164105,47.033993,60.290287,1.8937563,0.0,0.0,0.0,0.0,0.0,0.0,69.69792,72.972534,0.46780178,0.0,0.0,0.0,0.0,0.0,0.0
12476P203,5.760685,4.5644045,-0.17089722,0.0,0.0,0.0,0.0,0.0,0.0,237.2509,240.0242,0.39618573,0.0,0.0,0.0,0.0,0.0,0.0
128787108,487.67548,478.70056,-1.2821306,434.95584,NaN,NaN,0.0,0.0,0.0,840.25256,824.7923,-2.2086093,152.90056,NaN,NaN,0.0,0.0,0.0
129915203,6.526314,5.3361335,-0.17002575,2.0775623,NaN,NaN,0.0,0.0,0.0,364.748,197.78683,-23.851593,205.6021,NaN,NaN,0.0,0.0,0.0
140909102,102.999016,96.41213,-0.94098336,0.0,0.0,0.0,0.0,0.0,0.0,856.0685,812.43414,-6.233477,0.0,0.0,0.0,0.0,0.0,0.0
140777103,NaN,28.46251,NaN,0.0,0.0,0.0,0.0,0.0,0.0,NaN,106.82302,NaN,0.0,0.0,0.0,0.0,0.0,0.0
141602300,56.439003,48.251232,-1.1696815,0.0,0.0,0.0,0.0,0.0,0.0,125.89935,133.71889,1.1170763,0.0,0.0,0.0,0.0,0.0,0.0
141649301,60.706882,54.00829,-0.9569419,0.0,0.0,0.0,34.222477,35.539707,0.18817575,35.892494,35.082058,-0.115776606,0.0,0.0,0.0,45.22574,59.844788,2.0884356
141706309,29.202698,24.231085,-0.7102304,0.0,0.0,0.0,0.0,0.0,0.0,13.620699,16.878948,0.46546417,0.0,0.0,0.0,0.0,0.0,0.0
143436400,72.00582,66.63189,-0.76770455,71.09929,NaN,NaN,72.73374,70.517944,-0.31654248,12.934614,12.761439,-0.024739265,15.881031,NaN,NaN,166.13486,172.11714,0.85461205
111572103,518.3693,479.84064,-5.504098,365.4427,346.2008,-3.2069805,432.724,381.64087,-7.29759,1960.2509,2008.0951,6.8348913,1901.823,1425.0364,-79.46444,1342.7924,1115.4006,-32.48453
148710106,43.18546,76.25596,4.724357,0.0,0.0,0.0,0.0,0.0,0.0,137.40366,162.93736,3.6476724,0.0,0.0,0.0,0.0,0.0,0.0
15115M101,1.7818817,3.9236898,0.30597258,0.0,0.0,0.0,0.0,0.0,0.0,27.668606,37.914486,1.4636972,0.0,0.0,0.0,0.0,0.0,0.0
125185108,58.10016,57.36141,-0.10553578,67.60542,NaN,NaN,0.0,0.0,0.0,118.52952,126.300575,1.110151,160.2136,NaN,NaN,0.0,0.0,0.0
158496109,145.79503,95.53347,-7.1802225,0.0,0.0,0.0,70.541504,68.610306,-0.27588543,18.103058,10.506792,-1.0851809,0.0,0.0,0.0,24.663023,19.759417,-0.7005152
16115Q308,41.329212,39.22846,-0.3001077,0.0,0.0,0.0,0.0,0.0,0.0,11.292853,12.931698,0.23412064,0.0,0.0,0.0,0.0,0.0,0.0
847807104,1121.5844,849.5294,-38.86499,814.8618,241.62154,-57.324028,186.37279,80.565506,-15.115326,67.55198,56.153923,-1.6282938,42.209705,64.20466,2.1994953,71.85782,94.89326,3.290777
559079207,250.77678,240.48285,-1.4705614,0.0,0.0,0.0,163.92842,149.72353,-2.0292706,40.386086,27.431519,-1.8506525,0.0,0.0,0.0,14.883984,23.040743,1.1652514
163893209,NaN,319.5199,NaN,0.0,0.0,0.0,NaN,750.5519,NaN,NaN,1580.0503,NaN,0.0,0.0,0.0,NaN,1582.5862,NaN
165159104,128.2898,171.9713,6.240215,0.0,0.0,0.0,77.656105,64.66883,-1.8553249,849.7454,876.45,3.8149414,0.0,0.0,0.0,465.13336,416.77252,-6.9086914
168710101,131.90472,92.05015,-5.693511,0.0,0.0,0.0,0.0,0.0,0.0,457.15756,372.15347,-12.143441,0.0,0.0,0.0,0.0,0.0,0.0
170032809,375.4774,322.1133,-7.6234393,0.0,0.0,0.0,212.35034,356.92505,20.65353,119.954094,129.49704,1.363278,0.0,0.0,0.0,86.58054,57.114727,-4.2094026
12542A206,1395.6813,NaN,NaN,0.0,0.0,0.0,0.0,0.0,0.0,168.5285,NaN,NaN,0.0,0.0,0.0,0.0,0.0,0.0
172585101,719.05133,771.6608,7.5156426,670.31476,532.68835,-11.468867,NaN,591.5589,NaN,691.4165,814.4563,17.577114,1138.7048,1910.9291,64.35202,NaN,2048.2808,NaN
172737108,1587.0369,1766.1558,25.588413,0.0,0.0,0.0,0.0,0.0,0.0,1266.376,1460.1342,27.679739,0.0,0.0,0.0,0.0,0.0,0.0
180461105,14.849061,NaN,NaN,0.0,0.0,0.0,0.0,0.0,0.0,101.53581,NaN,NaN,0.0,0.0,0.0,0.0,0.0,0.0
182728204,25.864809,26.706762,0.12027904,0.0,0.0,0.0,0.0,0.0,0.0,224.02861,264.26355,5.7478485,0.0,0.0,0.0,0.0,0.0,0.0
192481208,11.391552,9.743783,-0.23539557,0.0,0.0,0.0,0.0,0.0,0.0,84.39787,71.54309,-1.8363974,0.0,0.0,0.0,0.0,0.0,0.0
194830204,560.43695,584.32434,3.4124844,0.0,0.0,0.0,0.0,0.0,0.0,275.3007,346.91385,10.230452,0.0,0.0,0.0,0.0,0.0,0.0
200334100,605.4545,NaN,NaN,287.17368,NaN,NaN,0.0,0.0,0.0,50.712833,NaN,NaN,69.98625,NaN,NaN,0.0,0.0,0.0
20452C104,10.798535,NaN,NaN,0.0,0.0,0.0,0.0,0.0,0.0,61.114258,NaN,NaN,0.0,0.0,0.0,0.0,0.0,0.0
206814105,56.635136,63.770847,1.0193874,0.0,0.0,0.0,0.0,0.0,0.0,31.633604,23.675976,-1.136804,0.0,0.0,0.0,0.0,0.0,0.0
209232107,338.62564,283.75787,-7.8382525,0.0,0.0,0.0,0.0,0.0,0.0,119.1494,120.16934,0.14570618,0.0,0.0,0.0,0.0,0.0,0.0
21036U206,108.43618,109.11597,0.09711238,78.85884,NaN,NaN,NaN,117.538635,NaN,118.78745,105.13272,-1.950676,82.31729,NaN,NaN,NaN,72.76315,NaN
21099Y004,310.3896,346.59143,5.171692,271.07483,424.97827,12.825287,0.0,0.0,0.0,149.66692,121.21859,-4.0640464,129.78244,153.8219,2.0032883,0.0,0.0,0.0
211496104,79.59592,176.23335,13.805348,0.0,0.0,0.0,0.0,0.0,0.0,11.2091675,19.638567,1.2041999,0.0,0.0,0.0,0.0,0.0,0.0
211914403,27.216763,20.79556,-0.9173145,0.0,0.0,0.0,0.0,0.0,0.0,92.10964,94.28118,0.3102199,0.0,0.0,0.0,0.0,0.0,0.0
216245100,152.97401,103.18783,-6.2232733,63.083786,52.203564,-1.5543175,45.95979,NaN,NaN,306.83154,341.3737,4.317768,265.0242,225.2084,-5.6879706,277.39072,NaN,NaN
218103109,61.65368,83.96125,3.186796,0.0,0.0,0.0,0.0,0.0,0.0,18.657122,25.782919,1.017971,0.0,0.0,0.0,0.0,0.0,0.0
22161G103,10.9771805,8.095936,-0.41160637,0.0,0.0,0.0,0.0,0.0,0.0,84.39787,71.5431,-1.8363963,0.0,0.0,0.0,0.0,0.0,0.0
222814204,14.229485,41.16611,3.8480895,0.0,0.0,0.0,55.245342,52.81932,-0.34657452,661.4862,557.7746,-14.815944,0.0,0.0,0.0,734.60236,914.9429,25.76293
228439105,86.18668,50.64972,-5.0767093,0.0,0.0,0.0,0.0,0.0,0.0,134.2726,142.95604,1.2404916,0.0,0.0,0.0,0.0,0.0,0.0
228622106,134.18666,NaN,NaN,0.0,0.0,0.0,0.0,0.0,0.0,452.37674,NaN,NaN,0.0,0.0,0.0,0.0,0.0,0.0
229070107,NaN,75.23615,NaN,45.618725,NaN,NaN,0.0,0.0,0.0,NaN,32.09116,NaN,32.731194,NaN,NaN,0.0,0.0,0.0
229241104,35.32637,15.953531,-2.4216049,0.0,0.0,0.0,8.8310795,5.5259657,-0.47215912,57.641113,39.976654,-2.2080574,0.0,0.0,0.0,44.181854,49.6505,0.7812353
126419100,39.42021,68.544334,4.1605887,0.0,0.0,0.0,0.0,0.0,0.0,39.58917,29.820496,-1.3955247,0.0,0.0,0.0,0.0,0.0,0.0
23380G106,17.12381,19.185932,0.2945889,0.0,0.0,0.0,0.0,0.0,0.0,76.45053,77.97041,0.21712603,0.0,0.0,0.0,0.0,0.0,0.0
234050102,26.545115,30.321363,0.5394641,0.0,0.0,0.0,0.0,0.0,0.0,105.24281,99.47711,-0.82367164,0.0,0.0,0.0,0.0,0.0,0.0
234053106,163.04565,289.22556,18.0257,0.0,0.0,0.0,0.0,0.0,0.0,430.59985,505.58588,10.712289,0.0,0.0,0.0,0.0,0.0,0.0
235774106,85.92742,64.24151,-3.0979877,0.0,0.0,0.0,0.0,0.0,0.0,28.486174,19.734571,-1.2502289,0.0,0.0,0.0,0.0,0.0,0.0
235825205,1045.8479,1095.9332,7.155047,0.0,0.0,0.0,0.0,0.0,0.0,338.39087,384.53638,6.5922155,0.0,0.0,0.0,0.0,0.0,0.0
240028308,65.74098,67.986885,0.32084328,0.0,0.0,0.0,0.0,0.0,0.0,155.89659,225.87764,9.9972925,0.0,0.0,0.0,0.0,0.0,0.0
233162502,37.134655,35.506947,-0.23252977,0.0,0.0,0.0,26.072855,23.881874,-0.31299728,225.4254,304.8446,11.345601,0.0,0.0,0.0,385.33423,340.35898,-6.425036
241209105,19.158876,20.956078,0.256743,0.0,0.0,0.0,0.0,0.0,0.0,72.16056,78.22818,0.86680275,0.0,0.0,0.0,0.0,0.0,0.0
243458106,123.93328,105.35059,-2.6546695,0.0,0.0,0.0,0.0,0.0,0.0,161.12483,120.24756,-5.8396106,0.0,0.0,0.0,0.0,0.0,0.0
247361702,1957.19,1919.3463,-5.4062324,0.0,0.0,0.0,2330.089,3061.2617,104.45323,705.8308,832.85986,18.147007,0.0,0.0,0.0,803.4275,612.0083,-27.345598
255374100,17.730127,13.391552,-0.61979645,0.0,0.0,0.0,0.0,0.0,0.0,29.434572,64.14617,4.9588003,0.0,0.0,0.0,0.0,0.0,0.0
255402406,22.742159,94.182236,10.205726,0.0,0.0,0.0,0.0,0.0,0.0,75.414375,95.89349,2.9255884,0.0,0.0,0.0,0.0,0.0,0.0
344822101,41.98186,99.00702,8.146451,172.43654,153.72343,-3.1188507,131.87059,107.4859,-3.483527,18.148998,16.989653,-0.1656208,18.898876,16.967316,-0.32192674,14.40557,15.885528,0.21142252
261528301,NaN,74.268166,NaN,0.0,0.0,0.0,0.0,0.0,0.0,NaN,125.57944,NaN,0.0,0.0,0.0,0.0,0.0,0.0
262175102,137.18753,146.12679,1.2770364,0.0,0.0,0.0,0.0,0.0,0.0,464.88748,563.3194,14.061702,0.0,0.0,0.0,0.0,0.0,0.0
262497308,53.821533,54.137936,0.045200348,0.0,0.0,0.0,0.0,0.0,0.0,181.5339,232.44246,7.2726507,0.0,0.0,0.0,0.0,0.0,0.0
265903104,307.22244,246.23189,-8.712936,0.0,0.0,0.0,0.0,0.0,0.0,377.72934,361.137,-2.370335,0.0,0.0,0.0,0.0,0.0,0.0
267575108,52.788464,49.50492,-0.46907753,0.0,0.0,0.0,0.0,0.0,0.0,27.506666,28.494102,0.14106233,0.0,0.0,0.0,0.0,0.0,0.0
269514204,144.52625,140.46059,-0.58080834,0.0,0.0,0.0,105.26577,NaN,NaN,1011.792,1009.6577,-0.30489677,0.0,0.0,0.0,1114.2072,NaN,NaN
269524104,15.70252,NaN,NaN,0.0,0.0,0.0,0.0,0.0,0.0,201.67856,NaN,NaN,0.0,0.0,0.0,0.0,0.0,0.0
269803102,154.78864,140.20734,-2.0830426,117.31814,NaN,NaN,0.0,0.0,0.0,243.55112,247.1842,0.51901245,196.35822,NaN,NaN,0.0,0.0,0.0
071625107,134.31581,120.264305,-2.007358,0.0,0.0,0.0,0.0,0.0,0.0,114.116104,111.64515,-0.35299355,0.0,0.0,0.0,0.0,0.0,0.0
279862106,11.392128,9.052452,-0.2924595,0.0,0.0,0.0,0.0,0.0,0.0,438.8804,302.87143,-17.001122,0.0,0.0,0.0,0.0,0.0,0.0
280875303,269.01797,245.74736,-3.3243735,220.89203,162.62585,-8.323739,144.46944,NaN,NaN,27.2633,26.155159,-0.15830585,83.21506,85.592865,0.3396868,93.55561,NaN,NaN
281067306,70.34286,64.15464,-0.884031,86.182594,NaN,NaN,56.197594,61.76689,0.79561394,62.95359,65.977196,0.43194363,68.4795,NaN,NaN,58.780304,68.71245,1.4188777
26874E107,53.753826,55.290348,0.21950313,0.0,0.0,0.0,0.0,0.0,0.0,218.76735,62.096706,-22.38152,0.0,0.0,0.0,0.0,0.0,0.0
291087203,165.38014,140.48074,-3.557057,0.0,0.0,0.0,108.07196,33.20033,-10.695947,444.01672,531.8383,12.545942,0.0,0.0,0.0,574.5625,472.3281,-14.604915
29255U104,604.4775,504.47607,-14.285914,0.0,0.0,0.0,0.0,0.0,0.0,29.51981,2.9511971,-3.7955163,0.0,0.0,0.0,0.0,0.0,0.0
535763106,992.316,59.377216,-133.27696,0.0,0.0,0.0,0.0,0.0,0.0,191.81508,204.53183,1.8166788,0.0,0.0,0.0,0.0,0.0,0.0
57685E200,104.38433,84.6257,-2.8226612,0.0,0.0,0.0,0.0,0.0,0.0,73.361694,80.2024,0.9772437,0.0,0.0,0.0,0.0,0.0,0.0
295866107,87.21016,83.53796,-0.52460045,78.99035,NaN,NaN,0.0,0.0,0.0,83.55785,96.90423,1.9066249,129.12408,NaN,NaN,0.0,0.0,0.0
297862104,6.469468,33.017204,3.7925339,0.0,0.0,0.0,0.0,0.0,0.0,63.260696,47.151764,-2.301276,0.0,0.0,0.0,0.0,0.0,0.0
299209106,298.87314,381.08023,11.743871,314.7018,NaN,NaN,0.0,0.0,0.0,67.924416,76.35074,1.2037604,104.95465,NaN,NaN,0.0,0.0,0.0
300072105,88.689835,127.067154,5.4824743,0.0,0.0,0.0,0.0,0.0,0.0,166.86618,209.02002,6.021977,0.0,0.0,0.0,0.0,0.0,0.0
302051206,336.4863,349.4859,1.8570862,0.0,0.0,0.0,366.57114,376.36478,1.3990915,22.595833,16.124664,-0.92445266,0.0,0.0,0.0,32.882378,36.069458,0.4552972
302088109,60.645756,184.90083,17.750727,0.0,0.0,0.0,0.0,0.0,0.0,104.72357,80.282524,-3.4915783,0.0,0.0,0.0,0.0,0.0,0.0
302723101,129.54279,126.60391,-0.41983905,104.35624,NaN,NaN,0.0,0.0,0.0,762.0761,901.04834,19.853176,619.96533,NaN,NaN,0.0,0.0,0.0
303698104,48.252316,139.83664,13.083474,0.0,0.0,0.0,0.0,0.0,0.0,90.14547,101.254105,1.5869478,0.0,0.0,0.0,0.0,0.0,0.0
305560302,147.30309,138.6076,-1.2422115,0.0,0.0,0.0,0.0,0.0,0.0,1654.2473,1313.6395,-48.658257,0.0,0.0,0.0,0.0,0.0,0.0
306075102,34.361454,45.758263,1.6281155,0.0,0.0,0.0,0.0,0.0,0.0,234.9259,252.2714,2.477927,0.0,0.0,0.0,0.0,0.0,0.0
30701A106,20.70431,21.535994,0.11881202,0.0,0.0,0.0,0.0,0.0,0.0,65.749374,99.33615,4.798111,0.0,0.0,0.0,0.0,0.0,0.0
313549404,947.23224,NaN,NaN,685.9845,NaN,NaN,874.68915,622.5139,-36.025032,326.2543,NaN,NaN,294.5382,NaN,NaN,341.72256,277.3364,-9.198024
315646109,56.04166,58.94711,0.41506413,0.0,0.0,0.0,0.0,0.0,0.0,711.84143,720.7786,1.2767421,0.0,0.0,0.0,0.0,0.0,0.0
317832103,35.47066,48.703606,1.8904207,0.0,0.0,0.0,0.0,0.0,0.0,65.32449,87.813614,3.2127316,0.0,0.0,0.0,0.0,0.0,0.0
317884203,126.49034,NaN,NaN,0.0,0.0,0.0,0.0,0.0,0.0,174.09062,NaN,NaN,0.0,0.0,0.0,0.0,0.0,0.0
G3529X106,15.656071,29.219023,1.9375646,0.0,0.0,0.0,0.0,0.0,0.0,537.56024,590.121,7.5086756,0.0,0.0,0.0,0.0,0.0,0.0
339099103,246.27644,183.75291,-8.931932,0.0,0.0,0.0,0.0,0.0,0.0,76.983215,54.733047,-3.1785953,0.0,0.0,0.0,0.0,0.0,0.0
339130106,1870.8434,2757.9812,126.73397,0.0,0.0,0.0,0.0,0.0,0.0,515.0902,581.26074,9.452933,0.0,0.0,0.0,0.0,0.0,0.0
339756108,106.56175,120.55642,1.9992381,0.0,0.0,0.0,0.0,0.0,0.0,107.31696,125.82827,2.6444724,0.0,0.0,0.0,0.0,0.0,0.0
34407T104,100.541985,64.42898,-5.159001,0.0,0.0,0.0,0.0,0.0,0.0,735.35815,852.54785,16.741385,0.0,0.0,0.0,0.0,0.0,0.0
344123203,173.62378,NaN,NaN,0.0,0.0,0.0,0.0,0.0,0.0,8.694355,NaN,NaN,0.0,0.0,0.0,0.0,0.0,0.0
344155205,43.4729,48.7493,0.7537711,0.0,0.0,0.0,0.0,0.0,0.0,571.0529,656.75323,12.242903,0.0,0.0,0.0,0.0,0.0,0.0
345206205,41.885532,41.208138,-0.0967707,0.0,0.0,0.0,54.551804,NaN,NaN,85.940155,74.79174,-1.5926306,0.0,0.0,0.0,174.20444,NaN,NaN
34659D104,31.254358,37.523052,0.8955277,0.0,0.0,0.0,0.0,0.0,0.0,55.335304,61.849754,0.93063575,0.0,0.0,0.0,0.0,0.0,0.0
349841304,18.575071,17.296947,-0.18258913,14.617527,17.072794,0.4910534,16.79815,19.175554,0.33962932,0.7579909,1.0904356,0.047492106,1.3816987,1.5172497,0.027110195,1.5951065,2.8443506,0.17846344
302543103,163.07657,233.96902,10.127494,0.0,0.0,0.0,0.0,0.0,0.0,13.644825,17.47806,0.547605,0.0,0.0,0.0,0.0,0.0,0.0
358321206,161.39075,133.34233,-4.0069165,40.52881,NaN,NaN,0.0,0.0,0.0,200.39468,268.38916,9.713496,342.2807,NaN,NaN,0.0,0.0,0.0
358430106,67.59717,82.75826,2.1658707,0.0,0.0,0.0,0.0,0.0,0.0,66.055176,68.19894,0.30625153,0.0,0.0,0.0,0.0,0.0,0.0
359059102,147.80112,194.14062,6.61993,0.0,0.0,0.0,0.0,0.0,0.0,875.7099,820.8135,-7.842346,0.0,0.0,0.0,0.0,0.0,0.0
359076106,154.46,NaN,NaN,0.0,0.0,0.0,0.0,0.0,0.0,141.67874,NaN,NaN,0.0,0.0,0.0,0.0,0.0,0.0
G3682L105,314.03488,278.33887,-5.0994306,302.5889,NaN,NaN,0.0,0.0,0.0,25.27713,16.242687,-1.2906348,16.88482,NaN,NaN,0.0,0.0,0.0
36352K103,149.79,109.070656,-5.817048,0.0,0.0,0.0,0.0,0.0,0.0,40.14452,32.866238,-1.0397546,0.0,0.0,0.0,0.0,0.0,0.0
368145108,145.41435,130.94073,-2.0676596,0.0,0.0,0.0,130.95677,142.98264,1.7179805,142.02426,63.423935,-11.228618,0.0,0.0,0.0,64.246,77.57607,1.9042958
36155Q109,54.18465,56.88899,0.386334,46.12886,NaN,NaN,0.0,0.0,0.0,14.454556,12.43462,-0.28856236,16.533953,NaN,NaN,0.0,0.0,0.0
370054207,79.267525,49.932808,-4.190674,0.0,0.0,0.0,0.0,0.0,0.0,70.75085,70.19216,-0.079812184,0.0,0.0,0.0,0.0,0.0,0.0
37045V100,22463.908,14065.764,-1199.735,NaN,40708.61,NaN,16701.709,14306.189,-342.21707,11620.638,6940.3403,-668.6139,NaN,7309.6587,NaN,2660.037,2811.0798,21.577532
64015Y104,254.31154,323.40015,9.8698015,0.0,0.0,0.0,348.24164,172.84103,-25.05723,344.39218,476.38705,18.856411,0.0,0.0,0.0,942.68506,953.7883,1.5861816
372257105,117.39313,86.67255,-4.388654,0.0,0.0,0.0,56.95389,NaN,NaN,183.42293,231.06244,6.8056445,0.0,0.0,0.0,223.00388,NaN,NaN
372282103,70.97933,70.287735,-0.09879957,0.0,0.0,0.0,0.0,0.0,0.0,75.162704,90.758644,2.2279913,0.0,0.0,0.0,0.0,0.0,0.0
37245X203,198.37915,147.77855,-7.2286572,0.0,0.0,0.0,0.0,0.0,0.0,166.79848,197.52094,4.3889227,0.0,0.0,0.0,0.0,0.0,0.0
37248E202,176.48006,138.49078,-5.427039,0.0,0.0,0.0,0.0,0.0,0.0,71.231125,90.586494,2.7650528,0.0,0.0,0.0,0.0,0.0,0.0
373654102,15.29583,8.932336,-0.90907055,5.357776,NaN,NaN,0.0,0.0,0.0,450.8033,492.4319,5.9469385,482.371,NaN,NaN,0.0,0.0,0.0
G3930E101,101.82487,84.18744,-2.5196326,32.85532,30.388302,-0.20558484,39.84945,59.494125,2.8063824,36.584644,46.779778,1.4564476,43.57371,45.211555,0.136487,45.78463,46.735832,0.13588606
37941P306,33.327175,NaN,NaN,0.0,0.0,0.0,0.0,0.0,0.0,258.80115,NaN,NaN,0.0,0.0,0.0,0.0,0.0,0.0
37936U104,93.79468,66.5446,-3.892868,0.0,0.0,0.0,0.0,0.0,0.0,599.7762,571.0534,-4.103254,0.0,0.0,0.0,0.0,0.0,0.0
64050T101,12.870139,13.863957,0.14197405,0.0,0.0,0.0,0.0,0.0,0.0,102.5162,75.414375,-3.8716888,0.0,0.0,0.0,0.0,0.0,0.0
380804203,35.80832,35.88444,0.010874612,0.0,0.0,0.0,0.0,0.0,0.0,135.93506,154.4217,2.6409497,0.0,0.0,0.0,0.0,0.0,0.0
383485109,118.49138,NaN,NaN,0.0,0.0,0.0,0.0,0.0,0.0,1596.0333,NaN,NaN,0.0,0.0,0.0,0.0,0.0,0.0
384632105,55.53008,NaN,NaN,0.0,0.0,0.0,0.0,0.0,0.0,109.71964,NaN,NaN,0.0,0.0,0.0,0.0,0.0,0.0
386532402,386.6022,324.3419,-8.894331,0.0,0.0,0.0,359.83017,365.99564,0.8807809,857.0403,986.63763,18.513906,0.0,0.0,0.0,1078.7257,1037.6763,-5.8642054
390064103,1160.9309,1000.37695,-22.93628,0.0,0.0,0.0,1825.2687,1112.8025,-101.78088,2050.0532,1789.1503,-37.27185,0.0,0.0,0.0,769.0458,663.9274,-15.016907
36191C205,30.083166,31.605652,0.21749796,0.0,0.0,0.0,0.0,0.0,0.0,116.590034,72.818565,-6.253067,0.0,0.0,0.0,0.0,0.0,0.0
361942105,27.388664,50.281536,3.2704103,0.0,0.0,0.0,0.0,0.0,0.0,908.35315,750.24054,-22.587515,0.0,0.0,0.0,0.0,0.0,0.0
401794201,108.03563,82.58797,-3.6353803,0.0,0.0,0.0,0.0,0.0,0.0,17.541271,11.501081,-0.8628842,0.0,0.0,0.0,0.0,0.0,0.0
047620109,74.46378,73.430275,-0.14764404,53.096954,NaN,NaN,0.0,0.0,0.0,270.0176,310.21667,5.742724,334.2111,NaN,NaN,0.0,0.0,0.0
404429102,94.1551,84.34831,-1.4009694,0.0,0.0,0.0,0.0,0.0,0.0,84.25348,113.478424,4.174992,0.0,0.0,0.0,0.0,0.0,0.0
409900107,45.936607,NaN,NaN,0.0,0.0,0.0,0.0,0.0,0.0,366.90823,NaN,NaN,0.0,0.0,0.0,0.0,0.0,0.0
481165108,447.53876,262.1804,-26.479767,164.77164,NaN,NaN,165.96881,150.24603,-2.2461112,NaN,NaN,NaN,NaN,NaN,NaN,NaN,NaN,NaN
417119104,67.94604,75.08283,1.0195421,0.0,0.0,0.0,217.91075,228.60463,1.5276968,90.14547,101.254135,1.5869522,0.0,0.0,0.0,58.524357,52.41246,-0.87312806
417434503,114.97094,122.787415,1.1166393,0.0,0.0,0.0,74.46589,NaN,NaN,20.57129,27.120584,0.93561363,0.0,0.0,0.0,21.265995,NaN,NaN
419879101,92.45886,91.96403,-0.0706907,87.30628,NaN,NaN,111.03378,107.151794,-0.5545698,661.1668,671.115,1.4211687,695.6376,NaN,NaN,868.01025,850.6899,-2.474339
420781304,269.92114,208.1452,-8.825134,0.0,0.0,0.0,276.2112,276.4365,0.032182965,368.84167,312.21133,-8.090049,0.0,0.0,0.0,297.8325,355.4507,8.231175
670198100,11.878619,11.733322,-0.020756721,0.0,0.0,0.0,10.6618185,8.412998,-0.32126004,240.8042,254.233,1.9184004,0.0,0.0,0.0,213.49783,241.01944,3.931658
422660936,445.83722,NaN,NaN,0.0,0.0,0.0,0.0,0.0,0.0,799.1674,NaN,NaN,0.0,0.0,0.0,0.0,0.0,0.0
422893107,422.9294,384.93848,-5.4272766,0.0,0.0,0.0,0.0,0.0,0.0,64.62971,73.25117,1.2316371,0.0,0.0,0.0,0.0,0.0,0.0
428291108,73.36379,55.811085,-2.5075297,52.39508,51.83446,-0.11212387,60.78295,135.62285,10.691414,171.60854,363.3275,27.388426,361.13223,425.15805,12.805163,369.88834,389.46158,2.7961774
430771105,185.05815,127.843636,-8.173502,0.0,0.0,0.0,0.0,0.0,0.0,84.20213,93.86712,1.3807123,0.0,0.0,0.0,0.0,0.0,0.0
431692102,344.9204,386.25244,5.904576,311.9901,307.76245,-0.42276612,331.05267,319.37912,-1.6676505,506.948,624.3838,16.77654,722.7679,744.65784,2.1889954,901.04834,619.96533,-40.154716
433245107,18.721548,NaN,NaN,0.0,0.0,0.0,0.0,0.0,0.0,70.55772,NaN,NaN,0.0,0.0,0.0,0.0,0.0,0.0
441759107,102.83439,85.60557,-2.46126,58.77021,49.728794,-1.2916309,40.544693,NaN,NaN,46.122166,67.71722,3.0850072,141.02832,167.08145,3.721876,158.5896,NaN,NaN
404269201,NaN,106.78935,NaN,136.1732,114.70961,-4.2927184,93.06725,NaN,NaN,NaN,612.79694,NaN,325.39084,361.3771,7.197253,307.69983,NaN,NaN
444356109,61.951458,NaN,NaN,0.0,0.0,0.0,0.0,0.0,0.0,154.86131,NaN,NaN,0.0,0.0,0.0,0.0,0.0,0.0
81169P101,43.855625,57.95052,2.0135562,0.0,0.0,0.0,NaN,51.776344,NaN,126.71517,113.26904,-1.9208755,0.0,0.0,0.0,NaN,158.73866,NaN
868447103,393.0598,352.40417,-5.8079486,0.0,0.0,0.0,NaN,140.14787,NaN,449.16678,691.6664,34.6428,0.0,0.0,0.0,NaN,182.65538,NaN
45255G101,27.1359,21.094793,-0.8630153,0.0,0.0,0.0,0.0,0.0,0.0,75.243805,82.35157,1.015395,0.0,0.0,0.0,0.0,0.0,0.0
453096208,295.69394,254.11562,-5.9397607,0.0,0.0,0.0,NaN,152.38397,NaN,218.09967,259.75696,5.951041,0.0,0.0,0.0,NaN,287.29028,NaN
45321T202,51.40976,42.48024,-1.2756456,0.0,0.0,0.0,0.0,0.0,0.0,39.431152,30.040983,-1.3414527,0.0,0.0,0.0,0.0,0.0,0.0
45772G105,43.805656,36.296413,-1.072749,0.0,0.0,0.0,0.0,0.0,0.0,51.47992,42.23234,-1.3210825,0.0,0.0,0.0,0.0,0.0,0.0
45811E301,156.6256,87.10834,-9.931037,0.0,0.0,0.0,125.13714,NaN,NaN,221.00264,83.73502,-19.60966,0.0,0.0,0.0,68.73534,NaN,NaN
45812C106,465.86853,444.78882,-3.0113873,0.0,0.0,0.0,0.0,0.0,0.0,141.4026,135.71661,-0.8122842,0.0,0.0,0.0,0.0,0.0,0.0
45881K104,94.363106,99.787155,0.7748642,0.0,0.0,0.0,0.0,0.0,0.0,NaN,NaN,NaN,0.0,0.0,0.0,0.0,0.0,0.0
459004404,33.197113,31.81928,-0.19683321,10.616085,NaN,NaN,0.0,0.0,0.0,70.55498,70.75505,0.028581891,63.27105,NaN,NaN,0.0,0.0,0.0
45950T101,42.14524,61.417507,2.753181,0.0,0.0,0.0,0.0,0.0,0.0,90.30418,62.154053,-4.021446,0.0,0.0,0.0,0.0,0.0,0.0
46072H108,520.80365,476.83432,-6.281333,0.0,0.0,0.0,0.0,0.0,0.0,78.52363,93.00754,2.06913,0.0,0.0,0.0,0.0,0.0,0.0
45031T872,53.118393,59.45561,0.9053165,57.06352,NaN,NaN,NaN,79.10374,NaN,537.56024,590.121,7.5086756,599.56934,NaN,NaN,NaN,968.25806,NaN
469834105,70.65032,67.96476,-0.38365173,0.0,0.0,0.0,0.0,0.0,0.0,1928.4998,1907.3677,-3.0188687,0.0,0.0,0.0,0.0,0.0,0.0
470737107,168.18407,149.11986,-2.7234585,122.078125,114.334015,-1.548822,0.0,0.0,0.0,740.04034,729.8906,-1.4499599,827.20917,961.9788,26.95393,0.0,0.0,0.0
46611Q403,0.02082987,40.29613,5.753615,0.0,0.0,0.0,0.0,0.0,0.0,91.81592,107.7616,2.277954,0.0,0.0,0.0,0.0,0.0,0.0
477066203,61.017853,NaN,NaN,0.0,0.0,0.0,0.0,0.0,0.0,21.279173,NaN,NaN,0.0,0.0,0.0,0.0,0.0,0.0
481138105,56.91733,NaN,NaN,0.0,0.0,0.0,0.0,0.0,0.0,281.70535,NaN,NaN,0.0,0.0,0.0,0.0,0.0,0.0
481386100,96.92912,63.358173,-4.79585,0.0,0.0,0.0,0.0,0.0,0.0,158.5896,203.44403,6.407776,0.0,0.0,0.0,0.0,0.0,0.0
48213P106,91.75018,142.58252,7.261762,0.0,0.0,0.0,0.0,0.0,0.0,181.39752,199.0784,2.5258396,0.0,0.0,0.0,0.0,0.0,0.0
29084Q100,450.04178,396.38412,-7.665379,0.0,0.0,0.0,NaN,265.39337,NaN,2.4217834,3.8634691,0.2059551,0.0,0.0,0.0,NaN,3.6295023,NaN
483007704,NaN,210.8427,NaN,0.0,0.0,0.0,165.6481,175.79796,1.4499795,NaN,725.04895,NaN,0.0,0.0,0.0,1150.0967,996.7306,-21.909441
485808109,62.846344,NaN,NaN,0.0,0.0,0.0,0.0,0.0,0.0,211.99748,NaN,NaN,0.0,0.0,0.0,0.0,0.0,0.0
482434206,20.10459,20.913565,0.115567885,24.552177,NaN,NaN,22.640284,16.649658,-0.8558036,74.79174,93.17834,2.6266568,148.25488,NaN,NaN,149.93497,227.87816,11.134742
482455102,NaN,181.45042,NaN,0.0,0.0,0.0,0.0,0.0,0.0,NaN,612.7974,NaN,0.0,0.0,0.0,0.0,0.0,0.0
488035106,50.934757,60.0917,1.3081349,0.0,0.0,0.0,0.0,0.0,0.0,63.522392,64.12135,0.08556584,0.0,0.0,0.0,0.0,0.0,0.0
492716105,135.92934,94.32796,-5.943054,0.0,0.0,0.0,0.0,0.0,0.0,58.543457,81.03761,3.213451,0.0,0.0,0.0,0.0,0.0,0.0
494521305,77.43065,79.35569,0.27500588,0.0,0.0,0.0,88.339264,87.135956,-0.17190115,2.640664,3.1145837,0.06770281,0.0,0.0,0.0,5.4792237,6.706188,0.17528065
498326206,114.8267,128.21553,1.9126903,0.0,0.0,0.0,0.0,0.0,0.0,159.87338,191.53125,4.5225525,0.0,0.0,0.0,0.0,0.0,0.0
812350106,5636.332,4825.1484,-115.88337,5069.359,NaN,NaN,3111.1707,2749.162,-51.715508,253.48582,257.15,0.52345276,244.26842,NaN,NaN,1111.1285,679.65594,-61.638943
500453204,45.91277,52.818104,0.98647636,0.0,0.0,0.0,58.652027,65.818184,1.0237367,203.41563,167.2327,-5.168991,0.0,0.0,0.0,149.5267,165.734,2.3153272
505606103,51.767548,57.610058,0.8346443,0.0,0.0,0.0,0.0,0.0,0.0,191.50604,205.03162,1.9322249,0.0,0.0,0.0,0.0,0.0,0.0
51808R206,82.881584,NaN,NaN,0.0,0.0,0.0,0.0,0.0,0.0,101.68951,NaN,NaN,0.0,0.0,0.0,0.0,0.0,0.0
521863308,41.25033,81.79916,5.7926893,0.0,0.0,0.0,NaN,119.35261,NaN,1176.1731,1276.7379,14.366403,0.0,0.0,0.0,NaN,1503.4204,NaN
521865204,1852.154,1188.4011,-94.821846,0.0,0.0,0.0,NaN,1926.1926,NaN,600.86786,603.2612,0.3419102,0.0,0.0,0.0,NaN,395.54007,NaN
521098202,41.644413,NaN,NaN,0.0,0.0,0.0,0.0,0.0,0.0,5.345533,NaN,NaN,0.0,0.0,0.0,0.0,0.0,0.0
526262100,55.598816,50.925106,-0.6676728,0.0,0.0,0.0,0.0,0.0,0.0,NaN,NaN,NaN,0.0,0.0,0.0,0.0,0.0,0.0
B5628B104,45.628063,84.45964,5.547368,0.0,0.0,0.0,0.0,0.0,0.0,28.939806,31.491234,0.3644897,0.0,0.0,0.0,0.0,0.0,0.0
527016109,146.52486,145.08917,-0.20509775,90.14962,62.940094,-1.7005954,23.475136,28.002455,0.64675987,110.54232,97.21859,-1.90339,88.9657,77.863785,-0.6938696,87.59007,122.54561,4.993648
527482103,165.57729,185.69609,2.874115,0.0,0.0,0.0,0.0,0.0,0.0,50.205376,66.27021,2.2949765,0.0,0.0,0.0,0.0,0.0,0.0
530129204,5.367985,NaN,NaN,0.0,0.0,0.0,0.0,0.0,0.0,43.999985,NaN,NaN,0.0,0.0,0.0,0.0,0.0,0.0
536257108,58.06955,93.232735,5.023312,38.4156,NaN,NaN,39.695488,77.29475,5.3713226,376.5544,457.15762,11.514745,339.837,NaN,NaN,174.87291,157.58354,-2.4699097
538032400,60.11607,53.570786,-0.9350406,0.0,0.0,0.0,26.59043,22.992527,-0.51398605,22.729225,18.721876,-0.5724784,0.0,0.0,0.0,19.403395,20.635063,0.17595264
54021P403,87.95111,66.98736,-2.9948218,0.0,0.0,0.0,43.643906,44.52085,0.12527792,143.09387,102.7752,-5.7598104,0.0,0.0,0.0,87.1503,163.1178,10.8525
014383103,175.56311,170.28416,-0.75413513,141.87471,NaN,NaN,99.48777,100.14516,0.0939124,85.06121,103.53272,2.6387875,106.95278,NaN,NaN,71.07787,75.0087,0.5615463
540423100,148.70012,132.9722,-2.2468457,0.0,0.0,0.0,0.0,0.0,0.0,13.793396,13.256229,-0.07673808,0.0,0.0,0.0,0.0,0.0,0.0
542290408,69.260124,50.31634,-2.7062547,41.957798,42.003284,0.0034989577,NaN,60.155735,NaN,62.01277,211.9339,21.417303,201.05043,173.14742,-2.1463857,NaN,131.41197,NaN
543881106,158.13127,96.48446,-8.806687,0.0,0.0,0.0,95.604454,NaN,NaN,147.1855,198.99484,7.4013343,0.0,0.0,0.0,336.64615,NaN,NaN
501921100,610.89594,944.2075,47.61594,1575.1036,823.95087,-27.820473,732.1255,748.4122,2.326669,277.2712,348.06076,10.112793,114.21588,147.37546,1.2281325,140.14105,203.49281,9.050252
552078107,3852.548,NaN,NaN,0.0,0.0,0.0,0.0,0.0,0.0,276.4887,NaN,NaN,0.0,0.0,0.0,0.0,0.0,0.0
559211305,82.490074,64.41951,-2.581509,0.0,0.0,0.0,0.0,0.0,0.0,57.35031,56.67767,-0.09609168,0.0,0.0,0.0,0.0,0.0,0.0
478129109,NaN,570.7466,NaN,438.0105,441.1041,0.18197632,0.0,0.0,0.0,NaN,39.74221,NaN,78.68104,102.003944,1.3719357,0.0,0.0,0.0
566244109,75.205956,215.7424,20.076633,0.0,0.0,0.0,0.0,0.0,0.0,17.698025,22.88382,0.74082786,0.0,0.0,0.0,0.0,0.0,0.0
568695209,NaN,107.382484,NaN,12.057379,4.5331125,-0.6270222,0.0,0.0,0.0,NaN,72.10644,NaN,60.440918,55.010624,-0.4525245,0.0,0.0,0.0
573913100,110.228485,125.91559,2.2410147,104.85003,NaN,NaN,65.75035,NaN,NaN,81.88167,94.169365,1.7553853,92.122604,NaN,NaN,127.23366,NaN,NaN
582266706,107.68386,105.2459,-0.34827968,0.0,0.0,0.0,0.0,0.0,0.0,963.9614,1048.2563,12.042131,0.0,0.0,0.0,0.0,0.0,0.0
55270M108,78.02163,76.87472,-0.16384451,0.0,0.0,0.0,0.0,0.0,0.0,249.19061,248.44563,-0.106425695,0.0,0.0,0.0,0.0,0.0,0.0
58461Q409,27.151846,NaN,NaN,0.0,0.0,0.0,0.0,0.0,0.0,26.650198,NaN,NaN,0.0,0.0,0.0,0.0,0.0,0.0
584951107,60.71057,108.33277,6.8031716,0.0,0.0,0.0,0.0,0.0,0.0,849.0177,922.6622,10.520638,0.0,0.0,0.0,0.0,0.0,0.0
590436101,146.83073,153.52997,0.95703346,145.74947,NaN,NaN,0.0,0.0,0.0,162.0872,152.32884,-1.3940517,153.98694,NaN,NaN,0.0,0.0,0.0
590479101,158.60979,212.41917,7.687055,0.0,0.0,0.0,0.0,0.0,0.0,675.91693,593.20575,-11.815883,0.0,0.0,0.0,0.0,0.0,0.0
591324207,302.81757,177.59807,-17.8885,0.0,0.0,0.0,133.46465,213.6491,11.454921,188.06207,110.308975,-11.107585,0.0,0.0,0.0,136.37239,231.83545,13.63758
591596101,2.5940378,1.9825917,-0.08734943,0.0,0.0,0.0,0.0,0.0,0.0,5.3390503,1.4879581,-0.55015606,0.0,0.0,0.0,0.0,0.0,0.0
00374N107,30.501852,51.945515,3.0633805,0.0,0.0,0.0,0.0,0.0,0.0,39.431152,30.040977,-1.3414536,0.0,0.0,0.0,0.0,0.0,0.0
552813107,19.339743,14.185176,-0.7363667,0.0,0.0,0.0,0.0,0.0,0.0,62.47302,64.47612,0.28615734,0.0,0.0,0.0,0.0,0.0,0.0
594517104,89.28299,87.69758,-0.2264873,0.0,0.0,0.0,0.0,0.0,0.0,109.23824,155.72255,6.640615,0.0,0.0,0.0,0.0,0.0,0.0
598126100,33.716816,47.982864,2.038007,0.0,0.0,0.0,0.0,0.0,0.0,805.4841,725.6538,-11.404323,0.0,0.0,0.0,0.0,0.0,0.0
598130102,101.51065,129.95848,4.063976,116.81986,NaN,NaN,0.0,0.0,0.0,337.91336,464.02817,18.016401,560.5961,NaN,NaN,0.0,0.0,0.0
598709301,96.74186,NaN,NaN,0.0,0.0,0.0,0.0,0.0,0.0,181.81836,NaN,NaN,0.0,0.0,0.0,0.0,0.0,0.0
603669102,114.19273,107.43042,-0.84528923,0.0,0.0,0.0,0.0,0.0,0.0,43.687283,52.500443,1.101645,0.0,0.0,0.0,0.0,0.0,0.0
605288208,68.3259,63.62471,-0.67159814,0.0,0.0,0.0,0.0,0.0,0.0,203.3587,209.14612,0.8267735,0.0,0.0,0.0,0.0,0.0,0.0
553100108,125.160866,96.75309,-4.058254,19.440521,NaN,NaN,0.0,0.0,0.0,41.06178,22.001081,-2.722957,2.1442714,NaN,NaN,0.0,0.0,0.0
607415106,39.86653,106.37512,9.501227,0.0,0.0,0.0,0.0,0.0,0.0,346.34155,443.0068,13.809321,0.0,0.0,0.0,0.0,0.0,0.0
60886R103,160.3639,107.25087,-7.587577,0.0,0.0,0.0,0.0,0.0,0.0,11246.929,9275.859,-281.58133,0.0,0.0,0.0,0.0,0.0,0.0
618447106,354.07217,289.11035,-9.28026,0.0,0.0,0.0,0.0,0.0,0.0,137.23256,153.23265,2.2857273,0.0,0.0,0.0,0.0,0.0,0.0
624581203,335.9111,331.60074,-0.6157662,0.0,0.0,0.0,0.0,0.0,0.0,407.41672,408.09656,0.09712001,0.0,0.0,0.0,0.0,0.0,0.0
553166109,30.178415,67.75,5.3673697,0.0,0.0,0.0,0.0,0.0,0.0,95.195854,105.4782,1.468907,0.0,0.0,0.0,0.0,0.0,0.0
62473L309,22.720602,24.969597,0.32128498,0.0,0.0,0.0,NaN,20.786177,NaN,537.56024,590.121,7.5086756,0.0,0.0,0.0,NaN,963.9618,NaN
635570500,207.66054,192.43506,-2.1750684,166.53787,NaN,NaN,156.94678,154.41342,-0.36190796,990.9589,1397.3656,58.058098,1391.4689,NaN,NaN,2466.0496,1883.6084,-83.20588
635812209,7.68049,8.01539,0.047842912,0.0,0.0,0.0,0.0,0.0,0.0,87.0963,80.5858,-0.9300712,0.0,0.0,0.0,0.0,0.0,0.0
640820106,81.09597,106.956955,3.6944263,0.0,0.0,0.0,0.0,0.0,0.0,227.48727,341.2102,16.246134,0.0,0.0,0.0,0.0,0.0,0.0
638588103,96.642555,91.69692,-0.706519,0.0,0.0,0.0,0.0,0.0,0.0,167.42204,196.63086,4.172688,0.0,0.0,0.0,0.0,0.0,0.0
64122D506,34.361782,45.312782,1.5644286,0.0,0.0,0.0,0.0,0.0,0.0,547.745,578.9335,4.455497,0.0,0.0,0.0,0.0,0.0,0.0
641881107,29.542944,23.67315,-0.8385421,0.0,0.0,0.0,0.0,0.0,0.0,148.99525,146.65315,-0.334586,0.0,0.0,0.0,0.0,0.0,0.0
655053106,115.19454,148.98312,4.82694,0.0,0.0,0.0,0.0,0.0,0.0,171.34456,196.65897,3.616344,0.0,0.0,0.0,0.0,0.0,0.0
656568508,1267.8989,1643.5931,53.6706,0.0,0.0,0.0,595.305,679.36597,12.008711,158.87349,156.72017,-0.3076172,0.0,0.0,0.0,19.629099,15.9677105,-0.5230555
666610100,2.502857,14.615282,1.7303464,0.0,0.0,0.0,0.0,0.0,0.0,26.772572,40.029716,1.8938779,0.0,0.0,0.0,0.0,0.0,0.0
667280408,1428.9052,1500.289,10.197684,0.0,0.0,0.0,1543.9176,NaN,NaN,705.8308,832.8601,18.147043,0.0,0.0,0.0,803.4275,NaN,NaN
668367204,48.46159,NaN,NaN,0.0,0.0,0.0,0.0,0.0,0.0,277.2712,NaN,NaN,0.0,0.0,0.0,0.0,0.0,0.0
67019U101,30.263716,48.783436,2.6456742,0.0,0.0,0.0,0.0,0.0,0.0,986.023,1304.8782,45.55074,0.0,0.0,0.0,0.0,0.0,0.0
69367F108,458.92896,56.713234,-57.45939,0.0,0.0,0.0,0.0,0.0,0.0,537.56024,590.12134,7.508728,0.0,0.0,0.0,0.0,0.0,0.0
669935108,52.706924,41.737408,-1.5670738,0.0,0.0,0.0,0.0,0.0,0.0,273.88968,277.57983,0.527165,0.0,0.0,0.0,0.0,0.0,0.0
62944T105,333.69427,157.28508,-25.201313,146.69144,134.52089,-2.4341094,142.46483,122.23724,-2.8896549,63.250343,64.80716,0.2224023,82.37654,76.672005,-1.1409073,80.14312,80.32781,0.026384626
674098207,155.28052,161.84961,0.9384417,0.0,0.0,0.0,0.0,0.0,0.0,78.34323,73.66452,-0.6683873,0.0,0.0,0.0,0.0,0.0,0.0
67083Q101,62.446186,NaN,NaN,0.0,0.0,0.0,0.0,0.0,0.0,12.431904,NaN,NaN,0.0,0.0,0.0,0.0,0.0,0.0
677007205,55.77852,81.45815,3.6685193,0.0,0.0,0.0,0.0,0.0,0.0,109.95882,114.14643,0.59823066,0.0,0.0,0.0,0.0,0.0,0.0
682505102,117.69947,NaN,NaN,0.0,0.0,0.0,0.0,0.0,0.0,10.346972,NaN,NaN,0.0,0.0,0.0,0.0,0.0,0.0
686285503,91.92094,121.88025,4.279902,66.492645,NaN,NaN,29.066763,38.97396,1.415314,190.56537,170.95662,-2.80125,127.554,NaN,NaN,142.77394,110.00791,-4.6808615
686588104,62.949142,NaN,NaN,0.0,0.0,0.0,0.0,0.0,0.0,301.6655,NaN,NaN,0.0,0.0,0.0,0.0,0.0,0.0
690020102,NaN,244.64322,NaN,0.0,0.0,0.0,0.0,0.0,0.0,NaN,338.77692,NaN,0.0,0.0,0.0,0.0,0.0,0.0
690742101,756.07275,758.6193,0.3637957,669.7204,NaN,NaN,600.62427,702.16705,14.506112,14.593425,14.184783,-0.058377404,14.064813,NaN,NaN,32.129105,32.43249,0.043340955
694327107,77.5546,57.103153,-2.9216359,0.0,0.0,0.0,0.0,0.0,0.0,839.7047,599.7762,-34.275505,0.0,0.0,0.0,0.0,0.0,0.0
695542100,161.68576,142.47484,-2.7444174,0.0,0.0,0.0,0.0,0.0,0.0,593.1525,761.7052,24.078953,0.0,0.0,0.0,0.0,0.0,0.0
696639103,38.231693,38.160988,-0.010100774,0.0,0.0,0.0,0.0,0.0,0.0,24.2381,71.38062,6.7346463,0.0,0.0,0.0,0.0,0.0,0.0
697757102,738.3178,800.9974,8.954224,531.0893,NaN,NaN,0.0,0.0,0.0,337.91336,464.02817,18.016401,560.5961,NaN,NaN,0.0,0.0,0.0
698891108,92.474884,53.636063,-5.5484033,0.0,0.0,0.0,0.0,0.0,0.0,503.24307,422.1999,-11.577598,0.0,0.0,0.0,0.0,0.0,0.0
69912K206,95.229866,89.151726,-0.86830574,82.76535,NaN,NaN,0.0,0.0,0.0,112.26104,124.58905,1.7611444,130.49304,NaN,NaN,0.0,0.0,0.0
704378405,427.9235,498.9811,10.151088,0.0,0.0,0.0,0.0,0.0,0.0,539.6796,676.3066,19.518137,0.0,0.0,0.0,0.0,0.0,0.0
70556K106,37.28158,43.448254,0.88095313,0.0,0.0,0.0,0.0,0.0,0.0,40.230705,36.147785,-0.5832743,0.0,0.0,0.0,0.0,0.0,0.0
707832309,345.55737,331.41772,-2.0199497,0.0,0.0,0.0,374.42642,352.3678,-3.151232,1125.3182,989.38464,-19.419085,0.0,0.0,0.0,958.7991,1095.0957,19.470947
709620108,40.943874,40.262634,-0.09732001,0.0,0.0,0.0,0.0,0.0,0.0,45.09828,41.20725,-0.5558619,0.0,0.0,0.0,0.0,0.0,0.0
71366Q200,91.13676,52.89045,-5.463758,0.0,0.0,0.0,0.0,0.0,0.0,35.216972,38.23317,0.43088531,0.0,0.0,0.0,0.0,0.0,0.0
716769203,38.48192,23.757402,-2.1035023,21.049967,26.267353,0.47430784,28.887545,24.138605,-0.67841995,29.142805,30.661615,0.2169729,32.992077,32.896587,-0.008680864,53.884056,61.18492,1.0429808
717113203,196.394,188.14665,-1.1781921,0.0,0.0,0.0,0.0,0.0,0.0,520.98706,646.5311,17.934866,0.0,0.0,0.0,0.0,0.0,0.0
719151102,54.818012,29.634918,-3.597585,0.0,0.0,0.0,0.0,0.0,0.0,393.46176,277.79575,-16.523716,0.0,0.0,0.0,0.0,0.0,0.0
72147K108,884.449,1024.3019,19.978987,0.0,0.0,0.0,NaN,1003.3883,NaN,110.27583,129.15028,2.69635,0.0,0.0,0.0,NaN,101.19188,NaN
721506103,229.29787,207.9582,-3.048523,0.0,0.0,0.0,0.0,0.0,0.0,7.7286935,6.7621303,-0.13808046,0.0,0.0,0.0,0.0,0.0,0.0
723643300,48.43793,74.899315,3.7801976,0.0,0.0,0.0,0.0,0.0,0.0,163.45949,167.09561,0.51944625,0.0,0.0,0.0,0.0,0.0,0.0
72702Q102,63.01625,48.14489,-2.12448,0.0,0.0,0.0,0.0,0.0,0.0,83.50786,98.66595,2.1654413,0.0,0.0,0.0,0.0,0.0,0.0
731095105,307.41742,272.3947,-5.0032434,0.0,0.0,0.0,0.0,0.0,0.0,331.339,355.59613,3.4653058,0.0,0.0,0.0,0.0,0.0,0.0
731745204,123.26135,117.067085,-0.8848953,0.0,0.0,0.0,0.0,0.0,0.0,77.39701,66.53943,-1.5510832,0.0,0.0,0.0,0.0,0.0,0.0
732827100,112.897804,179.92712,9.575617,0.0,0.0,0.0,0.0,0.0,0.0,152.06046,155.44193,0.4830671,0.0,0.0,0.0,0.0,0.0,0.0
741016307,6.498411,NaN,NaN,0.0,0.0,0.0,0.0,0.0,0.0,68.71239,NaN,NaN,0.0,0.0,0.0,0.0,0.0,0.0
741917108,84.36723,73.22965,-1.5910829,NaN,16.893383,NaN,17.67689,19.385387,0.24407114,38.050247,29.434578,-1.2308099,NaN,92.63396,NaN,65.47706,123.28896,8.258843
74342L105,50.786877,46.171665,-0.65931594,0.0,0.0,0.0,0.0,0.0,0.0,42.71905,39.70913,-0.42998886,0.0,0.0,0.0,0.0,0.0,0.0
74437C101,90.81228,101.9411,1.5898317,0.0,0.0,0.0,0.0,0.0,0.0,111.08419,90.81896,-2.8950326,0.0,0.0,0.0,0.0,0.0,0.0
747275105,3.859651,16.485262,1.8036586,4.6109757,NaN,NaN,0.0,0.0,0.0,85.06177,112.82283,3.965866,181.77728,NaN,NaN,0.0,0.0,0.0
749361200,59.978455,67.122215,1.0205373,0.0,0.0,0.0,69.54281,NaN,NaN,319.00027,413.81784,13.545366,0.0,0.0,0.0,446.5004,NaN,NaN
749412102,112.197395,36.83742,-10.76571,0.0,0.0,0.0,0.0,0.0,0.0,104.78387,83.410675,-3.053313,0.0,0.0,0.0,0.0,0.0,0.0
756268108,57.576008,79.62128,3.1493242,0.0,0.0,0.0,0.0,0.0,0.0,617.3502,876.6077,37.036785,0.0,0.0,0.0,0.0,0.0,0.0
756285102,10.868564,38.5444,3.9536908,0.0,0.0,0.0,0.0,0.0,0.0,40.324738,53.27088,1.8494492,0.0,0.0,0.0,0.0,0.0,0.0
757209507,22.61041,14.509766,-1.157235,0.0,0.0,0.0,15.026408,18.521381,0.49928188,75.52741,102.2281,3.8143845,0.0,0.0,0.0,145.056,138.28418,-0.9674029
398189100,80.06435,75.80856,-0.607969,0.0,0.0,0.0,49.667225,44.53311,-0.73344475,69.79484,52.67785,-2.4452841,0.0,0.0,0.0,49.338566,45.65073,-0.52683365
761406107,NaN,191.50624,NaN,128.0725,122.534775,-0.50342906,99.337524,NaN,NaN,NaN,658.5058,NaN,362.38443,359.86945,-0.22863492,345.63632,NaN,NaN
74957T104,20.250488,4.031159,-2.317047,0.0,0.0,0.0,0.0,0.0,0.0,110.86807,106.60098,-0.6095843,0.0,0.0,0.0,0.0,0.0,0.0
762430205,3.0212858,10.8382435,1.1167082,0.0,0.0,0.0,0.0,0.0,0.0,104.72357,80.282394,-3.4915967,0.0,0.0,0.0,0.0,0.0,0.0
779088103,142.54927,NaN,NaN,0.0,0.0,0.0,0.0,0.0,0.0,289.9916,NaN,NaN,0.0,0.0,0.0,0.0,0.0,0.0
G7702U102,219.01692,235.9419,2.417853,0.0,0.0,0.0,0.0,0.0,0.0,829.715,547.745,-40.281433,0.0,0.0,0.0,0.0,0.0,0.0
794004200,60.444508,59.903027,-0.07735443,74.18322,67.84121,-0.48784697,67.08785,75.918304,1.2614931,43.646324,61.373108,2.5323977,21.896927,29.216833,0.5630697,33.188667,32.53452,-0.09344973
795872100,NaN,135.29213,NaN,0.0,0.0,0.0,0.0,0.0,0.0,NaN,92.182014,NaN,0.0,0.0,0.0,0.0,0.0,0.0
811371707,225.60686,NaN,NaN,0.0,0.0,0.0,0.0,0.0,0.0,682.72107,NaN,NaN,0.0,0.0,0.0,0.0,0.0,0.0
816074405,15.561508,32.644592,2.4404407,0.0,0.0,0.0,0.0,0.0,0.0,55.80606,48.36699,-1.0627245,0.0,0.0,0.0,0.0,0.0,0.0
817587108,468.04,528.82965,8.684235,344.4139,NaN,NaN,0.0,0.0,0.0,2988.01,1955.419,-147.51302,1334.6975,NaN,NaN,0.0,0.0,0.0
G80550109,1.4065915,4.274719,0.40973255,0.0,0.0,0.0,0.0,0.0,0.0,177.30315,160.59181,-2.3873334,0.0,0.0,0.0,0.0,0.0,0.0
82967Y104,497.0183,540.05554,6.1481757,0.0,0.0,0.0,0.0,0.0,0.0,197.8717,186.61618,-1.607932,0.0,0.0,0.0,0.0,0.0,0.0
83001A102,149.77669,102.270386,-6.7866144,0.0,0.0,0.0,NaN,165.95221,NaN,121.55267,115.43368,-0.8741422,0.0,0.0,0.0,NaN,64.45725,NaN
78442T108,131.5143,119.32379,-1.7415009,0.0,0.0,0.0,0.0,0.0,0.0,66.50855,64.2058,-0.32896423,0.0,0.0,0.0,0.0,0.0,0.0
434149100,72.499306,NaN,NaN,0.0,0.0,0.0,0.0,0.0,0.0,20.588747,NaN,NaN,0.0,0.0,0.0,0.0,0.0,0.0
83169A100,7.848194,30.659561,3.2587667,0.0,0.0,0.0,0.0,0.0,0.0,18.965292,21.162722,0.31391853,0.0,0.0,0.0,0.0,0.0,0.0
832110100,179.9588,163.791,-2.309686,80.3929,58.62944,-3.1090655,70.63318,62.779137,-1.122006,101.618095,96.90861,-0.672784,106.24885,118.5955,1.763807,120.91521,144.65775,3.391791
83272A104,912.84576,823.3135,-12.790327,0.0,0.0,0.0,NaN,1239.7058,NaN,846.4451,853.0139,0.93839806,0.0,0.0,0.0,NaN,910.30707,NaN
83546Q109,25.671827,42.07359,2.343109,0.0,0.0,0.0,0.0,0.0,0.0,89.64736,87.43017,-0.31674194,0.0,0.0,0.0,0.0,0.0,0.0
836151209,253.56262,331.29028,11.103951,0.0,0.0,0.0,0.0,0.0,0.0,25.842184,25.730991,-0.015884671,0.0,0.0,0.0,0.0,0.0,0.0
84649R200,302.40112,267.72922,-4.9531293,185.27629,NaN,NaN,NaN,144.46309,NaN,175.68112,180.72275,0.7202323,114.9802,NaN,NaN,NaN,157.93152,NaN
84741Y103,102.04785,95.67978,-0.90972465,0.0,0.0,0.0,0.0,0.0,0.0,814.7339,725.04895,-12.812134,0.0,0.0,0.0,0.0,0.0,0.0
84761M104,64.67897,42.10016,-3.2255445,0.0,0.0,0.0,44.405006,48.033737,0.5183901,39.589172,29.820482,-1.3955271,0.0,0.0,0.0,58.7458,57.670204,-0.15365656
847607108,28.295843,26.912512,-0.19761875,0.0,0.0,0.0,0.0,0.0,0.0,85.64897,102.670586,2.4316592,0.0,0.0,0.0,0.0,0.0,0.0
84763R101,319.6534,308.0177,-1.6622446,0.0,0.0,0.0,NaN,365.1338,NaN,42.44388,58.71992,2.325149,0.0,0.0,0.0,NaN,32.91908,NaN
848457107,410.19687,NaN,NaN,0.0,0.0,0.0,0.0,0.0,0.0,50.65014,NaN,NaN,0.0,0.0,0.0,0.0,0.0,0.0
85254C305,NaN,173.4226,NaN,0.0,0.0,0.0,133.42703,122.3438,-1.5833185,NaN,306.0848,NaN,0.0,0.0,0.0,341.33713,354.9902,1.9504395
853156206,60.762966,50.338654,-1.4891875,38.78207,37.757584,-0.20489731,37.13977,13.739025,-3.3429637,39.704773,64.49596,3.5415976,106.458,103.211395,-0.64932096,37.583435,83.55785,6.5677743
854923109,NaN,147.56139,NaN,0.0,0.0,0.0,0.0,0.0,0.0,NaN,547.745,NaN,0.0,0.0,0.0,0.0,0.0,0.0
85569E103,49.31091,40.60375,-1.2438802,0.0,0.0,0.0,0.0,0.0,0.0,101.68951,71.23099,-4.351217,0.0,0.0,0.0,0.0,0.0,0.0
857689103,252.58774,NaN,NaN,0.0,0.0,0.0,0.0,0.0,0.0,185.03418,NaN,NaN,0.0,0.0,0.0,0.0,0.0,0.0
861572105,189.28038,270.64835,11.623995,0.0,0.0,0.0,0.0,0.0,0.0,32.518013,35.93376,0.4879641,0.0,0.0,0.0,0.0,0.0,0.0
862111200,253.12279,216.66467,-5.208302,156.7591,165.77826,0.9019165,174.77002,204.77754,4.286789,10.349439,14.983825,0.66205513,17.152773,28.920631,1.1767858,41.153194,45.04357,0.55576813
86677E100,453.13937,366.3756,-12.394823,0.0,0.0,0.0,0.0,0.0,0.0,135.54285,129.24226,-0.90008324,0.0,0.0,0.0,0.0,0.0,0.0
866881105,121.412445,83.549034,-5.4090586,0.0,0.0,0.0,0.0,0.0,0.0,327.43198,367.70416,5.7531695,0.0,0.0,0.0,0.0,0.0,0.0
86688Q100,45.65386,NaN,NaN,0.0,0.0,0.0,0.0,0.0,0.0,281.70535,NaN,NaN,0.0,0.0,0.0,0.0,0.0,0.0
87163L103,81.10862,NaN,NaN,0.0,0.0,0.0,0.0,0.0,0.0,993.1542,NaN,NaN,0.0,0.0,0.0,0.0,0.0,0.0
871839205,67.84742,56.274055,-1.6533377,0.0,0.0,0.0,0.0,0.0,0.0,27.55932,28.154373,0.08500753,0.0,0.0,0.0,0.0,0.0,0.0
873452304,20.640617,21.348984,0.1011952,24.940449,5.4287066,-2.4389677,7.9213586,9.431534,0.21573932,195.42256,292.9845,13.937419,301.08194,156.98012,-18.012728,149.83069,164.5089,2.0968869
878415108,NaN,19.27789,NaN,0.0,0.0,0.0,0.0,0.0,0.0,NaN,12.441126,NaN,0.0,0.0,0.0,0.0,0.0,0.0
879908101,48.427418,82.35151,4.8462987,0.0,0.0,0.0,0.0,0.0,0.0,1071.738,977.5469,-13.45588,0.0,0.0,0.0,0.0,0.0,0.0
87959Y103,6.000604,29.360178,3.337082,0.0,0.0,0.0,0.0,0.0,0.0,736.5584,919.53076,26.138906,0.0,0.0,0.0,0.0,0.0,0.0
87971Q104,6.6456075,17.16118,1.5022248,0.0,0.0,0.0,0.0,0.0,0.0,27.75343,39.431156,1.6682466,0.0,0.0,0.0,0.0,0.0,0.0
881451108,NaN,1.8246112,NaN,0.0,0.0,0.0,0.0,0.0,0.0,NaN,34.785603,NaN,0.0,0.0,0.0,0.0,0.0,0.0
881694103,10859.112,7007.511,-550.2287,7500.0,NaN,NaN,7190.776,6910.8438,-39.990303,2816.1428,2178.3845,-91.10833,2293.4526,NaN,NaN,2526.479,2722.2507,27.96739
882445109,10.542895,4.1616874,-0.9116011,2.4683418,NaN,NaN,11.677177,4.846719,-0.97577983,242.16959,72.10644,-24.294735,58.253273,NaN,NaN,166.12184,66.24313,-14.268387
872424106,23.950144,24.817167,0.12386049,13.568357,1.4449346,-1.5154278,2.3510637,NaN,NaN,47.48806,54.118256,0.9471708,54.68983,65.265274,1.3219304,65.36024,NaN,NaN
885184101,70.24688,95.96372,3.6738346,0.0,0.0,0.0,0.0,0.0,0.0,614.6157,639.678,3.5803223,0.0,0.0,0.0,0.0,0.0,0.0
889039103,98.743774,80.03356,-2.6728876,66.16094,45.0123,-1.6268188,27.241562,9.286432,-2.5650184,347.14062,161.07738,-26.580463,154.2259,169.84123,1.2011789,165.32857,149.25812,-2.2957785
889073201,90.80942,109.570885,2.6802096,0.0,0.0,0.0,0.0,0.0,0.0,72.11667,17.791239,-7.760776,0.0,0.0,0.0,0.0,0.0,0.0
872962105,308.56268,298.44623,-1.4452078,0.0,0.0,0.0,0.0,0.0,0.0,NaN,82.38527,NaN,0.0,0.0,0.0,0.0,0.0,0.0
891697104,78.310585,87.57498,1.3234853,0.0,0.0,0.0,0.0,0.0,0.0,672.07336,756.88776,12.116342,0.0,0.0,0.0,0.0,0.0,0.0
891707101,385.34555,404.17578,2.690033,0.0,0.0,0.0,0.0,0.0,0.0,32.770035,38.97401,0.88628227,0.0,0.0,0.0,0.0,0.0,0.0
89299Y009,64.93792,53.60547,-1.6189215,28.679674,14.330275,-2.3915665,0.0,0.0,0.0,NaN,NaN,NaN,NaN,NaN,NaN,0.0,0.0,0.0
892149105,21.867653,6.3644547,-2.2147427,0.0,0.0,0.0,0.0,0.0,0.0,63.56218,64.125885,0.08052935,0.0,0.0,0.0,0.0,0.0,0.0
89376N108,3.695779,6.177189,0.35448712,0.0,0.0,0.0,0.0,0.0,0.0,365.41272,448.74536,11.904663,0.0,0.0,0.0,0.0,0.0,0.0
893878108,46.960022,45.408607,-0.22163065,0.0,0.0,0.0,0.0,0.0,0.0,23.309685,28.287811,0.71116096,0.0,0.0,0.0,0.0,0.0,0.0
894859107,40.233727,29.308626,-1.5607287,0.0,0.0,0.0,0.0,0.0,0.0,184.63486,68.85737,-16.53964,0.0,0.0,0.0,0.0,0.0,0.0
896106200,18.252617,13.995644,-0.60813904,0.0,0.0,0.0,27.715168,33.635384,0.8457451,180.36436,182.80247,0.34830147,0.0,0.0,0.0,108.92274,112.65455,0.5331159
896925203,46.38867,44.424366,-0.28061512,0.0,0.0,0.0,0.0,0.0,0.0,75.66813,87.32736,1.6656047,0.0,0.0,0.0,0.0,0.0,0.0
89816T103,95.40763,120.26229,3.5506656,0.0,0.0,0.0,128.75755,104.518234,-3.4627597,196.94817,149.52725,-6.7744164,0.0,0.0,0.0,173.73718,185.89062,1.736206
872918107,77.83728,65.138855,-1.8140608,0.0,0.0,0.0,0.0,0.0,0.0,166.86612,209.0201,6.0219965,0.0,0.0,0.0,0.0,0.0,0.0
899900104,84.144226,76.533165,-1.0872945,0.0,0.0,0.0,0.0,0.0,0.0,30.253845,29.254248,-0.14279965,0.0,0.0,0.0,0.0,0.0,0.0
901167106,107.29009,99.289665,-1.1429182,0.0,0.0,0.0,0.0,0.0,0.0,1276.856,1290.6215,1.9665004,0.0,0.0,0.0,0.0,0.0,0.0
87311M102,13.390676,15.223823,0.26187816,0.0,0.0,0.0,0.0,0.0,0.0,383.86008,415.2323,4.481746,0.0,0.0,0.0,0.0,0.0,0.0
90334D109,45.610752,36.01347,-1.3710403,0.0,0.0,0.0,0.0,0.0,0.0,73.711136,94.14974,2.919801,0.0,0.0,0.0,0.0,0.0,0.0
90333L201,92.56898,55.718433,-5.2643633,0.0,0.0,0.0,0.0,0.0,0.0,73.40938,55.213425,-2.599422,0.0,0.0,0.0,0.0,0.0,0.0
911920106,139.87553,109.797516,-4.2968597,95.39798,126.77496,3.922123,156.02638,181.17804,3.5930939,70.75505,63.250324,-1.0721037,66.161575,80.296844,1.7669086,79.40052,79.71428,0.044822693
90331T107,132.10597,NaN,NaN,0.0,0.0,0.0,0.0,0.0,0.0,54.808323,NaN,NaN,0.0,0.0,0.0,0.0,0.0,0.0
910047109,2675.9744,2021.7028,-93.46737,1782.0999,NaN,NaN,2474.2498,2541.873,9.66047,698.44836,645.10754,-7.620117,667.43567,NaN,NaN,875.7099,820.8136,-7.8423285
902646108,82.77216,102.53364,2.823068,0.0,0.0,0.0,0.0,0.0,0.0,77.708046,80.579445,0.41019985,0.0,0.0,0.0,0.0,0.0,0.0
903849107,134.77155,91.56478,-6.1723948,0.0,0.0,0.0,0.0,0.0,0.0,215.53987,242.3974,3.8367898,0.0,0.0,0.0,0.0,0.0,0.0
910858109,99.31845,55.61607,-6.2431974,46.290993,NaN,NaN,NaN,31.568607,NaN,13.641679,9.495524,-0.59230775,9.107775,NaN,NaN,NaN,8.740658,NaN
35241Q107,NaN,91.06252,NaN,69.31845,77.39341,0.29907253,80.52292,70.881836,-1.3772975,NaN,58.278496,NaN,25.829872,41.37637,0.5757962,53.58346,36.455044,-2.4469168
903293405,325.64316,324.22855,-0.2020874,0.0,0.0,0.0,350.41553,405.06757,7.807434,48.074074,79.093994,4.431417,0.0,0.0,0.0,74.09206,62.939293,-1.593252
917311805,14.277955,18.991106,0.6733073,0.0,0.0,0.0,0.0,0.0,0.0,33.579876,36.433178,0.40761456,0.0,0.0,0.0,0.0,0.0,0.0
91972C106,136.38202,88.74181,-6.8057437,0.0,0.0,0.0,0.0,0.0,0.0,NaN,NaN,NaN,0.0,0.0,0.0,0.0,0.0,0.0
919902106,48.658165,68.92657,2.895486,0.0,0.0,0.0,0.0,0.0,0.0,721.8167,762.0761,5.751343,0.0,0.0,0.0,0.0,0.0,0.0
494580103,517.34155,407.17062,-15.738704,0.0,0.0,0.0,443.58145,424.4708,-2.7300937,128.22833,119.97175,-1.179512,0.0,0.0,0.0,184.92055,164.43721,-2.926191
923275101,276.1447,209.60445,-9.505753,0.0,0.0,0.0,0.0,0.0,0.0,128.8646,166.35368,5.355584,0.0,0.0,0.0,0.0,0.0,0.0
92335X100,1.2547303,2.213497,0.13696666,0.0,0.0,0.0,0.0,0.0,0.0,547.74475,578.9335,4.4555316,0.0,0.0,0.0,0.0,0.0,0.0
92336G106,75.44373,423.0946,49.66441,0.0,0.0,0.0,0.0,0.0,0.0,271.22333,301.27524,4.29313,0.0,0.0,0.0,0.0,0.0,0.0
925492100,79.9661,24.84691,-7.874171,0.0,0.0,0.0,0.0,0.0,0.0,16.928198,21.323061,0.6278376,0.0,0.0,0.0,0.0,0.0,0.0
92553H803,264.2761,104.18094,-20.011894,0.0,0.0,0.0,0.0,0.0,0.0,162.93234,249.35399,10.802706,0.0,0.0,0.0,0.0,0.0,0.0
925529208,54.78017,111.61972,8.119936,0.0,0.0,0.0,0.0,0.0,0.0,750.24054,537.56055,-30.382856,0.0,0.0,0.0,0.0,0.0,0.0
63845P101,39.228336,46.996227,1.1096987,0.0,0.0,0.0,33.01878,31.008339,-0.28720585,29.631887,33.812153,0.5971808,0.0,0.0,0.0,44.798397,65.74431,2.992273
92839U206,1359.0953,993.7145,-52.197266,0.0,0.0,0.0,0.0,0.0,0.0,368.84174,312.21136,-8.090053,0.0,0.0,0.0,0.0,0.0,0.0
928559103,182.04329,122.53773,-8.500794,0.0,0.0,0.0,0.0,0.0,0.0,356.3237,340.89816,-2.203648,0.0,0.0,0.0,0.0,0.0,0.0
38388F108,243.63757,235.10135,-1.4227041,284.73016,377.07687,2.4301765,1790.1646,1580.6165,-29.935442,170.79744,176.02495,0.8712514,192.96323,195.51033,0.06702905,249.13525,216.93156,-4.6005273
93369N109,412.1788,350.72495,-8.779122,254.46716,NaN,NaN,148.52228,180.95584,4.633366,22.424328,23.599672,0.16790636,24.766302,NaN,NaN,25.033426,25.121572,0.012592316
934390402,337.33896,295.46634,-5.981803,0.0,0.0,0.0,173.27492,185.2485,1.7105124,109.81148,109.72925,-0.011747087,0.0,0.0,0.0,121.09678,113.33315,-1.1090895
938862208,370.86328,563.7652,27.557417,0.0,0.0,0.0,NaN,334.9724,NaN,35.93376,42.704605,0.96726334,0.0,0.0,0.0,NaN,77.42905,NaN
94769A101,50.878742,39.77654,-1.586029,0.0,0.0,0.0,0.0,0.0,0.0,736.5584,919.5306,26.138882,0.0,0.0,0.0,0.0,0.0,0.0
94845V103,7.6227436,46.01522,5.4846396,0.0,0.0,0.0,0.0,0.0,0.0,50.99357,51.731358,0.105398454,0.0,0.0,0.0,0.0,0.0,0.0
948462106,27.039965,36.92006,1.411442,0.0,0.0,0.0,0.0,0.0,0.0,240.59564,256.10022,2.2149396,0.0,0.0,0.0,0.0,0.0,0.0
948774104,203.54321,NaN,NaN,0.0,0.0,0.0,0.0,0.0,0.0,242.64946,NaN,NaN,0.0,0.0,0.0,0.0,0.0,0.0
955465109,235.79446,282.66104,6.6952252,0.0,0.0,0.0,281.0592,NaN,NaN,121.291855,117.559006,-0.53326416,0.0,0.0,0.0,121.473595,NaN,NaN
958043408,49.923138,42.815784,-1.0153362,45.549767,NaN,NaN,53.60216,67.553116,1.9929935,166.19238,211.44807,6.465099,272.12198,NaN,NaN,278.16248,224.2691,-7.6990533
960878106,84.46134,69.802376,-2.094138,0.0,0.0,0.0,29.90935,7.707129,-3.1717458,44.352833,64.36857,2.8593907,0.0,0.0,0.0,82.840805,101.82806,2.7124646
961238102,255.00328,293.72583,5.5317926,0.0,0.0,0.0,0.0,0.0,0.0,5.0527554,5.5111656,0.06548718,0.0,0.0,0.0,0.0,0.0,0.0
410315105,250.83691,279.99417,4.1653223,82.775604,49.297375,-3.347823,45.23498,39.411224,-0.8319653,230.01466,293.60245,9.083969,340.78265,451.46667,11.068402,496.2797,739.26495,34.71218
194831004,NaN,988.8709,NaN,682.07935,749.2525,7.463684,761.5175,NaN,NaN,NaN,179.6451,NaN,49.54151,55.536446,0.6661038,52.110706,NaN,NaN
972218101,604.8011,615.6906,1.5556467,569.13586,470.7799,-32.78532,427.776,353.70383,-10.581739,205.76506,149.49994,-8.037874,166.53502,168.50209,0.6556905,183.56554,196.32204,1.8223572
974280307,1462.827,1153.1381,-44.24128,0.0,0.0,0.0,828.0658,797.9152,-4.3072248,1210.5029,1680.3718,67.12413,0.0,0.0,0.0,2247.2522,2176.9597,-10.041783
975515107,72.19154,143.64006,10.206931,0.0,0.0,0.0,0.0,0.0,0.0,750.24054,537.56055,-30.382856,0.0,0.0,0.0,0.0,0.0,0.0
97652H109,5.166481,6.1201477,0.1362381,0.0,0.0,0.0,0.0,0.0,0.0,235.93376,242.01447,0.86867195,0.0,0.0,0.0,0.0,0.0,0.0
98141A101,104.00542,199.74379,13.67691,0.0,0.0,0.0,0.0,0.0,0.0,750.24036,537.5609,-30.382778,0.0,0.0,0.0,0.0,0.0,0.0
981902109,21.685133,55.043335,4.765457,34.217915,NaN,NaN,0.0,0.0,0.0,119.80974,97.157585,-3.2360218,203.87769,NaN,NaN,0.0,0.0,0.0
981579105,1.9191719,1.4770156,-0.06316519,0.0,0.0,0.0,0.0,0.0,0.0,42.232334,39.36834,-0.40914208,0.0,0.0,0.0,0.0,0.0,0.0
981907108,45.0368,48.534817,0.4997166,0.0,0.0,0.0,0.0,0.0,0.0,57.364887,76.46988,2.7292845,0.0,0.0,0.0,0.0,0.0,0.0
894688100,84.63457,74.93469,-1.3856964,32.56046,44.651825,1.727338,42.485077,52.10765,1.3746535,162.40965,155.48653,-0.989018,159.91078,240.07158,11.451543,214.03725,251.5695,5.361751
98416J118,NaN,61.400696,NaN,0.0,0.0,0.0,NaN,67.50262,NaN,NaN,31.1382,NaN,0.0,0.0,0.0,NaN,13.376734,NaN
98417K106,120.51788,210.0621,12.792031,0.0,0.0,0.0,0.0,0.0,0.0,537.56024,590.12134,7.508728,0.0,0.0,0.0,0.0,0.0,0.0
989349105,222.52046,NaN,NaN,0.0,0.0,0.0,0.0,0.0,0.0,427.18466,NaN,NaN,0.0,0.0,0.0,0.0,0.0,0.0
20557T101,0.0,0.0,0.0,168.10553,NaN,NaN,124.50356,86.991554,-5.3588586,0.0,0.0,0.0,25.009104,NaN,NaN,24.541826,26.637426,0.29937145
212072102,0.0,0.0,0.0,50.170532,NaN,NaN,28.735828,28.68233,-0.007642746,0.0,0.0,0.0,528.3921,NaN,NaN,283.48236,288.5284,0.7208644
086553104,0.0,0.0,0.0,0.0,0.0,0.0,NaN,258.2576,NaN,0.0,0.0,0.0,0.0,0.0,0.0,NaN,1987.599,NaN
G3921A175,0.0,0.0,0.0,0.0,0.0,0.0,NaN,334.968,NaN,0.0,0.0,0.0,0.0,0.0,0.0,NaN,968.25806,NaN
172936106,0.0,0.0,0.0,0.0,0.0,0.0,36.59283,23.614857,-1.8539963,0.0,0.0,0.0,0.0,0.0,0.0,12.925626,19.670345,0.9635314
457661106,0.0,0.0,0.0,0.0,0.0,0.0,NaN,102.58543,NaN,0.0,0.0,0.0,0.0,0.0,0.0,NaN,103.32003,NaN
44980Y305,0.0,0.0,0.0,0.0,0.0,0.0,NaN,59.191353,NaN,0.0,0.0,0.0,0.0,0.0,0.0,NaN,51.47991,NaN
46624E405,0.0,0.0,0.0,0.0,0.0,0.0,54.250122,43.249577,-1.5715065,0.0,0.0,0.0,0.0,0.0,0.0,25.94052,21.201532,-0.67699814
48577P106,0.0,0.0,0.0,0.0,0.0,0.0,NaN,173.95392,NaN,0.0,0.0,0.0,0.0,0.0,0.0,NaN,899.7081,NaN
578349102,0.0,0.0,0.0,0.0,0.0,0.0,116.352356,123.58729,1.0335617,0.0,0.0,0.0,0.0,0.0,0.0,292.26398,401.91638,15.664629
586014102,0.0,0.0,0.0,0.0,0.0,0.0,156.3073,137.29855,-2.7155347,0.0,0.0,0.0,0.0,0.0,0.0,10.32835,8.910921,-0.20248985
636317109,0.0,0.0,0.0,0.0,0.0,0.0,94.39751,112.19258,2.5421536,0.0,0.0,0.0,0.0,0.0,0.0,78.12351,64.04706,-2.010922
70322A101,0.0,0.0,0.0,0.0,0.0,0.0,574.1566,556.5679,-2.512678,0.0,0.0,0.0,0.0,0.0,0.0,1114.207,1090.6193,-3.3696811
98387T103,0.0,0.0,0.0,0.0,0.0,0.0,0.15475579,NaN,NaN,0.0,0.0,0.0,0.0,0.0,0.0,144.10634,NaN,NaN
71654J108,0.0,0.0,0.0,0.0,0.0,0.0,131.63261,108.69639,-3.2766037,0.0,0.0,0.0,0.0,0.0,0.0,38.58762,55.795597,2.4582825
746276104,0.0,0.0,0.0,0.0,0.0,0.0,126.55302,NaN,NaN,0.0,0.0,0.0,0.0,0.0,0.0,279.55713,NaN,NaN
686857103,0.0,0.0,0.0,0.0,0.0,0.0,88.31972,NaN,NaN,0.0,0.0,0.0,0.0,0.0,0.0,140.27367,NaN,NaN
761339100,0.0,0.0,0.0,0.0,0.0,0.0,345.65424,392.5952,6.705854,0.0,0.0,0.0,0.0,0.0,0.0,302.5311,325.69254,3.3087769
827056300,0.0,0.0,0.0,0.0,0.0,0.0,53.910545,NaN,NaN,0.0,0.0,0.0,0.0,0.0,0.0,116.476616,NaN,NaN
834376501,0.0,0.0,0.0,0.0,0.0,0.0,266.59836,190.92471,-10.810521,0.0,0.0,0.0,0.0,0.0,0.0,1580.0503,1337.6906,-34.62282
817826209,0.0,0.0,0.0,0.0,0.0,0.0,1439.9083,1144.9414,-42.13813,0.0,0.0,0.0,0.0,0.0,0.0,1737.0266,1907.0844,24.293962
849416201,0.0,0.0,0.0,0.0,0.0,0.0,64.77495,33.592125,-4.454689,0.0,0.0,0.0,0.0,0.0,0.0,60.452164,50.675922,-1.3966058
893349837,0.0,0.0,0.0,0.0,0.0,0.0,557.02997,510.80457,-6.603629,0.0,0.0,0.0,0.0,0.0,0.0,544.3754,543.1188,-0.17952183
988858106,0.0,0.0,0.0,0.0,0.0,0.0,169.24242,185.60039,2.336853,0.0,0.0,0.0,0.0,0.0,0.0,60.314693,81.62652,3.0445464
