00252W104,101.25666,9.813333,-13.063333,0.0,0.0,0.0,0.0,0.0,0.0,102.22014,107.48516,0.75214607,0.0,0.0,0.0,0.0,0.0,0.0
,0.0,0.0,0.0,0.0,0.0,0.0,0.0,0.0,0.0,0.0,0.0,0.0,0.0,0.0,0.0,0.0,0.0,0.0
00439T206,255.02,NaN,NaN,0.0,0.0,0.0,NaN,328.75,NaN,1014.56647,NaN,NaN,0.0,0.0,0.0,NaN,683.28436,NaN
004724100,306.99002,287.16333,-2.8323843,0.0,0.0,0.0,0.0,0.0,0.0,386.36166,481.78555,13.631984,0.0,0.0,0.0,0.0,0.0,0.0
000973107,222.01668,290.43668,9.774285,0.0,0.0,0.0,0.0,0.0,0.0,221.66016,338.20877,16.649801,0.0,0.0,0.0,0.0,0.0,0.0
00503U105,91.130005,-363.645,-64.96786,0.0,0.0,0.0,0.0,0.0,0.0,163.05106,143.05856,-2.8560703,0.0,0.0,0.0,0.0,0.0,0.0
006847107,343.24667,415.335,10.298331,0.0,0.0,0.0,0.0,0.0,0.0,4038.851,4188.4043,21.364746,0.0,0.0,0.0,0.0,0.0,0.0
006848105,4870.9995,5425.59,79.22719,0.0,0.0,0.0,0.0,0.0,0.0,2182.0217,2184.229,0.31532505,0.0,0.0,0.0,0.0,0.0,0.0
31865X106,141.84666,211.20999,9.909047,0.0,0.0,0.0,0.0,0.0,0.0,3694.173,5429.7144,247.93446,0.0,0.0,0.0,0.0,0.0,0.0
008494106,136.61,169.88335,4.753335,0.0,0.0,0.0,0.0,0.0,0.0,79.49606,93.92585,2.061398,0.0,0.0,0.0,0.0,0.0,0.0
009114109,56.956665,7.6549997,-7.043095,0.0,0.0,0.0,0.0,0.0,0.0,241.58894,261.56525,2.8537576,0.0,0.0,0.0,0.0,0.0,0.0
867071102,NaN,265.75,NaN,710.37,689.54663,-2.0823364,0.0,0.0,0.0,NaN,12.296249,NaN,8.807,8.832,0.0024999618,0.0,0.0,0.0
018593103,203.95332,144.43333,-8.502855,0.0,0.0,0.0,0.0,0.0,0.0,NaN,NaN,NaN,0.0,0.0,0.0,0.0,0.0,0.0
019223106,115.78333,76.10667,-5.668095,0.0,0.0,0.0,0.0,0.0,0.0,259.7648,304.526,6.3944573,0.0,0.0,0.0,0.0,0.0,0.0
019411107,92.253334,106.49,2.0338092,0.0,0.0,0.0,0.0,0.0,0.0,577.80994,814.99744,33.88393,0.0,0.0,0.0,0.0,0.0,0.0
019645506,371.9,290.58,-11.617144,312.63,NaN,NaN,0.0,0.0,0.0,251.75739,257.81842,0.8658622,195.72212,NaN,NaN,0.0,0.0,0.0
02146C104,-33.993336,-169.26332,-19.324284,0.0,0.0,0.0,0.0,0.0,0.0,74.10189,91.41115,2.4727511,0.0,0.0,0.0,0.0,0.0,0.0
625440102,344.64,201.81,-20.404287,NaN,450.33,NaN,180.15666,163.11499,-2.130209,255.85445,261.41043,0.7937121,NaN,154.65485,NaN,244.84781,328.61005,10.47028
023006109,NaN,155.22667,NaN,174.9825,NaN,NaN,0.0,0.0,0.0,NaN,637.00104,NaN,241.43651,NaN,NaN,0.0,0.0,0.0
023395106,133.83,NaN,NaN,0.0,0.0,0.0,0.0,0.0,0.0,600.56244,NaN,NaN,0.0,0.0,0.0,0.0,0.0,0.0
023426703,111.585,36.25,-10.762143,226.215,203.16,-4.6109986,59.88,65.395004,0.7878576,356.61646,343.60297,-1.8590698,425.45322,404.26816,-4.237012,435.1703,409.94214,-3.6040213
023586100,1257.85,1257.25,-0.0857108,1745.17,NaN,NaN,1276.8033,1214.88,-8.846191,3314.355,3703.4368,55.58311,3944.7703,NaN,NaN,4579.928,4272.9565,-43.853096
90341W108,248.65666,401.5167,21.837147,501.43997,370.844,-10.045844,738.86334,793.785,7.8459473,994.8641,997.2862,0.34601703,1160.124,1351.7712,14.742094,1260.1031,1206.1003,-7.714687
024490302,112.94,NaN,NaN,0.0,0.0,0.0,0.0,0.0,0.0,254.87271,NaN,NaN,0.0,0.0,0.0,0.0,0.0,0.0
024928103,149.55666,232.59999,11.863334,0.0,0.0,0.0,0.0,0.0,0.0,751.1099,1007.16626,36.579475,0.0,0.0,0.0,0.0,0.0,0.0
02553G101,84.84,69.305,-2.2192852,0.0,0.0,0.0,0.0,0.0,0.0,62.838326,65.812,0.42481014,0.0,0.0,0.0,0.0,0.0,0.0
026496208,138.52,82.236664,-8.040477,339.005,310.65,-3.1505568,72.07,63.535,-1.2192857,532.5529,578.51294,6.565717,658.05646,387.59592,-30.05117,295.0218,282.25217,-1.8242319
026652107,134.03668,89.11,-6.4180975,0.0,0.0,0.0,0.0,0.0,0.0,60.542004,53.254498,-1.0410722,0.0,0.0,0.0,0.0,0.0,0.0
028816106,107.98334,NaN,NaN,0.0,0.0,0.0,0.0,0.0,0.0,352.25656,NaN,NaN,0.0,0.0,0.0,0.0,0.0,0.0
029318300,78.55333,93.4,2.120953,0.0,0.0,0.0,0.0,0.0,0.0,145.56032,166.986,3.0608106,0.0,0.0,0.0,0.0,0.0,0.0
030789507,892.70996,1195.7867,43.296684,1248.6101,944.49,-30.412012,128.24,161.22,4.711428,382.72415,505.83575,17.587372,629.5961,719.75287,9.015674,374.93576,336.12057,-5.5450263
03113V109,368.29,NaN,NaN,0.0,0.0,0.0,0.0,0.0,0.0,140.50644,NaN,NaN,0.0,0.0,0.0,0.0,0.0,0.0
03237E108,159.48,35.399998,-17.725714,0.0,0.0,0.0,112.17667,60.725,-7.3502383,797.76044,736.6086,-8.735979,0.0,0.0,0.0,480.78238,397.50122,-11.897308
001813104,1294.64,1138.6866,-22.279053,0.0,0.0,0.0,0.0,0.0,0.0,1678.4285,2419.5193,105.87012,0.0,0.0,0.0,0.0,0.0,0.0
03304B300,141.40001,128.03,-1.9100015,0.0,0.0,0.0,NaN,142.035,NaN,1948.8982,2664.3052,102.201,0.0,0.0,0.0,NaN,1947.408,NaN
G6359F103,203.62666,150.98999,-7.5195246,193.015,158.78001,-3.8038874,127.3,-1.3199999,-18.374287,221.218,191.3088,-4.2727423,215.21425,245.85284,3.4042883,257.81842,195.72212,-8.8709
035250109,179.60002,NaN,NaN,0.0,0.0,0.0,0.0,0.0,0.0,794.304,NaN,NaN,0.0,0.0,0.0,0.0,0.0,0.0
381119106,386.01,158.50334,-32.500954,0.0,0.0,0.0,NaN,84.76,NaN,1058.1184,1205.7943,21.096558,0.0,0.0,0.0,NaN,707.75604,NaN
038196101,70.65333,29.513334,-5.8771415,0.0,0.0,0.0,0.0,0.0,0.0,133.78664,171.61664,5.404286,0.0,0.0,0.0,0.0,0.0,0.0
038213104,105.77,43.85,-8.845714,0.0,0.0,0.0,0.0,0.0,0.0,97.45609,163.47926,9.431882,0.0,0.0,0.0,0.0,0.0,0.0
001937101,196.095,159.52,-5.2249994,0.0,0.0,0.0,0.0,0.0,0.0,233.4069,239.37172,0.85211617,0.0,0.0,0.0,0.0,0.0,0.0
G04397108,572.53503,274.81998,-42.530724,0.0,0.0,0.0,0.0,0.0,0.0,77.82178,65.29125,-1.7900751,0.0,0.0,0.0,0.0,0.0,0.0
90341G103,53.83,251.96,28.304287,0.0,0.0,0.0,NaN,243.47,NaN,4487.7163,5875.06,198.19197,0.0,0.0,0.0,NaN,7548.033,NaN
042384107,1467.0133,1455.8467,-1.5952322,2417.3413,NaN,NaN,0.0,0.0,0.0,189.25084,245.12828,7.9824915,270.14673,NaN,NaN,0.0,0.0,0.0
G05330108,1534.3134,NaN,NaN,0.0,0.0,0.0,0.0,0.0,0.0,4081.2463,NaN,NaN,0.0,0.0,0.0,0.0,0.0,0.0
04544X300,66.744995,73.37,0.82812595,0.0,0.0,0.0,0.0,0.0,0.0,90.81446,77.15259,-1.7077341,0.0,0.0,0.0,0.0,0.0,0.0
04648X107,146.33,68.62,-11.101428,0.0,0.0,0.0,0.0,0.0,0.0,575.1078,372.47952,-28.946896,0.0,0.0,0.0,0.0,0.0,0.0
045919107,4725.627,342.38998,-626.1767,0.0,0.0,0.0,0.0,0.0,0.0,386.45477,360.13663,-3.759735,0.0,0.0,0.0,0.0,0.0,0.0
04649A106,476.91,-163.16,-91.438576,0.0,0.0,0.0,0.0,0.0,0.0,4050.979,3379.4678,-95.930176,0.0,0.0,0.0,0.0,0.0,0.0
37990V204,199.88335,194.99666,-0.6980983,0.0,0.0,0.0,0.0,0.0,0.0,2125.2527,2243.0193,16.823801,0.0,0.0,0.0,0.0,0.0,0.0
046613105,101.85333,NaN,NaN,0.0,0.0,0.0,0.0,0.0,0.0,NaN,NaN,NaN,0.0,0.0,0.0,0.0,0.0,0.0
050727106,85.9,NaN,NaN,0.0,0.0,0.0,0.0,0.0,0.0,210.36453,NaN,NaN,0.0,0.0,0.0,0.0,0.0,0.0
05164B106,326.67,85.08,-34.51286,0.0,0.0,0.0,0.0,0.0,0.0,4900.563,5023.6196,17.57952,0.0,0.0,0.0,0.0,0.0,0.0
05873K108,-143.07666,-332.95,-27.124765,0.0,0.0,0.0,0.0,0.0,0.0,718.64996,791.76404,10.444868,0.0,0.0,0.0,0.0,0.0,0.0
069744100,111.149994,41.893333,-9.893808,0.0,0.0,0.0,0.0,0.0,0.0,5054.0176,4881.1187,-24.699846,0.0,0.0,0.0,0.0,0.0,0.0
074002205,542.0333,425.58002,-16.636187,0.0,0.0,0.0,0.0,0.0,0.0,400.2422,349.10477,-7.305346,0.0,0.0,0.0,0.0,0.0,0.0
077266104,194.96667,172.535,-3.2045245,0.0,0.0,0.0,0.0,0.0,0.0,288.62427,279.13593,-1.3554775,0.0,0.0,0.0,0.0,0.0,0.0
087509105,2809.1865,2112.7734,-99.48759,2964.9448,NaN,NaN,0.0,0.0,0.0,937.8403,797.6693,-20.024424,994.88165,NaN,NaN,0.0,0.0,0.0
091250100,168.95332,87.62,-11.619046,0.0,0.0,0.0,0.0,0.0,0.0,850.95557,815.06616,-5.1270576,0.0,0.0,0.0,0.0,0.0,0.0
055607105,74.799995,NaN,NaN,0.0,0.0,0.0,0.0,0.0,0.0,58.295002,NaN,NaN,0.0,0.0,0.0,0.0,0.0,0.0
098904204,83.43,60.92,-3.2157147,0.0,0.0,0.0,0.0,0.0,0.0,560.33655,541.0888,-2.7496774,0.0,0.0,0.0,0.0,0.0,0.0
099541203,125.73,83.15333,-6.082382,0.0,0.0,0.0,0.0,0.0,0.0,107.45814,166.03006,8.367417,0.0,0.0,0.0,0.0,0.0,0.0
100578103,797.61993,529.71497,-38.272137,0.0,0.0,0.0,0.0,0.0,0.0,150.85764,172.14653,3.0412707,0.0,0.0,0.0,0.0,0.0,0.0
104499207,182.56,168.99667,-1.9376177,511.4,NaN,NaN,0.0,0.0,0.0,296.11115,397.39404,14.468986,166.36526,NaN,NaN,0.0,0.0,0.0
105423404,92.565,120.6,4.0049996,290.19,NaN,NaN,0.0,0.0,0.0,661.11163,846.7806,26.524136,1015.3638,NaN,NaN,0.0,0.0,0.0
105425102,NaN,368.09998,NaN,0.0,0.0,0.0,0.0,0.0,0.0,NaN,1328.9982,NaN,0.0,0.0,0.0,0.0,0.0,0.0
106702103,NaN,226.42,NaN,0.0,0.0,0.0,0.0,0.0,0.0,NaN,580.4118,NaN,0.0,0.0,0.0,0.0,0.0,0.0
119003101,502.06665,477.52,-3.506666,0.0,0.0,0.0,0.0,0.0,0.0,2017.5332,3628.555,230.14597,0.0,0.0,0.0,0.0,0.0,0.0
120084108,42.86333,25.273333,-2.512857,0.0,0.0,0.0,0.0,0.0,0.0,116.950066,118.56612,0.23086439,0.0,0.0,0.0,0.0,0.0,0.0
120113105,389.92334,261.47,-18.350477,0.0,0.0,0.0,0.0,0.0,0.0,12380.472,9352.908,-432.50906,0.0,0.0,0.0,0.0,0.0,0.0
121693105,579.61334,262.97333,-45.234287,0.0,0.0,0.0,0.0,0.0,0.0,179.05562,272.93625,13.411519,0.0,0.0,0.0,0.0,0.0,0.0
123164105,114.19333,144.295,4.3002386,0.0,0.0,0.0,0.0,0.0,0.0,170.97047,194.35548,3.3407156,0.0,0.0,0.0,0.0,0.0,0.0
12476P203,177.48,99.15,-11.19,0.0,0.0,0.0,0.0,0.0,0.0,1359.9073,1522.1901,23.183245,0.0,0.0,0.0,0.0,0.0,0.0
128787108,485.755,530.1066,6.335946,583.0637,NaN,NaN,0.0,0.0,0.0,837.60645,840.9105,0.47201103,200.65562,NaN,NaN,0.0,0.0,0.0
129915203,56.093334,31.966667,-3.4466667,156.86,NaN,NaN,0.0,0.0,0.0,1185.0259,796.3759,-55.521423,810.79443,NaN,NaN,0.0,0.0,0.0
140909102,160.50667,88.13999,-10.338097,0.0,0.0,0.0,0.0,0.0,0.0,3254.5732,2246.4727,-144.01437,0.0,0.0,0.0,0.0,0.0,0.0
140777103,NaN,71.700005,NaN,0.0,0.0,0.0,0.0,0.0,0.0,NaN,353.60007,NaN,0.0,0.0,0.0,0.0,0.0,0.0
141602300,44.129997,5.26,-5.5528564,0.0,0.0,0.0,0.0,0.0,0.0,201.06502,200.50148,-0.08050537,0.0,0.0,0.0,0.0,0.0,0.0
141649301,73.55667,91.38999,2.5476172,0.0,0.0,0.0,35.4,43.765,1.1949997,66.07964,56.60758,-1.3531522,0.0,0.0,0.0,70.47761,93.81624,3.33409
141706309,106.965,121.753334,2.1126196,0.0,0.0,0.0,0.0,0.0,0.0,71.04025,92.34785,3.043942,0.0,0.0,0.0,0.0,0.0,0.0
143436400,195.96333,190.36,-0.8004761,423.16,NaN,NaN,71.56667,101.34,4.2533317,68.137375,75.51696,1.0542265,87.01167,NaN,NaN,529.9789,455.16565,-10.687605
111572103,311.78,294.87,-2.4157147,477.81,404.8,-12.168335,544.81,570.37335,3.6519077,6534.468,6780.183,35.102192,6940.0835,5164.533,-295.92505,4849.4707,4804.1675,-6.471889
148710106,101.89,89.456665,-1.7761906,0.0,0.0,0.0,0.0,0.0,0.0,165.76457,187.6385,3.1248474,0.0,0.0,0.0,0.0,0.0,0.0
15115M101,22.376665,-63.504997,-12.268808,0.0,0.0,0.0,0.0,0.0,0.0,90.01074,95.31121,0.7572098,0.0,0.0,0.0,0.0,0.0,0.0
125185108,216.84001,191.40001,-3.6342862,242.4,NaN,NaN,0.0,0.0,0.0,309.94952,303.4926,-0.9224156,363.39215,NaN,NaN,0.0,0.0,0.0
158496109,306.68997,217.20999,-12.782854,0.0,0.0,0.0,63.273335,75.705,1.7759525,48.434544,49.22091,0.11233793,0.0,0.0,0.0,35.62371,30.067337,-0.79376763
16115Q308,76.91,8.56,-9.764287,0.0,0.0,0.0,0.0,0.0,0.0,44.3695,52.548748,1.1684641,0.0,0.0,0.0,0.0,0.0,0.0
847807104,1136.1434,1225.9434,12.828561,785.024,488.26,-29.676397,155.78667,186.09,4.329047,231.74254,201.1239,-4.374091,155.0789,213.12045,5.804155,223.33524,337.46658,16.304478
559079207,369.12668,170.33,-28.399525,0.0,0.0,0.0,277.89334,288.735,1.5488063,58.47879,70.842224,1.7662048,0.0,0.0,0.0,27.815834,61.16333,4.763928
163893209,NaN,861.31,NaN,0.0,0.0,0.0,NaN,2386.31,NaN,NaN,5259.024,NaN,0.0,0.0,0.0,NaN,5748.7397,NaN
165159104,324.28,314.11,-1.452859,0.0,0.0,0.0,216.40001,227.14,1.5342844,3745.118,2686.9355,-151.16891,0.0,0.0,0.0,1604.0781,1629.7731,3.6707065
168710101,310.485,42.86,-38.232143,0.0,0.0,0.0,0.0,0.0,0.0,937.98096,838.6816,-14.185625,0.0,0.0,0.0,0.0,0.0,0.0
170032809,731.0267,609.06665,-17.422861,0.0,0.0,0.0,654.69,695.15,5.780003,280.44482,735.5143,65.009926,0.0,0.0,0.0,400.49545,165.32098,-33.59635
12542A206,1269.9166,NaN,NaN,0.0,0.0,0.0,0.0,0.0,0.0,136.93044,NaN,NaN,0.0,0.0,0.0,0.0,0.0,0.0
172585101,573.795,662.34,12.649292,325.15002,623.245,24.841248,NaN,548.15,NaN,581.8557,761.50073,25.663574,1010.06354,1432.8738,35.234188,NaN,1813.4672,NaN
172737108,1879.52,2207.2869,46.823833,0.0,0.0,0.0,0.0,0.0,0.0,1689.7117,1860.1981,24.355207,0.0,0.0,0.0,0.0,0.0,0.0
180461105,270.49332,NaN,NaN,0.0,0.0,0.0,0.0,0.0,0.0,358.18857,NaN,NaN,0.0,0.0,0.0,0.0,0.0,0.0
182728204,130.57666,36.5,-13.439523,0.0,0.0,0.0,0.0,0.0,0.0,2379.918,2398.4465,2.6469378,0.0,0.0,0.0,0.0,0.0,0.0
192481208,95.83001,-25.59,-17.345716,0.0,0.0,0.0,0.0,0.0,0.0,359.7545,339.3901,-2.909197,0.0,0.0,0.0,0.0,0.0,0.0
194830204,957.7866,1086.76,18.42477,0.0,0.0,0.0,0.0,0.0,0.0,644.4827,797.6702,21.883928,0.0,0.0,0.0,0.0,0.0,0.0
200334100,1355.15,NaN,NaN,3477.87,NaN,NaN,0.0,0.0,0.0,125.555374,NaN,NaN,172.37128,NaN,NaN,0.0,0.0,0.0
20452C104,81.80666,NaN,NaN,0.0,0.0,0.0,0.0,0.0,0.0,59.011356,NaN,NaN,0.0,0.0,0.0,0.0,0.0,0.0
206814105,92.966675,109.44334,2.3538089,0.0,0.0,0.0,0.0,0.0,0.0,54.471817,49.842003,-0.66140205,0.0,0.0,0.0,0.0,0.0,0.0
209232107,540.5267,434.18665,-15.191432,0.0,0.0,0.0,0.0,0.0,0.0,187.41913,215.95686,4.0768194,0.0,0.0,0.0,0.0,0.0,0.0
21036U206,52.039997,36.536667,-2.2147615,82.62,NaN,NaN,NaN,111.66499,NaN,286.21002,292.38126,0.88160485,209.15,NaN,NaN,NaN,170.66095,NaN
21099Y004,417.51,410.87,-0.9485735,684.30664,900.555,18.020697,0.0,0.0,0.0,322.44324,241.58896,-11.5506115,274.02457,355.09344,6.7557397,0.0,0.0,0.0
211496104,133.22,282.27,21.292856,0.0,0.0,0.0,0.0,0.0,0.0,24.189285,26.60867,0.3456263,0.0,0.0,0.0,0.0,0.0,0.0
211914403,65.74,57.95,-1.1128567,0.0,0.0,0.0,0.0,0.0,0.0,165.73071,288.30298,17.510324,0.0,0.0,0.0,0.0,0.0,0.0
216245100,173.44666,60.186665,-14.157499,98.745,50.38,-6.909286,43.09,NaN,NaN,383.81323,406.814,2.8750954,292.12503,222.37878,-9.96375,267.38632,NaN,NaN
218103109,121.25,62.61,-8.377143,0.0,0.0,0.0,0.0,0.0,0.0,43.336517,63.27836,2.8488345,0.0,0.0,0.0,0.0,0.0,0.0
22161G103,25.98667,-36.633335,-8.945715,0.0,0.0,0.0,0.0,0.0,0.0,359.7545,339.39038,-2.909158,0.0,0.0,0.0,0.0,0.0,0.0
222814204,419.15665,-43.219997,-66.05381,0.0,0.0,0.0,282.86667,173.91,-15.565238,4092.388,4209.2065,16.688372,0.0,0.0,0.0,3543.5962,3192.218,-50.19688
228439105,105.41333,52.050003,-7.6233325,0.0,0.0,0.0,0.0,0.0,0.0,393.86847,296.87167,-13.856685,0.0,0.0,0.0,0.0,0.0,0.0
228622106,172.39,NaN,NaN,0.0,0.0,0.0,0.0,0.0,0.0,1492.7804,NaN,NaN,0.0,0.0,0.0,0.0,0.0,0.0
229070107,NaN,-12.48,NaN,181.09999,NaN,NaN,0.0,0.0,0.0,NaN,68.417946,NaN,74.63953,NaN,NaN,0.0,0.0,0.0
229241104,57.58,-191.12,-31.0875,0.0,0.0,0.0,23.023333,31.985,1.2802383,208.49478,163.58823,-5.6133194,0.0,0.0,0.0,176.83824,214.08794,5.321385
126419100,72.89667,9.43,-9.066667,0.0,0.0,0.0,0.0,0.0,0.0,331.84933,216.1699,-16.525633,0.0,0.0,0.0,0.0,0.0,0.0
23380G106,54.445,18.195,-5.178571,0.0,0.0,0.0,0.0,0.0,0.0,215.57883,235.56177,2.8547058,0.0,0.0,0.0,0.0,0.0,0.0
234050102,166.40999,59.405,-15.2864275,0.0,0.0,0.0,0.0,0.0,0.0,197.33461,183.8545,-1.9257289,0.0,0.0,0.0,0.0,0.0,0.0
234053106,166.95,236.155,9.886429,0.0,0.0,0.0,0.0,0.0,0.0,627.5447,690.30457,8.965698,0.0,0.0,0.0,0.0,0.0,0.0
235774106,193.15666,135.13666,-8.288572,0.0,0.0,0.0,0.0,0.0,0.0,53.60143,45.83786,-1.1090813,0.0,0.0,0.0,0.0,0.0,0.0
235825205,3633.61,2835.5332,-114.01099,0.0,0.0,0.0,0.0,0.0,0.0,774.6565,877.64105,14.71208,0.0,0.0,0.0,0.0,0.0,0.0
240028308,-5.34,-24.79,-2.7785716,0.0,0.0,0.0,0.0,0.0,0.0,309.48196,454.135,20.66472,0.0,0.0,0.0,0.0,0.0,0.0
233162502,119.92667,-53.75,-24.810953,0.0,0.0,0.0,112.829994,77.515,-5.044999,592.92017,666.7413,10.545873,0.0,0.0,0.0,773.9562,711.28613,-8.952864
241209105,99.23,112.91,1.9542857,0.0,0.0,0.0,0.0,0.0,0.0,239.68744,260.35352,2.9522967,0.0,0.0,0.0,0.0,0.0,0.0
243458106,-104.50333,-206.46,-14.56524,0.0,0.0,0.0,0.0,0.0,0.0,402.55087,361.6991,-5.835968,0.0,0.0,0.0,0.0,0.0,0.0
247361702,7363.2993,4166.05,-456.74994,0.0,0.0,0.0,10440.456,12851.495,344.43414,2171.6992,2559.4841,55.397846,0.0,0.0,0.0,2367.4688,1663.2491,-100.6028
255374100,56.906666,26.475,-4.3473806,0.0,0.0,0.0,0.0,0.0,0.0,102.12712,134.27853,4.593059,0.0,0.0,0.0,0.0,0.0,0.0
255402406,193.62,392.02502,28.343576,0.0,0.0,0.0,0.0,0.0,0.0,312.6617,360.60675,6.8492913,0.0,0.0,0.0,0.0,0.0,0.0
344822101,64.793335,157.86665,13.296188,251.04,268.07,2.8383358,109.895004,136.235,3.7628567,20.96116,19.10536,-0.26511437,18.625313,18.071665,-0.092274666,15.80871,18.248753,0.3485775
261528301,NaN,119.57334,NaN,0.0,0.0,0.0,0.0,0.0,0.0,NaN,489.38623,NaN,0.0,0.0,0.0,0.0,0.0,0.0
262175102,88.06,77.69334,-1.4809515,0.0,0.0,0.0,0.0,0.0,0.0,556.79694,671.2567,16.351397,0.0,0.0,0.0,0.0,0.0,0.0
262497308,70.68,68.026665,-0.37904793,0.0,0.0,0.0,0.0,0.0,0.0,473.2097,586.03156,16.11741,0.0,0.0,0.0,0.0,0.0,0.0
265903104,530.83,350.83667,-25.713335,0.0,0.0,0.0,0.0,0.0,0.0,851.8418,877.79016,3.7069092,0.0,0.0,0.0,0.0,0.0,0.0
267575108,90.96334,81.4,-1.3661913,0.0,0.0,0.0,0.0,0.0,0.0,50.351997,62.99625,1.8063219,0.0,0.0,0.0,0.0,0.0,0.0
269514204,85.875,75.95333,-1.4173813,0.0,0.0,0.0,52.38,NaN,NaN,777.01526,751.34314,-3.6674457,0.0,0.0,0.0,1145.4595,NaN,NaN
269524104,69.435,NaN,NaN,0.0,0.0,0.0,0.0,0.0,0.0,570.23615,NaN,NaN,0.0,0.0,0.0,0.0,0.0,0.0
269803102,345.5,245.83333,-14.238096,285.47906,NaN,NaN,0.0,0.0,0.0,532.025,544.7011,1.8108695,455.3268,NaN,NaN,0.0,0.0,0.0
071625107,243.32335,173.15666,-10.023812,0.0,0.0,0.0,0.0,0.0,0.0,212.87213,206.81749,-0.8649488,0.0,0.0,0.0,0.0,0.0,0.0
279862106,247.3425,15.440001,-28.987812,0.0,0.0,0.0,0.0,0.0,0.0,1935.7762,1862.2351,-9.192642,0.0,0.0,0.0,0.0,0.0,0.0
280875303,436.62,391.59,-6.432857,489.22498,394.21,-13.573569,198.90334,NaN,NaN,44.858753,45.07375,0.030713763,91.839096,101.36583,1.3609619,111.120255,NaN,NaN
281067306,211.39667,93.880005,-16.788095,200.12,NaN,NaN,100.505005,98.15,-0.33642906,253.09564,257.05914,0.56621444,276.39185,NaN,NaN,259.56235,278.62357,2.7230313
26874E107,230.19,127.505005,-14.669286,0.0,0.0,0.0,0.0,0.0,0.0,281.88248,79.18667,-28.956543,0.0,0.0,0.0,0.0,0.0,0.0
291087203,23.21,4.09,-2.7314284,0.0,0.0,0.0,59.23,40.24,-2.7128568,1328.2985,1471.3518,20.436192,0.0,0.0,0.0,1436.3524,1302.9543,-19.056868
29255U104,973.5533,404.785,-81.25262,0.0,0.0,0.0,0.0,0.0,0.0,81.19834,3.784,-11.059192,0.0,0.0,0.0,0.0,0.0,0.0
535763106,686.99,349.79996,-48.170006,0.0,0.0,0.0,0.0,0.0,0.0,181.93001,286.1322,14.886027,0.0,0.0,0.0,0.0,0.0,0.0
57685E200,79.60333,62.84,-2.3947618,0.0,0.0,0.0,0.0,0.0,0.0,351.31958,391.41165,5.727439,0.0,0.0,0.0,0.0,0.0,0.0
295866107,143.57,99.5,-6.2957153,55.64,NaN,NaN,0.0,0.0,0.0,192.40765,214.5792,3.1673627,287.04553,NaN,NaN,0.0,0.0,0.0
297862104,183.56,159.68333,-3.4109519,0.0,0.0,0.0,0.0,0.0,0.0,94.426834,78.8922,-2.219234,0.0,0.0,0.0,0.0,0.0,0.0
299209106,437.69998,396.3533,-5.9066687,760.33997,NaN,NaN,0.0,0.0,0.0,86.36918,96.83051,1.4944763,129.02763,NaN,NaN,0.0,0.0,0.0
300072105,145.41,184.91,5.642857,0.0,0.0,0.0,0.0,0.0,0.0,449.07092,539.68317,12.944606,0.0,0.0,0.0,0.0,0.0,0.0
302051206,552.87,427.285,-17.940714,0.0,0.0,0.0,984.5467,726.68,-36.8381,82.33009,80.8655,-0.20922743,0.0,0.0,0.0,136.12418,130.38536,-0.8198308
302088109,126.84333,1255.5133,161.23856,0.0,0.0,0.0,0.0,0.0,0.0,386.45477,360.13663,-3.759735,0.0,0.0,0.0,0.0,0.0,0.0
302723101,121.095,102.9,-2.5992856,123.134995,NaN,NaN,0.0,0.0,0.0,740.71716,914.3844,24.809605,640.53815,NaN,NaN,0.0,0.0,0.0
303698104,156.84666,318.48,23.090479,0.0,0.0,0.0,0.0,0.0,0.0,228.75465,257.4985,4.1062646,0.0,0.0,0.0,0.0,0.0,0.0
305560302,378.51,350.59335,-3.9880939,0.0,0.0,0.0,0.0,0.0,0.0,6080.955,5473.78,-86.73933,0.0,0.0,0.0,0.0,0.0,0.0
306075102,63.88667,58.33,-0.7938096,0.0,0.0,0.0,0.0,0.0,0.0,2855.4548,1895.0325,-137.2032,0.0,0.0,0.0,0.0,0.0,0.0
30701A106,174.43333,126.22,-6.887619,0.0,0.0,0.0,0.0,0.0,0.0,231.98508,348.86252,16.696777,0.0,0.0,0.0,0.0,0.0,0.0
313549404,3706.02,NaN,NaN,4553.76,NaN,NaN,2490.79,1946.575,-77.74501,708.27545,NaN,NaN,688.33105,NaN,NaN,955.1257,803.8309,-21.613543
315646109,107.51666,48.816666,-8.385714,0.0,0.0,0.0,0.0,0.0,0.0,2838.1968,2898.5706,8.6248255,0.0,0.0,0.0,0.0,0.0,0.0
317832103,73.015,54.74,-2.610714,0.0,0.0,0.0,0.0,0.0,0.0,155.51825,177.22554,3.1010416,0.0,0.0,0.0,0.0,0.0,0.0
317884203,132.91,NaN,NaN,0.0,0.0,0.0,0.0,0.0,0.0,451.94827,NaN,NaN,0.0,0.0,0.0,0.0,0.0,0.0
G3529X106,937.7067,1309.51,53.114754,0.0,0.0,0.0,0.0,0.0,0.0,4192.215,4050.979,-20.176548,0.0,0.0,0.0,0.0,0.0,0.0
339099103,202.65,203.26668,0.08809771,0.0,0.0,0.0,0.0,0.0,0.0,138.29668,152.6275,2.0472608,0.0,0.0,0.0,0.0,0.0,0.0
339130106,1001.45996,1572.7933,81.61906,0.0,0.0,0.0,0.0,0.0,0.0,363.97876,460.7738,13.827864,0.0,0.0,0.0,0.0,0.0,0.0
339756108,148.42,150.12666,0.2438093,0.0,0.0,0.0,0.0,0.0,0.0,208.01807,197.8836,-1.44778,0.0,0.0,0.0,0.0,0.0,0.0
34407T104,350.40665,122.03666,-32.624287,0.0,0.0,0.0,0.0,0.0,0.0,2243.0193,2661.1267,59.729633,0.0,0.0,0.0,0.0,0.0,0.0
344123203,24.85,NaN,NaN,0.0,0.0,0.0,0.0,0.0,0.0,11.525001,NaN,NaN,0.0,0.0,0.0,0.0,0.0,0.0
344155205,58.523335,73.65333,2.1614277,0.0,0.0,0.0,0.0,0.0,0.0,4081.2463,3955.5212,-17.960728,0.0,0.0,0.0,0.0,0.0,0.0
345206205,240.34001,262.77335,3.204762,0.0,0.0,0.0,255.01501,NaN,NaN,342.69852,346.5423,0.5491115,0.0,0.0,0.0,582.35657,NaN,NaN
34659D104,50.405,51.34667,0.13452421,0.0,0.0,0.0,0.0,0.0,0.0,123.28156,134.31651,1.5764215,0.0,0.0,0.0,0.0,0.0,0.0
349841304,158.20332,123.22333,-4.9971423,249.995,97.8,-30.439,83.39667,62.39,-3.0009525,2.1314287,3.3149998,0.16908158,4.226667,5.1733336,0.18933335,10.674999,12.99,0.33071437
302543103,215.345,380.81,23.637857,0.0,0.0,0.0,0.0,0.0,0.0,45.475628,56.616592,1.5915663,0.0,0.0,0.0,0.0,0.0,0.0
358321206,273.995,223.19334,-7.2573786,48.43,NaN,NaN,0.0,0.0,0.0,308.42395,345.36005,5.276585,368.27414,NaN,NaN,0.0,0.0,0.0
358430106,228.30334,335.19003,15.2695265,0.0,0.0,0.0,0.0,0.0,0.0,228.56253,272.68427,6.303105,0.0,0.0,0.0,0.0,0.0,0.0
359059102,273.09668,320.37,6.7533307,0.0,0.0,0.0,0.0,0.0,0.0,2689.5525,2408.741,-40.115932,0.0,0.0,0.0,0.0,0.0,0.0
359076106,309.78,NaN,NaN,0.0,0.0,0.0,0.0,0.0,0.0,300.27667,NaN,NaN,0.0,0.0,0.0,0.0,0.0,0.0
G3682L105,758.76337,654.23334,-14.932861,689.045,NaN,NaN,0.0,0.0,0.0,49.78231,44.278664,-0.7862353,89.36834,NaN,NaN,0.0,0.0,0.0
36352K103,169.32666,90.329994,-11.285238,0.0,0.0,0.0,0.0,0.0,0.0,75.08689,55.75637,-2.761503,0.0,0.0,0.0,0.0,0.0,0.0
368145108,233.23332,94.96,-19.75333,0.0,0.0,0.0,143.79333,83.71,-8.583334,315.01666,183.417,-18.799952,0.0,0.0,0.0,200.59,206.34502,0.82214576
36155Q109,241.97998,196.09999,-6.554284,140.75,NaN,NaN,0.0,0.0,0.0,75.80413,73.53625,-0.32398334,95.021675,NaN,NaN,0.0,0.0,0.0
370054207,-1.0133337,-93.215,-13.171666,0.0,0.0,0.0,0.0,0.0,0.0,198.08107,258.4554,8.624907,0.0,0.0,0.0,0.0,0.0,0.0
37045V100,50176.62,20340.01,-4262.373,NaN,140437.1,NaN,34999.06,36567.23,224.02455,32684.55,22618.432,-1438.017,NaN,20449.1,NaN,4865.3647,4124.8657,-105.785576
64015Y104,675.32,652.6633,-3.236668,0.0,0.0,0.0,687.11,717.56,4.350002,461.7754,549.8372,12.580261,0.0,0.0,0.0,1174.7852,1186.8268,1.7202322
372257105,163.99666,131.25667,-4.6771417,0.0,0.0,0.0,95.37333,NaN,NaN,420.47134,534.66565,16.313473,0.0,0.0,0.0,720.85913,NaN,NaN
372282103,86.69,68.58,-2.587143,0.0,0.0,0.0,0.0,0.0,0.0,130.12242,159.13184,4.144202,0.0,0.0,0.0,0.0,0.0,0.0
37245X203,280.88,167.36,-16.217144,0.0,0.0,0.0,0.0,0.0,0.0,646.29285,736.11914,12.832328,0.0,0.0,0.0,0.0,0.0,0.0
37248E202,2384.41,-160.32,-363.53287,0.0,0.0,0.0,0.0,0.0,0.0,319.1694,336.50305,2.4762356,0.0,0.0,0.0,0.0,0.0,0.0
373654102,128.72334,47.059998,-11.666192,236.26,NaN,NaN,0.0,0.0,0.0,1656.552,2014.3727,51.11724,1980.0652,NaN,NaN,0.0,0.0,0.0
G3930E101,904.04004,497.33667,-58.100483,1342.3766,935.11743,-33.938263,116.49,77.035,-5.636428,212.78596,248.99483,5.1726947,235.62437,191.60985,-3.6678772,204.51639,211.42036,0.98628235
37941P306,144.94667,NaN,NaN,0.0,0.0,0.0,0.0,0.0,0.0,668.60425,NaN,NaN,0.0,0.0,0.0,0.0,0.0,0.0
37936U104,885.37665,85.53,-114.26381,0.0,0.0,0.0,0.0,0.0,0.0,4089.675,4081.2495,-1.2036482,0.0,0.0,0.0,0.0,0.0,0.0
G3930H104,667.12665,NaN,NaN,0.0,0.0,0.0,0.0,0.0,0.0,5180.643,NaN,NaN,0.0,0.0,0.0,0.0,0.0,0.0
64050T101,79.65667,-35.45,-16.443811,0.0,0.0,0.0,0.0,0.0,0.0,428.06125,312.6617,-16.485647,0.0,0.0,0.0,0.0,0.0,0.0
380804203,45.39333,-9.71,-7.871904,0.0,0.0,0.0,0.0,0.0,0.0,352.07376,368.06393,2.2843106,0.0,0.0,0.0,0.0,0.0,0.0
383485109,114.27,NaN,NaN,0.0,0.0,0.0,0.0,0.0,0.0,3598.652,NaN,NaN,0.0,0.0,0.0,0.0,0.0,0.0
384632105,228.06999,NaN,NaN,0.0,0.0,0.0,0.0,0.0,0.0,161.32738,NaN,NaN,0.0,0.0,0.0,0.0,0.0,0.0
386532402,162.76332,4.516666,-22.606665,0.0,0.0,0.0,428.72668,229.78,-28.420956,612.42755,712.39655,14.281285,0.0,0.0,0.0,816.69006,927.7847,15.8706665
390064103,943.46,557.52,-55.134285,0.0,0.0,0.0,960.00665,827.875,-18.87595,2094.6248,1784.9377,-44.241,0.0,0.0,0.0,447.88425,391.1731,-8.101593
36191C205,212.19331,145.40999,-9.540475,0.0,0.0,0.0,0.0,0.0,0.0,409.26706,333.8296,-10.776781,0.0,0.0,0.0,0.0,0.0,0.0
361942105,40.850002,-48.416668,-12.752381,0.0,0.0,0.0,0.0,0.0,0.0,3987.8596,4174.837,26.711042,0.0,0.0,0.0,0.0,0.0,0.0
401794201,262.8,144.41,-16.912855,0.0,0.0,0.0,0.0,0.0,0.0,89.54,80.5375,-1.2860718,0.0,0.0,0.0,0.0,0.0,0.0
047620109,139.26332,140.67665,0.2019043,131.04001,NaN,NaN,0.0,0.0,0.0,457.48962,481.2486,3.3941388,498.82556,NaN,NaN,0.0,0.0,0.0
404429102,208.68,277.91498,9.890712,0.0,0.0,0.0,0.0,0.0,0.0,97.95333,146.5425,6.9413095,0.0,0.0,0.0,0.0,0.0,0.0
409900107,114.05,NaN,NaN,0.0,0.0,0.0,0.0,0.0,0.0,673.1999,NaN,NaN,0.0,0.0,0.0,0.0,0.0,0.0
481165108,1281.51,1039.4,-34.58714,1053.975,NaN,NaN,594.23,588.93665,-0.7561907,NaN,NaN,NaN,NaN,NaN,NaN,NaN,NaN,NaN
417119104,178.12334,192.26001,2.0195248,0.0,0.0,0.0,376.81998,376.14,-0.09713745,228.75465,257.49854,4.106269,0.0,0.0,0.0,81.64406,76.26866,-0.7679138
417434503,222.09,165.13,-8.137141,0.0,0.0,0.0,245.29668,NaN,NaN,57.155174,63.966995,0.9731173,0.0,0.0,0.0,55.276882,NaN,NaN
419879101,149.98332,141.73666,-1.178094,33.127502,1.32,-3.534167,308.84665,281.53998,-3.900953,2036.1595,2230.8347,27.81074,2202.889,2491.0005,32.012398,2692.3599,2568.2212,-17.734097
420781304,590.695,388.32333,-28.910238,0.0,0.0,0.0,826.73,874.96,6.890006,981.4154,898.15015,-11.895037,0.0,0.0,0.0,677.7428,811.7646,19.14597
670198100,111.88999,13.805,-14.012141,0.0,0.0,0.0,90.4,77.285,-1.8735712,1501.0658,1604.8021,14.819475,0.0,0.0,0.0,2451.0295,2182.0212,-38.429756
422660936,433.79,NaN,NaN,0.0,0.0,0.0,0.0,0.0,0.0,1259.872,NaN,NaN,0.0,0.0,0.0,0.0,0.0,0.0
422893107,658.47003,635.31335,-3.3080966,0.0,0.0,0.0,0.0,0.0,0.0,88.48778,112.597984,3.4443152,0.0,0.0,0.0,0.0,0.0,0.0
428291108,205.69331,176.00334,-4.2414246,168.025,145.09,-4.5869994,92.1,249.34,22.462856,492.71786,1200.0905,101.05322,1261.9503,1247.9149,-2.80708,1232.7189,1336.2788,14.794276
430771105,179.86499,89.93,-12.847856,0.0,0.0,0.0,0.0,0.0,0.0,138.72415,172.17291,4.778394,0.0,0.0,0.0,0.0,0.0,0.0
431692102,289.435,267.53,-3.1292856,514.27997,571.4125,5.7132506,440.21335,411.37668,-4.1195245,464.51456,586.0388,17.36061,702.64685,724.4991,2.1852233,914.3844,640.53827,-39.120876
433245107,52.073334,NaN,NaN,0.0,0.0,0.0,0.0,0.0,0.0,200.12315,NaN,NaN,0.0,0.0,0.0,0.0,0.0,0.0
441759107,202.12666,164.00334,-5.446189,212.31,143.78,-9.79,58.105,NaN,NaN,68.80164,113.68363,6.4117126,250.7666,292.10776,5.9058795,252.3179,NaN,NaN
404269201,NaN,108.011246,NaN,181.03,174.57,-1.2919983,109.22333,NaN,NaN,NaN,766.0733,NaN,404.62573,416.3012,2.3350952,369.47192,NaN,NaN
444356109,117.30666,NaN,NaN,0.0,0.0,0.0,0.0,0.0,0.0,186.66502,NaN,NaN,0.0,0.0,0.0,0.0,0.0,0.0
81169P101,182.15666,195.89667,1.962858,0.0,0.0,0.0,NaN,109.555,NaN,656.6648,656.8815,0.030953543,0.0,0.0,0.0,NaN,1036.0013,NaN
868447103,-3686.9333,-3448.065,34.124058,0.0,0.0,0.0,NaN,345.68,NaN,4208.3413,6134.956,275.23068,0.0,0.0,0.0,NaN,1330.3715,NaN
45255G101,100.96334,118.43,2.495237,0.0,0.0,0.0,0.0,0.0,0.0,174.8761,209.17113,4.8992896,0.0,0.0,0.0,0.0,0.0,0.0
453096208,432.41,353.35,-11.294286,0.0,0.0,0.0,NaN,200.46,NaN,497.43268,592.3196,13.555272,0.0,0.0,0.0,NaN,689.736,NaN
45321T202,255.7,-124.12667,-54.260952,0.0,0.0,0.0,0.0,0.0,0.0,362.34317,245.62358,-16.674227,0.0,0.0,0.0,0.0,0.0,0.0
45772G105,91.65,52.82,-5.547143,0.0,0.0,0.0,0.0,0.0,0.0,247.2475,192.49712,-7.821483,0.0,0.0,0.0,0.0,0.0,0.0
45811E301,236.71333,124.83,-15.983333,0.0,0.0,0.0,160.04,NaN,NaN,521.56,159.36833,-51.741665,0.0,0.0,0.0,152.86888,NaN,NaN
45812C106,1266.8533,620.06494,-92.39833,0.0,0.0,0.0,0.0,0.0,0.0,234.53809,309.8454,10.758187,0.0,0.0,0.0,0.0,0.0,0.0
45881K104,274.64502,214.01,-8.662147,0.0,0.0,0.0,0.0,0.0,0.0,NaN,NaN,NaN,0.0,0.0,0.0,0.0,0.0,0.0
459004404,50.11334,39.516666,-1.5138103,16.13,NaN,NaN,0.0,0.0,0.0,178.41505,240.77693,8.908839,262.90167,NaN,NaN,0.0,0.0,0.0
45950T101,90.51,85.385,-0.73214287,0.0,0.0,0.0,0.0,0.0,0.0,155.09631,147.46825,-1.0897238,0.0,0.0,0.0,0.0,0.0,0.0
46072H108,576.725,587.92,1.5992868,0.0,0.0,0.0,0.0,0.0,0.0,191.32079,211.50085,2.882867,0.0,0.0,0.0,0.0,0.0,0.0
45031T872,197.47002,87.06333,-15.772384,326.29,NaN,NaN,NaN,212.285,NaN,4192.215,4050.979,-20.176548,3345.535,NaN,NaN,NaN,3546.5366,NaN
469834105,81.27,79.87,-0.19999912,0.0,0.0,0.0,0.0,0.0,0.0,3736.0493,3637.7896,-14.037109,0.0,0.0,0.0,0.0,0.0,0.0
470737107,172.51666,152.00667,-2.929999,213.055,204.98001,-1.6149963,0.0,0.0,0.0,724.20575,713.44226,-1.5376413,797.828,1045.6958,49.57356,0.0,0.0,0.0
46611Q403,92.666664,58.03,-4.948095,0.0,0.0,0.0,0.0,0.0,0.0,328.76318,364.26505,5.0716944,0.0,0.0,0.0,0.0,0.0,0.0
477066203,83.56333,NaN,NaN,0.0,0.0,0.0,0.0,0.0,0.0,35.28666,NaN,NaN,0.0,0.0,0.0,0.0,0.0,0.0
481138105,231.71,NaN,NaN,0.0,0.0,0.0,0.0,0.0,0.0,1464.8956,NaN,NaN,0.0,0.0,0.0,0.0,0.0,0.0
481386100,151.67001,69.82667,-11.691907,0.0,0.0,0.0,0.0,0.0,0.0,252.3179,320.08383,9.680847,0.0,0.0,0.0,0.0,0.0,0.0
48213P106,210.955,294.24332,11.898331,0.0,0.0,0.0,0.0,0.0,0.0,290.82852,314.57236,3.3919766,0.0,0.0,0.0,0.0,0.0,0.0
29084Q100,1099.0533,244.39333,-122.09429,0.0,0.0,0.0,NaN,327.4,NaN,4.4874997,4.9424996,0.06499999,0.0,0.0,0.0,NaN,7.458334,NaN
483007704,NaN,1050.22,NaN,0.0,0.0,0.0,298.37,461.36,23.284285,NaN,2629.7344,NaN,0.0,0.0,0.0,4089.5012,4476.8438,55.33465
485808109,99.00666,NaN,NaN,0.0,0.0,0.0,0.0,0.0,0.0,416.2577,NaN,NaN,0.0,0.0,0.0,0.0,0.0,0.0
482434206,99.24334,-64.39,-23.37619,117.02,NaN,NaN,87.90667,46.775,-5.8759527,346.5423,389.43732,6.12786,468.46762,NaN,NaN,836.9084,1079.4174,34.64414
482455102,NaN,149.91,NaN,0.0,0.0,0.0,0.0,0.0,0.0,NaN,766.0723,NaN,0.0,0.0,0.0,0.0,0.0,0.0
488035106,131.93001,121.31,-1.5171443,0.0,0.0,0.0,0.0,0.0,0.0,106.57154,116.264275,1.3846762,0.0,0.0,0.0,0.0,0.0,0.0
492716105,71.81333,46.075,-3.6769044,0.0,0.0,0.0,0.0,0.0,0.0,39.144005,56.648746,2.5006773,0.0,0.0,0.0,0.0,0.0,0.0
494521305,76.31,73.22667,-0.44047546,0.0,0.0,0.0,172.43,202.35333,4.2747626,3.7699995,5.32375,0.22196436,0.0,0.0,0.0,11.363334,16.157145,0.6848301
498326206,281.47,297.64502,2.3107169,0.0,0.0,0.0,0.0,0.0,0.0,197.88371,236.48836,5.5149493,0.0,0.0,0.0,0.0,0.0,0.0
812350106,6671.1333,6187.4766,-69.09382,6855.71,NaN,NaN,3028.8367,4117.425,155.51259,412.33362,361.334,-7.2856574,364.07977,NaN,NaN,1405.9445,1097.6075,-44.04813
500453204,123.42999,120.829994,-0.37142834,0.0,0.0,0.0,100.67,149.73001,7.008573,651.7075,574.26,-11.06393,0.0,0.0,0.0,613.355,625.65,1.7564348
505606103,138.99333,103.60667,-5.055238,0.0,0.0,0.0,0.0,0.0,0.0,390.42035,497.47986,15.294215,0.0,0.0,0.0,0.0,0.0,0.0
51808R206,326.34335,NaN,NaN,0.0,0.0,0.0,0.0,0.0,0.0,405.46378,NaN,NaN,0.0,0.0,0.0,0.0,0.0,0.0
521863308,432.97336,44.63,-55.477623,0.0,0.0,0.0,NaN,944.245,NaN,5976.7676,6823.4116,120.94915,0.0,0.0,0.0,NaN,8515.9375,NaN
521865204,2565.75,1529.19,-148.08,0.0,0.0,0.0,NaN,3603.605,NaN,1444.2544,1506.5656,8.901594,0.0,0.0,0.0,NaN,809.9887,NaN
521098202,88.04667,NaN,NaN,0.0,0.0,0.0,0.0,0.0,0.0,24.26375,NaN,NaN,0.0,0.0,0.0,0.0,0.0,0.0
526262100,127.166664,155.4,4.033333,0.0,0.0,0.0,0.0,0.0,0.0,NaN,NaN,NaN,0.0,0.0,0.0,0.0,0.0,0.0
B5628B104,244.87,780.81006,76.56287,0.0,0.0,0.0,0.0,0.0,0.0,110.846985,193.09422,11.749605,0.0,0.0,0.0,0.0,0.0,0.0
527016109,200.86334,172.37,-4.070478,245.915,158.52333,-5.461979,38.873333,41.315002,0.34880993,213.59485,305.88855,13.184814,228.54884,189.73196,-2.426055,198.8002,243.4979,6.3853846
527482103,106.5,97.72333,-1.2538103,0.0,0.0,0.0,0.0,0.0,0.0,74.37167,82.38846,1.145255,0.0,0.0,0.0,0.0,0.0,0.0
530129204,291.82333,NaN,NaN,0.0,0.0,0.0,0.0,0.0,0.0,290.85394,NaN,NaN,0.0,0.0,0.0,0.0,0.0,0.0
536257108,146.89499,131.54,-2.1935709,124.35667,NaN,NaN,208.39,124.72,-11.952857,759.76636,937.981,25.459238,782.4257,NaN,NaN,386.76,344.1082,-6.0931177
538032400,211.37,129.50667,-11.694761,0.0,0.0,0.0,119.253334,60.4,-8.4076185,57.179127,68.98354,1.6863452,0.0,0.0,0.0,88.07269,110.28709,3.1734848
54021P403,295.99667,222.14333,-10.550478,0.0,0.0,0.0,148.32666,175.64,3.9019055,627.5436,597.4496,-4.299142,0.0,0.0,0.0,602.22406,948.26526,49.434456
014383103,1651.1866,1559.2666,-13.131434,2517.6965,NaN,NaN,1432.9132,1335.3601,-13.936157,439.56104,601.47015,23.129873,721.8316,NaN,NaN,579.2222,604.9799,3.67967
540423100,637.22003,542.80664,-13.487627,0.0,0.0,0.0,0.0,0.0,0.0,76.56317,76.752266,0.027013507,0.0,0.0,0.0,0.0,0.0,0.0
542290408,776.95,484.6467,-41.757618,689.42,650.44006,-2.9984553,NaN,263.74,NaN,209.61873,466.4815,36.694683,475.2189,402.75476,-5.574165,NaN,282.81848,NaN
543881106,986.92334,190.82332,-113.72858,0.0,0.0,0.0,805.44336,NaN,NaN,519.88245,640.07764,17.170742,0.0,0.0,0.0,1018.55786,NaN,NaN
501921100,3038.0469,3535.0696,71.00324,5045.698,4839.8853,-7.622703,3749.423,3604.93,-20.64188,761.8814,937.8403,25.13698,283.85458,362.63113,2.91765,429.95844,511.68997,11.675934
552078107,5449.93,NaN,NaN,0.0,0.0,0.0,0.0,0.0,0.0,589.2903,NaN,NaN,0.0,0.0,0.0,0.0,0.0,0.0
559211305,343.28,405.39502,8.873574,0.0,0.0,0.0,0.0,0.0,0.0,429.77194,436.68628,0.98776245,0.0,0.0,0.0,0.0,0.0,0.0
478129109,NaN,1884.44,NaN,2323.93,2138.96,-10.880587,0.0,0.0,0.0,NaN,116.689735,NaN,198.81647,262.53058,3.7478888,0.0,0.0,0.0
566244109,224.71999,4066.01,548.75574,0.0,0.0,0.0,0.0,0.0,0.0,51.257233,61.61053,1.4790426,0.0,0.0,0.0,0.0,0.0,0.0
568695209,NaN,150.34334,NaN,106.007996,139.8,2.8160007,0.0,0.0,0.0,NaN,256.05826,NaN,235.92781,192.0493,-3.6565425,0.0,0.0,0.0
573913100,347.38,381.04666,4.809522,409.13,NaN,NaN,143.445,NaN,NaN,173.42458,195.70197,3.1824841,190.91956,NaN,NaN,254.87268,NaN,NaN
582266706,428.12668,99.87,-46.89381,0.0,0.0,0.0,0.0,0.0,0.0,3456.601,4274.481,116.83998,0.0,0.0,0.0,0.0,0.0,0.0
55270M108,194.01001,190.74,-0.46714348,0.0,0.0,0.0,0.0,0.0,0.0,206.22293,229.45882,3.3194122,0.0,0.0,0.0,0.0,0.0,0.0
58461Q409,103.76,NaN,NaN,0.0,0.0,0.0,0.0,0.0,0.0,60.33716,NaN,NaN,0.0,0.0,0.0,0.0,0.0,0.0
584951107,44.273335,63.493332,2.745714,0.0,0.0,0.0,0.0,0.0,0.0,553.2009,597.60175,6.342974,0.0,0.0,0.0,0.0,0.0,0.0
590436101,214.45332,239.47668,3.574766,298.01752,NaN,NaN,0.0,0.0,0.0,228.9998,225.81914,-0.45438057,253.35371,NaN,NaN,0.0,0.0,0.0
590479101,231.27998,383.65,21.767145,0.0,0.0,0.0,0.0,0.0,0.0,1886.1901,1670.3741,-30.830845,0.0,0.0,0.0,0.0,0.0,0.0
591324207,396.77002,326.82333,-9.992384,0.0,0.0,0.0,145.83,213.535,9.672143,395.7516,186.00897,-29.96323,0.0,0.0,0.0,213.56183,276.6808,9.0169935
591596101,318.71667,586.88,38.309048,0.0,0.0,0.0,0.0,0.0,0.0,23.643335,4.32875,-2.7592263,0.0,0.0,0.0,0.0,0.0,0.0
00374N107,1869.7035,2482.8,87.58522,0.0,0.0,0.0,0.0,0.0,0.0,362.34317,245.62346,-16.674244,0.0,0.0,0.0,0.0,0.0,0.0
552813107,76.736664,-26.193335,-14.704286,0.0,0.0,0.0,0.0,0.0,0.0,237.29468,241.66016,0.62363976,0.0,0.0,0.0,0.0,0.0,0.0
594517104,78.27,56.35667,-3.1304753,0.0,0.0,0.0,0.0,0.0,0.0,133.76144,175.57153,5.97287,0.0,0.0,0.0,0.0,0.0,0.0
598126100,89.50666,107.94,2.6333346,0.0,0.0,0.0,0.0,0.0,0.0,2031.1539,2024.3508,-0.9718715,0.0,0.0,0.0,0.0,0.0,0.0
598130102,178.17668,203.23334,3.5795224,249.12,NaN,NaN,0.0,0.0,0.0,905.153,1006.61505,14.494576,1169.4192,NaN,NaN,0.0,0.0,0.0
598709301,193.07335,NaN,NaN,0.0,0.0,0.0,0.0,0.0,0.0,649.1725,NaN,NaN,0.0,0.0,0.0,0.0,0.0,0.0
603669102,178.6675,20.89,-19.722187,0.0,0.0,0.0,0.0,0.0,0.0,97.46582,105.27068,0.9756079,0.0,0.0,0.0,0.0,0.0,0.0
605288208,218.39001,221.005,0.37357002,0.0,0.0,0.0,0.0,0.0,0.0,603.64655,602.11786,-0.21838379,0.0,0.0,0.0,0.0,0.0,0.0
553100108,132.54,130.60667,-0.27618843,22.42,NaN,NaN,0.0,0.0,0.0,40.98375,19.360003,-3.0891068,3.08875,NaN,NaN,0.0,0.0,0.0
607415106,202.79501,461.45,36.950714,0.0,0.0,0.0,0.0,0.0,0.0,1745.9537,1647.7545,-14.02846,0.0,0.0,0.0,0.0,0.0,0.0
60886R103,268.46667,245.28,-3.3123822,0.0,0.0,0.0,0.0,0.0,0.0,33738.11,25722.322,-1145.1124,0.0,0.0,0.0,0.0,0.0,0.0
618447106,756.2734,328.37668,-61.1281,0.0,0.0,0.0,0.0,0.0,0.0,118.107864,138.11188,2.857716,0.0,0.0,0.0,0.0,0.0,0.0
624581203,80.75667,-156.45332,-33.887142,0.0,0.0,0.0,0.0,0.0,0.0,605.1563,618.89374,1.9624895,0.0,0.0,0.0,0.0,0.0,0.0
553166109,39.350002,108.92,9.93857,0.0,0.0,0.0,0.0,0.0,0.0,339.77972,361.8442,3.152069,0.0,0.0,0.0,0.0,0.0,0.0
62473L309,447.19003,105.42999,-48.822865,0.0,0.0,0.0,NaN,53.89,NaN,4192.215,4050.979,-20.176548,0.0,0.0,0.0,NaN,3456.601,NaN
635570500,134.90001,116.113335,-2.6838107,177.485,NaN,NaN,109.41333,119.315,1.4145247,956.6599,1196.9292,34.324184,974.98004,NaN,NaN,2107.871,1665.9608,-63.13004
635812209,72.35,-5.529999,-11.125714,0.0,0.0,0.0,0.0,0.0,0.0,334.0495,357.49817,3.34981,0.0,0.0,0.0,0.0,0.0,0.0
640820106,192.56667,85.85,-15.245238,0.0,0.0,0.0,0.0,0.0,0.0,609.8542,880.09247,38.60547,0.0,0.0,0.0,0.0,0.0,0.0
638588103,365.00333,296.41,-9.7990465,0.0,0.0,0.0,0.0,0.0,0.0,426.43686,521.22504,13.541168,0.0,0.0,0.0,0.0,0.0,0.0
64122D506,212.04001,149.775,-8.895002,0.0,0.0,0.0,0.0,0.0,0.0,4038.8508,4188.4043,21.36478,0.0,0.0,0.0,0.0,0.0,0.0
641881107,67.98,25.955002,-6.0035715,0.0,0.0,0.0,0.0,0.0,0.0,269.16144,320.01547,7.264862,0.0,0.0,0.0,0.0,0.0,0.0
655053106,214.37334,302.51,12.590953,0.0,0.0,0.0,0.0,0.0,0.0,342.5158,378.4174,5.128797,0.0,0.0,0.0,0.0,0.0,0.0
656568508,6524.686,4519.3633,-286.47467,0.0,0.0,0.0,1550.7334,1789.275,34.077374,1013.35126,940.9532,-10.342582,0.0,0.0,0.0,45.72677,42.2168,-0.50142395
666610100,261.445,148.68,-16.109287,0.0,0.0,0.0,0.0,0.0,0.0,251.68715,345.63113,13.420569,0.0,0.0,0.0,0.0,0.0,0.0
667280408,3221.0066,2750.0432,-67.28048,0.0,0.0,0.0,7830.877,NaN,NaN,2171.6992,2559.4849,55.39795,0.0,0.0,0.0,2367.4688,NaN,NaN
668367204,140.39,NaN,NaN,0.0,0.0,0.0,0.0,0.0,0.0,761.8816,NaN,NaN,0.0,0.0,0.0,0.0,0.0,0.0
67019U101,350.59668,221.90999,-18.383814,0.0,0.0,0.0,0.0,0.0,0.0,5828.698,6623.1895,113.49874,0.0,0.0,0.0,0.0,0.0,0.0
69367F108,8267.707,2601.87,-809.4053,0.0,0.0,0.0,0.0,0.0,0.0,4192.215,4050.9807,-20.176304,0.0,0.0,0.0,0.0,0.0,0.0
669935108,113.32,49.853333,-9.066667,0.0,0.0,0.0,0.0,0.0,0.0,859.96924,884.3335,3.4806082,0.0,0.0,0.0,0.0,0.0,0.0
62944T105,494.87338,417.61667,-11.036674,550.42004,473.0,-15.484009,184.69,175.76,-1.2757155,271.11548,231.25491,-5.6943665,246.52328,244.67224,-0.37020874,204.31738,165.30325,-5.573447
674098207,365.55002,308.72,-8.118574,0.0,0.0,0.0,0.0,0.0,0.0,331.69086,286.40567,-6.469312,0.0,0.0,0.0,0.0,0.0,0.0
67083Q101,318.98,NaN,NaN,0.0,0.0,0.0,0.0,0.0,0.0,41.002354,NaN,NaN,0.0,0.0,0.0,0.0,0.0,0.0
677007205,160.54333,175.92,2.1966662,0.0,0.0,0.0,0.0,0.0,0.0,323.62125,378.29633,7.8107257,0.0,0.0,0.0,0.0,0.0,0.0
682505102,198.74,NaN,NaN,0.0,0.0,0.0,0.0,0.0,0.0,25.055,NaN,NaN,0.0,0.0,0.0,0.0,0.0,0.0
686285503,485.72,414.3833,-10.190957,630.11,NaN,NaN,245.37,130.605,-16.395,868.6307,804.58594,-9.149248,770.1546,NaN,NaN,729.35065,463.2667,-38.011993
686588104,107.02334,NaN,NaN,0.0,0.0,0.0,0.0,0.0,0.0,1071.2804,NaN,NaN,0.0,0.0,0.0,0.0,0.0,0.0
690020102,NaN,490.81,NaN,0.0,0.0,0.0,0.0,0.0,0.0,NaN,803.8969,NaN,0.0,0.0,0.0,0.0,0.0,0.0
690742101,1839.02,2248.4832,58.49473,3787.1348,NaN,NaN,2792.0134,2823.13,4.445208,83.83836,36.09097,-6.8210564,44.097137,NaN,NaN,115.603004,131.87099,2.3239975
694327107,138.9,190.03667,7.305239,0.0,0.0,0.0,0.0,0.0,0.0,4231.691,4089.675,-20.287981,0.0,0.0,0.0,0.0,0.0,0.0
695542100,-166.09999,-400.31665,-33.459522,0.0,0.0,0.0,0.0,0.0,0.0,2077.342,4260.9194,311.93964,0.0,0.0,0.0,0.0,0.0,0.0
696639103,78.52,58.460003,-2.8657134,0.0,0.0,0.0,0.0,0.0,0.0,76.53399,62.95,-1.9405698,0.0,0.0,0.0,0.0,0.0,0.0
697757102,1172.57,872.05664,-42.930473,1434.17,NaN,NaN,0.0,0.0,0.0,905.153,1006.61505,14.494576,1169.4192,NaN,NaN,0.0,0.0,0.0
698891108,108.263336,56.05,-7.4590483,0.0,0.0,0.0,0.0,0.0,0.0,1283.873,1057.7563,-32.302387,0.0,0.0,0.0,0.0,0.0,0.0
69912K206,191.68666,192.28667,0.08571516,258.76498,NaN,NaN,0.0,0.0,0.0,228.18578,244.63261,2.3495483,352.80685,NaN,NaN,0.0,0.0,0.0
704378405,501.03333,510.61667,1.3690491,0.0,0.0,0.0,0.0,0.0,0.0,822.51605,1092.674,38.593987,0.0,0.0,0.0,0.0,0.0,0.0
70556K106,335.11667,102.55666,-33.22286,0.0,0.0,0.0,0.0,0.0,0.0,192.62633,191.97585,-0.092926025,0.0,0.0,0.0,0.0,0.0,0.0
707832309,306.475,266.755,-5.674286,0.0,0.0,0.0,434.995,343.80002,-13.027854,1245.0465,1069.262,-25.112078,0.0,0.0,0.0,834.03705,1131.7418,42.529255
709620108,94.12333,96.45,0.3323811,0.0,0.0,0.0,0.0,0.0,0.0,78.40072,76.71385,-0.24098097,0.0,0.0,0.0,0.0,0.0,0.0
71366Q200,1145.2032,570.95996,-82.03475,0.0,0.0,0.0,0.0,0.0,0.0,242.84686,259.88406,2.4338858,0.0,0.0,0.0,0.0,0.0,0.0
716769203,42.42,-10.78,-7.5999994,67.868004,61.019997,-0.62254614,34.203335,31.259998,-0.42047665,70.24606,74.75034,0.64346856,79.46872,87.54173,0.7339103,121.98466,139.22043,2.462253
717113203,145.58998,112.48334,-4.7295203,0.0,0.0,0.0,0.0,0.0,0.0,603.2331,789.8933,26.665745,0.0,0.0,0.0,0.0,0.0,0.0
719151102,48.11333,46.263332,-0.2642855,0.0,0.0,0.0,0.0,0.0,0.0,1064.0271,898.23627,-23.684404,0.0,0.0,0.0,0.0,0.0,0.0
72147K108,1342.8933,942.9766,-57.130955,0.0,0.0,0.0,NaN,1029.97,NaN,195.88664,218.26112,3.1963544,0.0,0.0,0.0,NaN,136.21727,NaN
721506103,435.00333,375.36,-8.520477,0.0,0.0,0.0,0.0,0.0,0.0,12.912501,11.954999,-0.13678606,0.0,0.0,0.0,0.0,0.0,0.0
723643300,48.77,-6.2,-7.852857,0.0,0.0,0.0,0.0,0.0,0.0,628.0481,646.2891,2.6058612,0.0,0.0,0.0,0.0,0.0,0.0
72702Q102,360.3833,91.505005,-38.411186,0.0,0.0,0.0,0.0,0.0,0.0,172.1466,199.26144,3.8735483,0.0,0.0,0.0,0.0,0.0,0.0
731095105,681.75336,735.4,7.66381,0.0,0.0,0.0,0.0,0.0,0.0,979.85425,1043.7838,9.132795,0.0,0.0,0.0,0.0,0.0,0.0
731745204,260.6367,122.486664,-19.735718,0.0,0.0,0.0,0.0,0.0,0.0,231.424,261.17874,4.250678,0.0,0.0,0.0,0.0,0.0,0.0
732827100,151.29,264.34,16.15,0.0,0.0,0.0,0.0,0.0,0.0,725.36926,772.40497,6.7193866,0.0,0.0,0.0,0.0,0.0,0.0
741016307,6.2966666,NaN,NaN,0.0,0.0,0.0,0.0,0.0,0.0,278.62354,NaN,NaN,0.0,0.0,0.0,0.0,0.0,0.0
741917108,442.97336,520.705,11.104523,NaN,505.86,NaN,135.35,154.79001,2.7771432,69.369125,102.12711,4.679713,NaN,231.40561,NaN,172.70456,237.66959,9.280718
74342L105,145.14667,165.15,2.857618,0.0,0.0,0.0,0.0,0.0,0.0,50.817135,52.088566,0.181633,0.0,0.0,0.0,0.0,0.0,0.0
74437C101,563.78,-738.29,-186.01001,0.0,0.0,0.0,0.0,0.0,0.0,365.65005,404.21057,5.508645,0.0,0.0,0.0,0.0,0.0,0.0
747275105,54.010002,75.18,3.0242856,39.603336,NaN,NaN,0.0,0.0,0.0,292.19092,425.84204,19.093018,833.6967,NaN,NaN,0.0,0.0,0.0
749361200,195.00334,-21.556664,-30.937143,0.0,0.0,0.0,434.34335,NaN,NaN,3031.031,3917.1746,126.591934,0.0,0.0,0.0,3587.3896,NaN,NaN
749412102,139.43666,103.090004,-5.1923795,0.0,0.0,0.0,0.0,0.0,0.0,234.51183,203.04378,-4.495435,0.0,0.0,0.0,0.0,0.0,0.0
756268108,110.86666,125.64,2.110477,0.0,0.0,0.0,0.0,0.0,0.0,2206.5972,3410.7817,172.02637,0.0,0.0,0.0,0.0,0.0,0.0
756285102,13.326667,55.47,6.0204763,0.0,0.0,0.0,0.0,0.0,0.0,123.785614,143.6011,2.8307843,0.0,0.0,0.0,0.0,0.0,0.0
757209507,179.28333,53.76,-17.931904,0.0,0.0,0.0,168.75667,155.89,-1.8380955,280.1514,301.9491,3.113957,0.0,0.0,0.0,411.20557,438.01996,3.8306274
398189100,103.45334,42.106667,-8.76381,0.0,0.0,0.0,68.74,75.545,0.9721429,144.6024,139.69698,-0.70077515,0.0,0.0,0.0,124.70979,139.51033,2.1143625
761406107,NaN,305.3514,NaN,357.18,370.96753,1.2534124,129.09001,NaN,NaN,NaN,2284.3708,NaN,1176.711,1220.4929,3.980169,1237.685,NaN,NaN
74957T104,183.84666,-16.92,-28.680952,0.0,0.0,0.0,0.0,0.0,0.0,338.51044,392.9244,7.7734246,0.0,0.0,0.0,0.0,0.0,0.0
762430205,213.47668,75.56,-19.702383,0.0,0.0,0.0,0.0,0.0,0.0,386.45477,360.1368,-3.759709,0.0,0.0,0.0,0.0,0.0,0.0
779088103,273.91,NaN,NaN,0.0,0.0,0.0,0.0,0.0,0.0,941.27954,NaN,NaN,0.0,0.0,0.0,0.0,0.0,0.0
G7702U102,328.2667,179.6,-21.238098,0.0,0.0,0.0,0.0,0.0,0.0,4319.5215,4038.8508,-40.095806,0.0,0.0,0.0,0.0,0.0,0.0
794004200,70.71333,68.61667,-0.2995235,221.84,180.85335,-3.1528192,95.833336,89.32,-0.9304766,99.26438,132.11398,4.6928,43.45757,64.61761,1.6276952,73.44046,73.55404,0.016225543
795872100,NaN,104.82001,NaN,0.0,0.0,0.0,0.0,0.0,0.0,NaN,228.80383,NaN,0.0,0.0,0.0,0.0,0.0,0.0
811371707,622.3133,NaN,NaN,0.0,0.0,0.0,0.0,0.0,0.0,5553.3804,NaN,NaN,0.0,0.0,0.0,0.0,0.0,0.0
816074405,210.96667,139.16,-10.258096,0.0,0.0,0.0,0.0,0.0,0.0,358.37292,163.77599,-27.799562,0.0,0.0,0.0,0.0,0.0,0.0
817587108,636.68335,525.33,-15.9076185,807.8034,NaN,NaN,0.0,0.0,0.0,1230.332,1023.7751,-29.508135,939.5286,NaN,NaN,0.0,0.0,0.0
G80550109,90.79667,87.29,-0.5009526,0.0,0.0,0.0,0.0,0.0,0.0,741.0022,936.92114,27.98842,0.0,0.0,0.0,0.0,0.0,0.0
82967Y104,410.18668,357.28,-7.558097,0.0,0.0,0.0,0.0,0.0,0.0,365.58145,341.16504,-3.4880588,0.0,0.0,0.0,0.0,0.0,0.0
83001A102,389.0167,322.46335,-9.507621,0.0,0.0,0.0,NaN,1182.63,NaN,338.6225,265.33002,-10.470354,0.0,0.0,0.0,NaN,207.87341,NaN
78442T108,363.50668,228.27,-19.319525,0.0,0.0,0.0,0.0,0.0,0.0,163.27942,139.80217,-3.3538928,0.0,0.0,0.0,0.0,0.0,0.0
434149100,109.74,NaN,NaN,0.0,0.0,0.0,0.0,0.0,0.0,40.538292,NaN,NaN,0.0,0.0,0.0,0.0,0.0,0.0
83169A100,62.069996,148.465,12.342143,0.0,0.0,0.0,0.0,0.0,0.0,119.58119,166.8198,6.7483716,0.0,0.0,0.0,0.0,0.0,0.0
832110100,708.54,604.5467,-14.856184,712.95337,538.45,-24.92905,178.68,139.205,-5.6392846,284.57614,306.5178,3.1345215,346.0496,432.9338,12.412031,392.56113,439.89743,6.762329
83272A104,1982.1333,1367.1533,-87.85429,0.0,0.0,0.0,NaN,4016.795,NaN,3492.4675,2467.2236,-146.46341,0.0,0.0,0.0,NaN,3632.879,NaN
83546Q109,259.40332,106.756676,-21.806662,0.0,0.0,0.0,0.0,0.0,0.0,616.9585,660.79083,6.261762,0.0,0.0,0.0,0.0,0.0,0.0
836151209,474.77332,416.08002,-8.384757,0.0,0.0,0.0,0.0,0.0,0.0,82.03375,91.93251,1.4141083,0.0,0.0,0.0,0.0,0.0,0.0
84649R200,1218.6333,778.0633,-62.938572,536.56,NaN,NaN,NaN,466.89664,NaN,899.6852,898.4906,-0.1706543,671.2208,NaN,NaN,NaN,798.4359,NaN
84741Y103,298.83,219.82,-11.28714,0.0,0.0,0.0,0.0,0.0,0.0,2739.7046,2629.7344,-15.710031,0.0,0.0,0.0,0.0,0.0,0.0
84761M104,758.0534,140.06667,-88.28382,0.0,0.0,0.0,475.26,358.28,-16.71143,331.84933,216.1699,-16.525633,0.0,0.0,0.0,300.88107,262.06274,-5.5454755
847607108,-39.796665,-173.02,-19.031906,0.0,0.0,0.0,0.0,0.0,0.0,277.68652,406.94025,18.464817,0.0,0.0,0.0,0.0,0.0,0.0
84763R101,426.44003,8.984997,-59.636436,0.0,0.0,0.0,NaN,943.345,NaN,139.68156,183.54935,6.266826,0.0,0.0,0.0,NaN,121.030914,NaN
848457107,858.55,NaN,NaN,0.0,0.0,0.0,0.0,0.0,0.0,64.800514,NaN,NaN,0.0,0.0,0.0,0.0,0.0,0.0
85254C305,NaN,145.77333,NaN,0.0,0.0,0.0,259.43,299.20334,5.6819067,NaN,431.27216,NaN,0.0,0.0,0.0,522.14557,554.4059,4.6086164
853156206,60.800003,50.926666,-1.4104767,63.34,51.335,-2.4010003,61.96,1.8100001,-8.592856,261.14304,216.04529,-6.4425354,223.41751,207.77821,-3.1278596,62.129177,192.40765,18.61121
854923109,NaN,347.415,NaN,0.0,0.0,0.0,0.0,0.0,0.0,NaN,4038.8508,NaN,0.0,0.0,0.0,0.0,0.0,0.0
85569E103,60.196667,11.58,-6.9452386,0.0,0.0,0.0,0.0,0.0,0.0,405.46378,319.1694,-12.327767,0.0,0.0,0.0,0.0,0.0,0.0
857689103,146.56,NaN,NaN,0.0,0.0,0.0,0.0,0.0,0.0,796.8324,NaN,NaN,0.0,0.0,0.0,0.0,0.0,0.0
861572105,444.17,619.4067,25.03381,0.0,0.0,0.0,0.0,0.0,0.0,63.868248,67.19425,0.47514343,0.0,0.0,0.0,0.0,0.0,0.0
862111200,839.80664,696.60333,-20.457615,854.91797,784.27,-7.064795,357.43002,399.88,6.064283,38.033653,46.01971,1.1408653,44.025093,64.523384,2.049829,96.47899,96.10917,-0.052831378
86677E100,619.61005,189.31,-61.471436,0.0,0.0,0.0,0.0,0.0,0.0,205.9919,300.3789,13.483858,0.0,0.0,0.0,0.0,0.0,0.0
866881105,164.87,100.73,-9.162856,0.0,0.0,0.0,0.0,0.0,0.0,345.95346,345.0292,-0.13203648,0.0,0.0,0.0,0.0,0.0,0.0
86688Q100,421.20667,NaN,NaN,0.0,0.0,0.0,0.0,0.0,0.0,1464.8956,NaN,NaN,0.0,0.0,0.0,0.0,0.0,0.0
87163L103,129.32,NaN,NaN,0.0,0.0,0.0,0.0,0.0,0.0,4840.082,NaN,NaN,0.0,0.0,0.0,0.0,0.0,0.0
871839205,133.16501,73.29,-8.553573,0.0,0.0,0.0,0.0,0.0,0.0,97.06241,127.59634,4.3619895,0.0,0.0,0.0,0.0,0.0,0.0
873452304,113.659996,119.579994,0.84571403,93.39,15.83,-9.695,6.86,15.135,1.1821429,782.4939,1099.6523,45.30835,1299.0509,706.9117,-74.0174,631.223,511.15527,-17.152536
878415108,NaN,90.845,NaN,0.0,0.0,0.0,0.0,0.0,0.0,NaN,27.336317,NaN,0.0,0.0,0.0,0.0,0.0,0.0
879908101,30.94,80.543335,7.08619,0.0,0.0,0.0,0.0,0.0,0.0,4315.8657,4174.7363,-20.161343,0.0,0.0,0.0,0.0,0.0,0.0
87959Y103,46.426666,-81.36,-18.255238,0.0,0.0,0.0,0.0,0.0,0.0,3694.173,5429.7144,247.93446,0.0,0.0,0.0,0.0,0.0,0.0
87971Q104,47.716663,171.725,17.715479,0.0,0.0,0.0,0.0,0.0,0.0,268.95325,362.3432,13.341422,0.0,0.0,0.0,0.0,0.0,0.0
881451108,605.06,806.95996,28.842852,0.0,0.0,0.0,0.0,0.0,0.0,200.89249,288.03934,12.44955,0.0,0.0,0.0,0.0,0.0,0.0
881694103,24863.12,23730.078,-161.863,29951.01,NaN,NaN,16987.139,15422.145,-223.57059,8051.7876,8365.625,44.833916,7738.1245,NaN,NaN,8651.116,8345.226,-43.69866
882445109,53.14,35.91666,-2.460477,-28.07,NaN,NaN,61.27666,21.4,-5.6966662,707.0724,256.05826,-64.43059,233.85942,NaN,NaN,505.85373,241.9963,-37.693916
872424106,109.20333,149.49,5.755239,67.83,7.9300003,-7.4875,-64.27,NaN,NaN,201.96173,232.92134,4.4228015,239.19852,258.81073,2.4515266,260.82004,NaN,NaN
885184101,93.354996,63.66333,-4.2416663,0.0,0.0,0.0,0.0,0.0,0.0,1359.5369,1494.308,19.253017,0.0,0.0,0.0,0.0,0.0,0.0
889039103,314.61667,274.76,-5.6938086,352.9,279.192,-5.6698465,90.89333,98.18,1.0409524,1374.2922,788.86694,-83.63219,609.53827,500.12448,-8.416445,396.19046,385.5805,-1.5157079
889073201,163.27333,118.23667,-6.4338083,0.0,0.0,0.0,0.0,0.0,0.0,211.22333,38.14917,-24.72488,0.0,0.0,0.0,0.0,0.0,0.0
872962105,843.86993,540.07495,-43.399284,0.0,0.0,0.0,0.0,0.0,0.0,NaN,523.0425,NaN,0.0,0.0,0.0,0.0,0.0,0.0
891697104,106.13334,122.33501,2.314524,0.0,0.0,0.0,0.0,0.0,0.0,1638.5033,1960.9937,46.07005,0.0,0.0,0.0,0.0,0.0,0.0
891707101,838.54004,829.405,-1.3050014,0.0,0.0,0.0,0.0,0.0,0.0,74.46857,88.88251,2.0591342,0.0,0.0,0.0,0.0,0.0,0.0
89299Y009,110.90667,56.75,-7.736667,28.31,8.74,-3.2616665,0.0,0.0,0.0,NaN,NaN,NaN,NaN,NaN,NaN,0.0,0.0,0.0
892149105,121.90667,56.57667,-9.332857,0.0,0.0,0.0,0.0,0.0,0.0,236.73682,244.37128,1.0906372,0.0,0.0,0.0,0.0,0.0,0.0
89376N108,71.05667,55.22,-2.2623813,0.0,0.0,0.0,0.0,0.0,0.0,1810.8856,1972.4146,23.075562,0.0,0.0,0.0,0.0,0.0,0.0
893878108,98.55334,95.38,-0.45333427,0.0,0.0,0.0,0.0,0.0,0.0,79.5625,95.55063,2.2840183,0.0,0.0,0.0,0.0,0.0,0.0
894859107,56.33,66.35,1.4314281,0.0,0.0,0.0,0.0,0.0,0.0,467.54926,118.03463,-49.93066,0.0,0.0,0.0,0.0,0.0,0.0
896106200,183.29999,83.85,-14.207141,0.0,0.0,0.0,153.05,202.94,7.127143,1265.8534,1198.9708,-9.554652,0.0,0.0,0.0,459.2877,472.9078,1.945731
896925203,37.406666,29.036667,-1.1957141,0.0,0.0,0.0,0.0,0.0,0.0,118.43021,136.78096,2.6215363,0.0,0.0,0.0,0.0,0.0,0.0
89816T103,427.77664,204.48,-31.89952,0.0,0.0,0.0,448.79333,427.075,-3.1026175,866.0304,641.3342,-32.099453,0.0,0.0,0.0,718.64996,791.76404,10.444868
872918107,148.81334,114.784996,-4.8611917,0.0,0.0,0.0,0.0,0.0,0.0,449.0707,539.68317,12.944636,0.0,0.0,0.0,0.0,0.0,0.0
899900104,151.11667,153.23334,0.30238125,0.0,0.0,0.0,0.0,0.0,0.0,55.861248,51.295,-0.6523214,0.0,0.0,0.0,0.0,0.0,0.0
901167106,116.12667,101.363335,-2.1090481,0.0,0.0,0.0,0.0,0.0,0.0,1756.0192,1785.3427,4.1890693,0.0,0.0,0.0,0.0,0.0,0.0
87311M102,97.52,158.89667,8.768096,0.0,0.0,0.0,0.0,0.0,0.0,1845.5045,1943.0175,13.93042,0.0,0.0,0.0,0.0,0.0,0.0
90334D109,154.95332,162.09,1.0195247,0.0,0.0,0.0,0.0,0.0,0.0,195.53737,234.73807,5.6001,0.0,0.0,0.0,0.0,0.0,0.0
90333L201,146.55,49.293335,-13.893809,0.0,0.0,0.0,0.0,0.0,0.0,378.54083,353.8475,-3.5276184,0.0,0.0,0.0,0.0,0.0,0.0
911920106,242.47668,161.69334,-11.540477,354.965,331.365,-2.9500008,246.96999,288.96,5.9985723,240.77693,271.11548,4.3340783,235.182,247.19301,1.5013752,210.80272,173.55446,-5.32118
90331T107,175.17,NaN,NaN,0.0,0.0,0.0,0.0,0.0,0.0,93.01124,NaN,NaN,0.0,0.0,0.0,0.0,0.0,0.0
910047109,9905.353,8157.0664,-249.75516,12120.314,NaN,NaN,7542.19,7797.08,36.412876,2047.2759,2267.5745,31.471226,2123.7505,NaN,NaN,2689.5525,2408.741,-40.115932
902646108,140.69334,120.863335,-2.8328586,0.0,0.0,0.0,0.0,0.0,0.0,218.89024,183.82443,-5.009402,0.0,0.0,0.0,0.0,0.0,0.0
903849107,158.27,147.90001,-1.4814279,0.0,0.0,0.0,0.0,0.0,0.0,274.854,347.7109,10.408129,0.0,0.0,0.0,0.0,0.0,0.0
910858109,106.98334,-26.436668,-19.060001,-70.92,NaN,NaN,NaN,-1.31,NaN,40.699997,25.434002,-2.1808565,21.546,NaN,NaN,NaN,19.6625,NaN
35241Q107,NaN,130.26332,NaN,193.73923,183.67334,-0.37281063,237.62,235.83,-0.2557133,NaN,113.17802,NaN,46.911034,54.433197,0.27859864,87.670006,80.03083,-1.0913107
903293405,-738.17334,-751.2066,-1.8618948,0.0,0.0,0.0,691.83,681.085,-1.5349993,141.0221,242.70375,14.52595,0.0,0.0,0.0,231.43077,209.58966,-3.1201587
917311805,125.37333,98.925,-3.7783322,0.0,0.0,0.0,0.0,0.0,0.0,222.81046,249.43506,3.8035147,0.0,0.0,0.0,0.0,0.0,0.0
91972C106,172.23665,100.22,-10.288093,0.0,0.0,0.0,0.0,0.0,0.0,NaN,NaN,NaN,0.0,0.0,0.0,0.0,0.0,0.0
919902106,78.53,87.10999,1.2257135,0.0,0.0,0.0,0.0,0.0,0.0,709.78546,740.71716,4.4188147,0.0,0.0,0.0,0.0,0.0,0.0
494580103,879.875,524.17004,-50.814995,0.0,0.0,0.0,728.19,813.22,12.147139,179.76778,280.91156,14.449112,0.0,0.0,0.0,343.5491,312.40958,-4.448504
923275101,316.02664,197.59999,-16.918093,0.0,0.0,0.0,0.0,0.0,0.0,167.87517,220.6287,7.5362177,0.0,0.0,0.0,0.0,0.0,0.0
92335X100,88.23334,-145.4,-33.37619,0.0,0.0,0.0,0.0,0.0,0.0,4038.851,4188.405,21.364817,0.0,0.0,0.0,0.0,0.0,0.0
92336G106,306.0133,706.81665,57.25762,0.0,0.0,0.0,0.0,0.0,0.0,588.3397,606.6482,2.615496,0.0,0.0,0.0,0.0,0.0,0.0
925492100,155.42,-18.225,-24.806429,0.0,0.0,0.0,0.0,0.0,0.0,34.14959,45.73697,1.65534,0.0,0.0,0.0,0.0,0.0,0.0
92553H803,340.47,-40.23,-47.5875,0.0,0.0,0.0,0.0,0.0,0.0,317.40353,644.93,40.940807,0.0,0.0,0.0,0.0,0.0,0.0
925529208,302.80667,346.345,6.2197614,0.0,0.0,0.0,0.0,0.0,0.0,4174.837,4192.215,2.4825613,0.0,0.0,0.0,0.0,0.0,0.0
63845P101,47.63667,41.005,-0.94738114,0.0,0.0,0.0,28.053335,22.0,-0.8647622,43.47342,49.540646,0.8667466,0.0,0.0,0.0,46.51901,73.02459,3.7865117
92839U206,2172.69,1532.8049,-91.41215,0.0,0.0,0.0,0.0,0.0,0.0,981.4152,898.15015,-11.895011,0.0,0.0,0.0,0.0,0.0,0.0
928559103,165.27667,34.74,-18.648096,0.0,0.0,0.0,0.0,0.0,0.0,623.44977,568.59076,-7.8370013,0.0,0.0,0.0,0.0,0.0,0.0
38388F108,1402.9733,1239.79,-27.197205,1613.8984,1976.3016,9.536926,3488.55,3540.495,7.420724,653.2261,659.67554,1.0749105,712.3778,709.1888,-0.08392173,723.11285,669.7954,-7.616778
93369N109,920.2666,488.26,-61.71523,602.225,NaN,NaN,472.74332,545.47,10.389522,67.980545,77.29238,1.3302623,83.632126,NaN,NaN,87.88114,88.542015,0.09441049
934390402,736.9001,432.87332,-43.432396,0.0,0.0,0.0,494.30334,498.38,0.58238,218.8535,214.58336,-0.6100202,0.0,0.0,0.0,280.70596,271.1938,-1.3588823
938862208,652.79,1256.3934,86.229065,0.0,0.0,0.0,NaN,739.855,NaN,67.19425,83.72022,2.360853,0.0,0.0,0.0,NaN,131.93484,NaN
94769A101,-32.503334,-56.660004,-3.4509528,0.0,0.0,0.0,0.0,0.0,0.0,3694.173,5429.716,247.93468,0.0,0.0,0.0,0.0,0.0,0.0
94845V103,439.19,783.875,49.240715,0.0,0.0,0.0,0.0,0.0,0.0,87.46991,73.175385,-2.042075,0.0,0.0,0.0,0.0,0.0,0.0
948462106,59.456665,100.32,5.8376193,0.0,0.0,0.0,0.0,0.0,0.0,625.04755,632.84906,1.114502,0.0,0.0,0.0,0.0,0.0,0.0
948774104,343.38,NaN,NaN,0.0,0.0,0.0,0.0,0.0,0.0,815.06616,NaN,NaN,0.0,0.0,0.0,0.0,0.0,0.0
955465109,1375.48,1331.21,-6.3242884,0.0,0.0,0.0,1171.94,NaN,NaN,192.375,194.48616,0.30159432,0.0,0.0,0.0,233.54893,NaN,NaN
958043408,273.90665,-9.116667,-40.431904,472.135,NaN,NaN,138.08,155.565,2.4978573,886.4278,866.94495,-2.7832642,1140.9174,NaN,NaN,906.7132,676.84784,-32.83791
960878106,187.63335,137.76,-7.1247644,0.0,0.0,0.0,133.725,95.11,-5.5164294,171.49503,241.5559,10.008696,0.0,0.0,0.0,295.57623,302.46335,0.98387367
961238102,-136.34001,-187.145,-7.257856,0.0,0.0,0.0,0.0,0.0,0.0,9.68,10.2225,0.07749993,0.0,0.0,0.0,0.0,0.0,0.0
410315105,772.68,727.6233,-6.4366717,220.66602,257.79,3.7123992,101.05666,38.34,-8.959523,1327.3818,1653.8358,46.636284,1971.7284,2161.1968,18.946838,2526.1409,3551.285,146.44914
194831004,NaN,899.9601,NaN,1833.16,1557.73,-30.60334,1440.06,NaN,NaN,NaN,333.78876,NaN,57.990498,70.609634,1.4021263,67.8888,NaN,NaN
972218101,175.83,204.33,4.071429,268.6,255.67,-4.310003,147.7,115.386665,-4.6161904,160.35458,127.835,-4.645655,148.71823,164.34813,5.209966,192.24968,226.93253,4.9546924
974280307,1350.5333,1109.18,-34.47904,0.0,0.0,0.0,801.65,816.95996,2.1871338,1065.5704,1538.5171,67.563805,0.0,0.0,0.0,2477.9355,2225.0142,-36.131626
975515107,356.55334,582.685,32.304523,0.0,0.0,0.0,0.0,0.0,0.0,4174.837,4192.215,2.4825613,0.0,0.0,0.0,0.0,0.0,0.0
97652H109,34.856667,-36.435,-10.184525,0.0,0.0,0.0,0.0,0.0,0.0,1534.0681,1645.696,15.946847,0.0,0.0,0.0,0.0,0.0,0.0
98141A101,684.49,1259.07,82.08285,0.0,0.0,0.0,0.0,0.0,0.0,4174.836,4192.2153,2.4827707,0.0,0.0,0.0,0.0,0.0,0.0
981902109,95.67,163.46666,9.685237,60.15,NaN,NaN,0.0,0.0,0.0,182.04875,133.064,-6.9978223,338.1775,NaN,NaN,0.0,0.0,0.0
981579105,182.43666,97.56,-12.125237,0.0,0.0,0.0,0.0,0.0,0.0,192.49709,167.96675,-3.5043335,0.0,0.0,0.0,0.0,0.0,0.0
981907108,72.37333,70.26,-0.30190387,0.0,0.0,0.0,0.0,0.0,0.0,146.45668,210.24083,9.112021,0.0,0.0,0.0,0.0,0.0,0.0
894688100,66.41334,54.52,-1.6990482,44.556667,77.53,4.710476,20.676666,26.263334,0.7980954,530.4912,568.39996,5.415536,619.77,989.04254,52.753216,772.72,948.585,25.123579
98416J118,NaN,24.75,NaN,0.0,0.0,0.0,NaN,100.34,NaN,NaN,75.386665,NaN,0.0,0.0,0.0,NaN,41.693256,NaN
98417K106,2806.7468,2284.75,-74.57098,0.0,0.0,0.0,0.0,0.0,0.0,4192.215,4050.9814,-20.176199,0.0,0.0,0.0,0.0,0.0,0.0
989349105,263.53,NaN,NaN,0.0,0.0,0.0,0.0,0.0,0.0,1311.1986,NaN,NaN,0.0,0.0,0.0,0.0,0.0,0.0
20557T101,0.0,0.0,0.0,399.59,NaN,NaN,56.63,-66.31,-17.562857,0.0,0.0,0.0,83.39703,NaN,NaN,86.127426,93.98581,1.1226262
212072102,0.0,0.0,0.0,162.89,NaN,NaN,63.08,74.13,1.5785707,0.0,0.0,0.0,1291.553,NaN,NaN,910.29126,844.1015,-9.45568
086553104,0.0,0.0,0.0,0.0,0.0,0.0,NaN,346.43335,NaN,0.0,0.0,0.0,0.0,0.0,0.0,NaN,1176.2374,NaN
G3921A175,0.0,0.0,0.0,0.0,0.0,0.0,NaN,763.395,NaN,0.0,0.0,0.0,0.0,0.0,0.0,NaN,3546.5366,NaN
172936106,0.0,0.0,0.0,0.0,0.0,0.0,200.09334,187.725,-1.7669046,0.0,0.0,0.0,0.0,0.0,0.0,33.747395,57.165005,3.345373
457661106,0.0,0.0,0.0,0.0,0.0,0.0,NaN,121.759995,NaN,0.0,0.0,0.0,0.0,0.0,0.0,NaN,317.80588,NaN
44980Y305,0.0,0.0,0.0,0.0,0.0,0.0,NaN,174.735,NaN,0.0,0.0,0.0,0.0,0.0,0.0,NaN,247.24744,NaN
46624E405,0.0,0.0,0.0,0.0,0.0,0.0,120.16,92.35,-3.972858,0.0,0.0,0.0,0.0,0.0,0.0,61.78629,55.262806,-0.9319262
48577P106,0.0,0.0,0.0,0.0,0.0,0.0,NaN,101.84,NaN,0.0,0.0,0.0,0.0,0.0,0.0,NaN,624.36957,NaN
578349102,0.0,0.0,0.0,0.0,0.0,0.0,144.45,153.86,1.3442862,0.0,0.0,0.0,0.0,0.0,0.0,527.31573,642.24005,16.417759
586014102,0.0,0.0,0.0,0.0,0.0,0.0,357.8633,222.4,-19.351902,0.0,0.0,0.0,0.0,0.0,0.0,28.208818,29.032501,0.11766897
636317109,0.0,0.0,0.0,0.0,0.0,0.0,351.16,394.865,6.2435694,0.0,0.0,0.0,0.0,0.0,0.0,240.32042,208.99782,-4.4746575
70322A101,0.0,0.0,0.0,0.0,0.0,0.0,622.29004,484.80002,-19.641432,0.0,0.0,0.0,0.0,0.0,0.0,1145.4595,1211.612,9.45037
98387T103,0.0,0.0,0.0,0.0,0.0,0.0,88.46,NaN,NaN,0.0,0.0,0.0,0.0,0.0,0.0,1421.3087,NaN,NaN
71654J108,0.0,0.0,0.0,0.0,0.0,0.0,217.37,227.3,1.4185725,0.0,0.0,0.0,0.0,0.0,0.0,52.432663,73.545334,3.0160959
746276104,0.0,0.0,0.0,0.0,0.0,0.0,203.59332,NaN,NaN,0.0,0.0,0.0,0.0,0.0,0.0,495.07904,NaN,NaN
686857103,0.0,0.0,0.0,0.0,0.0,0.0,149.81,NaN,NaN,0.0,0.0,0.0,0.0,0.0,0.0,282.59332,NaN,NaN
761339100,0.0,0.0,0.0,0.0,0.0,0.0,463.32,571.07,15.392858,0.0,0.0,0.0,0.0,0.0,0.0,368.46313,373.37433,0.7015991
827056300,0.0,0.0,0.0,0.0,0.0,0.0,199.735,NaN,NaN,0.0,0.0,0.0,0.0,0.0,0.0,533.8848,NaN,NaN
834376501,0.0,0.0,0.0,0.0,0.0,0.0,1434.3833,925.66504,-72.674034,0.0,0.0,0.0,0.0,0.0,0.0,5259.025,5070.9634,-26.865932
817826209,0.0,0.0,0.0,0.0,0.0,0.0,-316.29,-382.015,-9.389287,0.0,0.0,0.0,0.0,0.0,0.0,1316.9291,1475.17,22.605852
849416201,0.0,0.0,0.0,0.0,0.0,0.0,140.84,137.07501,-0.53785485,0.0,0.0,0.0,0.0,0.0,0.0,86.80545,93.091995,0.89807785
893349837,0.0,0.0,0.0,0.0,0.0,0.0,1240.82,1120.7051,-17.159267,0.0,0.0,0.0,0.0,0.0,0.0,1206.1005,1343.6437,19.64903
988858106,0.0,0.0,0.0,0.0,0.0,0.0,472.17334,473.32333,0.16428484,0.0,0.0,0.0,0.0,0.0,0.0,99.30217,115.64479,2.33466
